/*--------------------------------*- C++ -*----------------------------------*\
  =========                 |
  \\      /  F ield         | OpenFOAM: The Open Source CFD Toolbox
   \\    /   O peration     | Website:  https://openfoam.org
    \\  /    A nd           | Version:  11
     \\/     M anipulation  |
\*---------------------------------------------------------------------------*/
FoamFile
{
    format      ascii;
    class       volScalarField;
    location    "600";
    object      k;
}
// * * * * * * * * * * * * * * * * * * * * * * * * * * * * * * * * * * * * * //

dimensions      [0 2 -2 0 0 0 0];

internalField   nonuniform List<scalar> 
5000
(
1.11199
1.03207
1.04116
1.08026
1.08347
1.11369
1.03259
1.02823
1.04081
1.04187
1.04297
1.04343
1.04355
1.04351
1.08195
1.08418
1.1138
1.11595
1.11641
1.03331
1.0284
1.02828
1.02833
1.02836
1.02836
1.02835
1.02834
1.02833
1.02831
1.0283
1.02829
1.0283
1.02831
1.02833
1.02834
1.02835
1.02834
1.02833
1.02845
1.04057
1.04168
1.0428
1.04328
1.04343
1.04349
1.04352
1.04354
1.04356
1.04357
1.04357
1.04357
1.04358
1.04358
1.04358
1.04358
1.04358
1.04358
1.04358
1.04358
1.04359
1.04359
1.04359
1.04359
1.04359
1.0436
1.0436
1.0436
1.0436
1.0436
1.0436
1.0436
1.0436
1.0436
1.0436
1.0436
1.0436
1.0436
1.0436
1.04361
1.04361
1.04361
1.04361
1.04361
1.04361
1.04361
1.04361
1.04361
1.0436
1.0436
1.0436
1.0436
1.0436
1.0436
1.0436
1.0436
1.0436
1.0436
1.0436
1.04358
1.04356
0.94501
0.936858
0.932962
0.93742
0.938402
0.944693
0.936902
0.935643
0.932883
0.932417
0.932602
0.932747
0.932801
0.932743
0.937777
0.938642
0.944787
0.946184
0.946531
0.937385
0.935811
0.935619
0.935602
0.935597
0.935588
0.935581
0.935578
0.935579
0.935575
0.935575
0.935571
0.935571
0.93557
0.935576
0.935583
0.935591
0.935595
0.93559
0.935587
0.932879
0.932395
0.932566
0.932707
0.932765
0.932788
0.932798
0.932805
0.932808
0.93281
0.932811
0.932811
0.932812
0.932813
0.932813
0.932814
0.932815
0.932817
0.932817
0.932819
0.93282
0.932821
0.932822
0.932823
0.932824
0.932825
0.932826
0.932827
0.932827
0.932828
0.932828
0.932828
0.932828
0.932828
0.932828
0.932829
0.932828
0.932828
0.932828
0.932828
0.932828
0.932828
0.932827
0.932827
0.932827
0.932827
0.932827
0.932826
0.932826
0.932826
0.932826
0.932826
0.932825
0.932825
0.932825
0.932825
0.932825
0.932825
0.932825
0.932818
0.932758
0.882945
0.882469
0.880702
0.880723
0.880662
0.882324
0.882456
0.882536
0.880731
0.880372
0.880397
0.88046
0.880504
0.880505
0.880863
0.880795
0.882423
0.882878
0.882996
0.882705
0.882728
0.882758
0.882793
0.882816
0.882824
0.882826
0.882824
0.882823
0.882819
0.882817
0.882813
0.882812
0.882811
0.882817
0.882824
0.882832
0.882837
0.882833
0.882759
0.880854
0.880434
0.880423
0.88047
0.880504
0.880523
0.880531
0.880534
0.880535
0.880536
0.880536
0.880537
0.880537
0.880538
0.880538
0.880539
0.88054
0.880541
0.880542
0.880543
0.880544
0.880546
0.880546
0.880547
0.880548
0.880548
0.880548
0.880549
0.880549
0.880549
0.880548
0.880548
0.880548
0.880548
0.880547
0.880547
0.880546
0.880546
0.880546
0.880545
0.880545
0.880544
0.880544
0.880543
0.880543
0.880543
0.880542
0.880542
0.880542
0.880542
0.880542
0.880541
0.880541
0.880541
0.880541
0.880542
0.880542
0.880542
0.880542
0.880541
0.88054
0.836131
0.8362
0.835753
0.835493
0.83537
0.835736
0.836137
0.836291
0.835771
0.835687
0.835719
0.835767
0.835808
0.835812
0.835622
0.83548
0.835822
0.835907
0.83594
0.836269
0.836436
0.836498
0.836544
0.836577
0.836597
0.836607
0.836611
0.836612
0.83661
0.836608
0.836605
0.836604
0.836603
0.836606
0.83661
0.836616
0.836619
0.836617
0.83656
0.835941
0.835792
0.835782
0.835807
0.835834
0.835852
0.835862
0.835867
0.835869
0.835871
0.835872
0.835873
0.835874
0.835875
0.835876
0.835877
0.835878
0.835879
0.83588
0.835881
0.835882
0.835883
0.835884
0.835884
0.835885
0.835885
0.835885
0.835885
0.835884
0.835884
0.835883
0.835883
0.835882
0.835881
0.83588
0.835879
0.835878
0.835878
0.835877
0.835876
0.835875
0.835875
0.835874
0.835873
0.835873
0.835873
0.835872
0.835872
0.835872
0.835872
0.835871
0.835871
0.835871
0.835871
0.835872
0.835872
0.835872
0.835872
0.835872
0.835873
0.835865
0.793611
0.79362
0.793526
0.793398
0.793335
0.793381
0.793528
0.793592
0.793497
0.793507
0.793542
0.793582
0.793621
0.793627
0.793505
0.793428
0.793456
0.793447
0.793454
0.793614
0.793695
0.793735
0.793773
0.793807
0.793831
0.793846
0.793855
0.793859
0.79386
0.79386
0.793859
0.793858
0.793858
0.793859
0.793861
0.793865
0.793867
0.793867
0.793835
0.793679
0.793637
0.793632
0.793647
0.793668
0.793685
0.793696
0.793704
0.793708
0.793711
0.793714
0.793716
0.793717
0.793719
0.79372
0.793721
0.793722
0.793724
0.793725
0.793726
0.793727
0.793728
0.793728
0.793728
0.793729
0.793729
0.793728
0.793728
0.793727
0.793727
0.793726
0.793725
0.793723
0.793722
0.79372
0.793719
0.793718
0.793717
0.793715
0.793714
0.793713
0.793712
0.793712
0.793711
0.79371
0.79371
0.793709
0.793709
0.793709
0.793709
0.793709
0.793709
0.793709
0.793709
0.793709
0.793709
0.79371
0.79371
0.79371
0.793711
0.793694
0.753133
0.753109
0.753074
0.753017
0.752985
0.75297
0.753002
0.753018
0.753011
0.753029
0.753054
0.753086
0.753119
0.753131
0.753086
0.753053
0.753032
0.753014
0.753014
0.753067
0.753095
0.753117
0.753145
0.753174
0.753198
0.753216
0.753228
0.753236
0.753239
0.753242
0.753242
0.753243
0.753243
0.753244
0.753245
0.753248
0.75325
0.753251
0.753235
0.753193
0.753173
0.753164
0.753171
0.753185
0.753199
0.753211
0.753219
0.753225
0.75323
0.753233
0.753236
0.753238
0.75324
0.753242
0.753244
0.753245
0.753246
0.753248
0.753249
0.75325
0.753251
0.753251
0.753252
0.753252
0.753252
0.753251
0.75325
0.753249
0.753248
0.753247
0.753245
0.753244
0.753242
0.75324
0.753238
0.753237
0.753235
0.753233
0.753232
0.753231
0.75323
0.753229
0.753228
0.753227
0.753226
0.753226
0.753226
0.753225
0.753225
0.753225
0.753225
0.753225
0.753225
0.753226
0.753226
0.753226
0.753227
0.753227
0.753228
0.753211
0.714061
0.714034
0.714006
0.713971
0.713947
0.713925
0.713922
0.713921
0.713922
0.713932
0.713947
0.71397
0.713997
0.714012
0.714002
0.713989
0.713971
0.713958
0.713957
0.71397
0.713979
0.713992
0.714012
0.714036
0.714059
0.714078
0.714091
0.714101
0.714107
0.714111
0.714113
0.714115
0.714116
0.714117
0.714118
0.714121
0.714123
0.714125
0.714118
0.7141
0.714083
0.714071
0.71407
0.714078
0.714089
0.7141
0.714108
0.714115
0.71412
0.714125
0.714128
0.714131
0.714134
0.714136
0.714138
0.71414
0.714142
0.714143
0.714145
0.714146
0.714147
0.714147
0.714148
0.714148
0.714147
0.714147
0.714146
0.714144
0.714143
0.714141
0.714139
0.714137
0.714135
0.714133
0.714131
0.714129
0.714127
0.714125
0.714123
0.714122
0.71412
0.714119
0.714118
0.714117
0.714116
0.714116
0.714116
0.714115
0.714115
0.714115
0.714115
0.714115
0.714116
0.714116
0.714116
0.714117
0.714117
0.714117
0.714118
0.714105
0.676218
0.676194
0.676169
0.676142
0.676119
0.676098
0.676085
0.676078
0.676076
0.676079
0.676087
0.676102
0.676123
0.676138
0.676141
0.676136
0.676125
0.676117
0.676115
0.676117
0.67612
0.676128
0.676143
0.676162
0.676182
0.6762
0.676215
0.676226
0.676233
0.676239
0.676243
0.676245
0.676247
0.676249
0.676251
0.676253
0.676256
0.676259
0.676255
0.676245
0.67623
0.676217
0.676212
0.676216
0.676224
0.676232
0.67624
0.676247
0.676253
0.676258
0.676262
0.676266
0.676269
0.676272
0.676274
0.676276
0.676279
0.67628
0.676282
0.676283
0.676284
0.676285
0.676285
0.676285
0.676285
0.676284
0.676283
0.676281
0.67628
0.676277
0.676275
0.676273
0.67627
0.676268
0.676265
0.676263
0.67626
0.676258
0.676256
0.676255
0.676253
0.676252
0.676251
0.67625
0.676249
0.676248
0.676248
0.676247
0.676247
0.676247
0.676247
0.676248
0.676248
0.676248
0.676249
0.676249
0.676249
0.67625
0.67625
0.676242
0.639587
0.639568
0.639547
0.639523
0.639501
0.639481
0.639466
0.639457
0.639451
0.639449
0.639452
0.639462
0.639477
0.63949
0.639497
0.639496
0.63949
0.639485
0.639482
0.639482
0.639483
0.639488
0.639499
0.639514
0.639531
0.639548
0.639562
0.639573
0.639582
0.639588
0.639593
0.639597
0.639599
0.639602
0.639604
0.639607
0.63961
0.639613
0.639613
0.639606
0.639594
0.639583
0.639577
0.639577
0.639582
0.639588
0.639596
0.639602
0.639608
0.639613
0.639618
0.639622
0.639626
0.639629
0.639632
0.639635
0.639637
0.63964
0.639642
0.639643
0.639644
0.639645
0.639646
0.639646
0.639645
0.639644
0.639643
0.639641
0.639639
0.639637
0.639634
0.639631
0.639629
0.639626
0.639623
0.63962
0.639617
0.639615
0.639613
0.639611
0.639609
0.639608
0.639606
0.639605
0.639604
0.639604
0.639603
0.639603
0.639603
0.639603
0.639603
0.639603
0.639603
0.639604
0.639604
0.639604
0.639605
0.639605
0.639606
0.6396
0.604223
0.604209
0.604191
0.604171
0.604151
0.604132
0.604116
0.604106
0.604098
0.604093
0.604093
0.604098
0.604108
0.604119
0.604126
0.604128
0.604125
0.604121
0.604118
0.604117
0.604118
0.604121
0.604128
0.60414
0.604154
0.604169
0.604182
0.604193
0.604202
0.604209
0.604215
0.604219
0.604222
0.604225
0.604228
0.604231
0.604234
0.604238
0.60424
0.604236
0.604228
0.604219
0.604212
0.604211
0.604214
0.604219
0.604225
0.604231
0.604237
0.604242
0.604247
0.604252
0.604256
0.60426
0.604263
0.604266
0.604269
0.604272
0.604274
0.604276
0.604277
0.604278
0.604279
0.604279
0.604278
0.604277
0.604276
0.604274
0.604272
0.604269
0.604267
0.604264
0.60426
0.604257
0.604254
0.604251
0.604248
0.604246
0.604243
0.604241
0.604239
0.604237
0.604236
0.604235
0.604234
0.604233
0.604233
0.604232
0.604232
0.604232
0.604232
0.604232
0.604233
0.604233
0.604233
0.604234
0.604234
0.604234
0.604235
0.604231
0.570223
0.570212
0.570197
0.57018
0.570162
0.570145
0.57013
0.570118
0.570109
0.570103
0.5701
0.570101
0.570108
0.570116
0.570122
0.570124
0.570123
0.570121
0.570118
0.570117
0.570117
0.570119
0.570124
0.570133
0.570144
0.570157
0.570168
0.570179
0.570188
0.570195
0.570201
0.570205
0.570209
0.570213
0.570216
0.570219
0.570223
0.570227
0.57023
0.570229
0.570224
0.570217
0.570211
0.570209
0.57021
0.570214
0.570219
0.570224
0.57023
0.570235
0.570241
0.570245
0.57025
0.570254
0.570258
0.570262
0.570265
0.570268
0.570271
0.570273
0.570275
0.570276
0.570277
0.570277
0.570276
0.570276
0.570274
0.570272
0.57027
0.570267
0.570264
0.570261
0.570257
0.570254
0.570251
0.570247
0.570244
0.570241
0.570239
0.570236
0.570234
0.570233
0.570231
0.57023
0.570229
0.570228
0.570227
0.570227
0.570227
0.570227
0.570227
0.570227
0.570227
0.570228
0.570228
0.570228
0.570229
0.570229
0.570229
0.570227
0.537702
0.537693
0.537682
0.537668
0.537652
0.537636
0.537622
0.53761
0.537601
0.537593
0.537588
0.537587
0.53759
0.537596
0.537601
0.537603
0.537603
0.537602
0.537599
0.537598
0.537598
0.537599
0.537602
0.537608
0.537617
0.537627
0.537637
0.537647
0.537655
0.537662
0.537668
0.537673
0.537677
0.53768
0.537684
0.537688
0.537691
0.537696
0.537699
0.5377
0.537698
0.537693
0.537689
0.537687
0.537687
0.53769
0.537694
0.537699
0.537704
0.537709
0.537715
0.53772
0.537725
0.537729
0.537734
0.537738
0.537742
0.537745
0.537748
0.53775
0.537753
0.537754
0.537755
0.537756
0.537755
0.537755
0.537753
0.537751
0.537749
0.537746
0.537743
0.537739
0.537736
0.537732
0.537729
0.537725
0.537722
0.537719
0.537716
0.537713
0.537711
0.537709
0.537708
0.537706
0.537705
0.537705
0.537704
0.537704
0.537703
0.537703
0.537703
0.537704
0.537704
0.537704
0.537704
0.537704
0.537705
0.537705
0.537705
0.537703
0.506792
0.506786
0.506777
0.506765
0.506752
0.506738
0.506724
0.506713
0.506703
0.506695
0.506689
0.506686
0.506686
0.506689
0.506693
0.506695
0.506695
0.506694
0.506692
0.506691
0.50669
0.50669
0.506692
0.506697
0.506703
0.506711
0.50672
0.506728
0.506735
0.506742
0.506747
0.506752
0.506756
0.50676
0.506763
0.506767
0.506771
0.506776
0.50678
0.506782
0.506782
0.506779
0.506776
0.506775
0.506775
0.506777
0.50678
0.506784
0.506789
0.506795
0.5068
0.506805
0.50681
0.506815
0.50682
0.506825
0.506829
0.506833
0.506836
0.506839
0.506842
0.506844
0.506845
0.506846
0.506846
0.506845
0.506844
0.506842
0.506839
0.506836
0.506833
0.50683
0.506826
0.506822
0.506819
0.506815
0.506811
0.506808
0.506805
0.506803
0.5068
0.506798
0.506797
0.506795
0.506794
0.506793
0.506793
0.506792
0.506792
0.506792
0.506792
0.506792
0.506792
0.506792
0.506793
0.506793
0.506793
0.506793
0.506793
0.506792
0.477632
0.477627
0.47762
0.47761
0.477599
0.477587
0.477575
0.477564
0.477554
0.477546
0.477539
0.477534
0.477533
0.477534
0.477536
0.477537
0.477537
0.477536
0.477535
0.477533
0.477532
0.477532
0.477533
0.477536
0.47754
0.477547
0.477553
0.47756
0.477566
0.477572
0.477577
0.477581
0.477585
0.477589
0.477592
0.477596
0.4776
0.477605
0.477609
0.477613
0.477614
0.477613
0.477612
0.477611
0.477611
0.477612
0.477615
0.477619
0.477624
0.477629
0.477634
0.47764
0.477645
0.477651
0.477656
0.477661
0.477665
0.47767
0.477674
0.477677
0.47768
0.477682
0.477684
0.477685
0.477685
0.477685
0.477684
0.477682
0.47768
0.477677
0.477673
0.47767
0.477666
0.477662
0.477658
0.477655
0.477651
0.477648
0.477645
0.477642
0.47764
0.477638
0.477636
0.477634
0.477633
0.477632
0.477632
0.477631
0.477631
0.477631
0.477631
0.477631
0.477631
0.477631
0.477631
0.477631
0.477631
0.477631
0.477632
0.477631
0.450362
0.450357
0.450352
0.450344
0.450335
0.450324
0.450313
0.450303
0.450294
0.450286
0.450278
0.450273
0.45027
0.450269
0.45027
0.45027
0.45027
0.450269
0.450267
0.450266
0.450265
0.450264
0.450264
0.450266
0.450269
0.450273
0.450278
0.450283
0.450288
0.450293
0.450297
0.450301
0.450304
0.450308
0.450311
0.450315
0.450319
0.450324
0.450328
0.450332
0.450335
0.450335
0.450335
0.450335
0.450336
0.450337
0.45034
0.450343
0.450348
0.450353
0.450358
0.450364
0.450369
0.450375
0.450381
0.450386
0.450391
0.450396
0.4504
0.450404
0.450408
0.45041
0.450412
0.450414
0.450415
0.450414
0.450414
0.450412
0.45041
0.450407
0.450404
0.4504
0.450396
0.450392
0.450388
0.450385
0.450381
0.450378
0.450375
0.450372
0.450369
0.450367
0.450365
0.450364
0.450363
0.450362
0.450361
0.45036
0.45036
0.45036
0.45036
0.45036
0.45036
0.45036
0.45036
0.45036
0.45036
0.45036
0.45036
0.450359
0.425118
0.425115
0.425111
0.425105
0.425097
0.425088
0.425078
0.425069
0.425061
0.425052
0.425045
0.425039
0.425035
0.425032
0.425032
0.425031
0.42503
0.425029
0.425027
0.425026
0.425025
0.425023
0.425023
0.425024
0.425025
0.425028
0.425031
0.425035
0.425039
0.425042
0.425046
0.425049
0.425052
0.425055
0.425058
0.425061
0.425065
0.42507
0.425075
0.425079
0.425082
0.425084
0.425085
0.425086
0.425087
0.425088
0.425091
0.425095
0.425099
0.425104
0.425109
0.425115
0.425121
0.425127
0.425132
0.425138
0.425144
0.425149
0.425154
0.425158
0.425162
0.425165
0.425168
0.42517
0.425171
0.425171
0.425171
0.425169
0.425167
0.425164
0.425161
0.425158
0.425154
0.42515
0.425146
0.425142
0.425139
0.425135
0.425132
0.425129
0.425127
0.425125
0.425123
0.425121
0.42512
0.425119
0.425118
0.425117
0.425117
0.425117
0.425116
0.425116
0.425116
0.425116
0.425116
0.425116
0.425116
0.425116
0.425116
0.425116
0.402033
0.402031
0.402027
0.402022
0.402016
0.402008
0.402
0.401992
0.401984
0.401976
0.401969
0.401962
0.401957
0.401954
0.401952
0.401951
0.401949
0.401948
0.401946
0.401944
0.401943
0.401941
0.40194
0.40194
0.40194
0.401942
0.401944
0.401946
0.401949
0.401951
0.401953
0.401955
0.401958
0.40196
0.401963
0.401966
0.40197
0.401974
0.401979
0.401984
0.401987
0.40199
0.401992
0.401993
0.401995
0.401997
0.402
0.402003
0.402008
0.402012
0.402018
0.402024
0.40203
0.402036
0.402042
0.402048
0.402054
0.40206
0.402065
0.40207
0.402075
0.402079
0.402082
0.402084
0.402085
0.402086
0.402086
0.402085
0.402083
0.40208
0.402077
0.402074
0.40207
0.402066
0.402062
0.402059
0.402055
0.402051
0.402048
0.402045
0.402043
0.402041
0.402039
0.402037
0.402036
0.402034
0.402034
0.402033
0.402032
0.402032
0.402032
0.402031
0.402031
0.402031
0.402031
0.402031
0.402031
0.402031
0.402031
0.402031
0.381227
0.381225
0.381222
0.381218
0.381213
0.381207
0.3812
0.381192
0.381185
0.381178
0.38117
0.381164
0.381159
0.381155
0.381152
0.381149
0.381147
0.381145
0.381143
0.381141
0.381139
0.381138
0.381136
0.381135
0.381135
0.381135
0.381136
0.381137
0.381138
0.381139
0.38114
0.381141
0.381143
0.381145
0.381147
0.38115
0.381153
0.381157
0.381162
0.381167
0.381171
0.381174
0.381177
0.381179
0.381181
0.381184
0.381187
0.38119
0.381195
0.3812
0.381205
0.381211
0.381217
0.381224
0.38123
0.381237
0.381243
0.381249
0.381255
0.381261
0.381266
0.38127
0.381274
0.381276
0.381278
0.381279
0.38128
0.381279
0.381277
0.381275
0.381272
0.381269
0.381265
0.381261
0.381257
0.381254
0.38125
0.381246
0.381243
0.38124
0.381238
0.381235
0.381233
0.381232
0.38123
0.381229
0.381228
0.381227
0.381227
0.381226
0.381226
0.381226
0.381225
0.381225
0.381225
0.381225
0.381225
0.381225
0.381225
0.381225
0.362807
0.362805
0.362803
0.3628
0.362796
0.36279
0.362784
0.362778
0.362771
0.362764
0.362757
0.362751
0.362745
0.362741
0.362737
0.362734
0.362731
0.362729
0.362726
0.362724
0.362722
0.36272
0.362718
0.362717
0.362715
0.362715
0.362714
0.362714
0.362714
0.362714
0.362714
0.362714
0.362715
0.362716
0.362718
0.36272
0.362723
0.362727
0.362732
0.362736
0.362741
0.362745
0.362748
0.362751
0.362754
0.362756
0.36276
0.362763
0.362768
0.362773
0.362778
0.362784
0.362791
0.362797
0.362804
0.362811
0.362818
0.362824
0.362831
0.362837
0.362842
0.362847
0.362851
0.362855
0.362857
0.362859
0.362859
0.362859
0.362857
0.362855
0.362853
0.36285
0.362846
0.362842
0.362839
0.362835
0.362831
0.362828
0.362824
0.362821
0.362819
0.362816
0.362814
0.362813
0.362811
0.36281
0.362809
0.362808
0.362807
0.362807
0.362806
0.362806
0.362806
0.362805
0.362805
0.362805
0.362805
0.362805
0.362805
0.362805
0.346865
0.346863
0.346861
0.346859
0.346856
0.346851
0.346846
0.34684
0.346834
0.346828
0.346821
0.346815
0.346809
0.346804
0.3468
0.346796
0.346793
0.34679
0.346788
0.346785
0.346783
0.34678
0.346778
0.346776
0.346774
0.346773
0.346771
0.34677
0.346769
0.346768
0.346767
0.346766
0.346766
0.346766
0.346768
0.346769
0.346772
0.346775
0.34678
0.346784
0.346789
0.346793
0.346797
0.3468
0.346804
0.346807
0.34681
0.346814
0.346819
0.346824
0.346829
0.346835
0.346842
0.346849
0.346856
0.346863
0.34687
0.346877
0.346884
0.346891
0.346897
0.346902
0.346907
0.346911
0.346914
0.346916
0.346917
0.346917
0.346916
0.346914
0.346911
0.346908
0.346905
0.346901
0.346898
0.346894
0.34689
0.346887
0.346884
0.346881
0.346878
0.346876
0.346873
0.346872
0.34687
0.346869
0.346868
0.346867
0.346866
0.346865
0.346865
0.346864
0.346864
0.346864
0.346864
0.346863
0.346863
0.346863
0.346863
0.346863
0.333477
0.333476
0.333474
0.333472
0.333469
0.333466
0.333461
0.333456
0.333451
0.333445
0.333439
0.333433
0.333427
0.333421
0.333417
0.333413
0.333409
0.333406
0.333403
0.3334
0.333397
0.333395
0.333392
0.33339
0.333388
0.333385
0.333383
0.333381
0.333379
0.333377
0.333375
0.333373
0.333372
0.333372
0.333372
0.333374
0.333376
0.333379
0.333383
0.333387
0.333392
0.333396
0.3334
0.333404
0.333408
0.333412
0.333415
0.33342
0.333424
0.333429
0.333435
0.333441
0.333448
0.333455
0.333462
0.33347
0.333477
0.333485
0.333492
0.333499
0.333506
0.333512
0.333517
0.333521
0.333525
0.333527
0.333528
0.333528
0.333528
0.333526
0.333524
0.333521
0.333518
0.333514
0.333511
0.333507
0.333504
0.3335
0.333497
0.333494
0.333491
0.333489
0.333487
0.333485
0.333483
0.333482
0.333481
0.33348
0.333479
0.333478
0.333478
0.333477
0.333477
0.333476
0.333476
0.333476
0.333476
0.333476
0.333476
0.333476
0.322703
0.322702
0.322701
0.322699
0.322697
0.322694
0.32269
0.322685
0.322681
0.322675
0.322669
0.322663
0.322657
0.322652
0.322647
0.322643
0.322638
0.322635
0.322632
0.322629
0.322626
0.322623
0.322621
0.322618
0.322615
0.322612
0.322609
0.322606
0.322603
0.3226
0.322597
0.322595
0.322593
0.322592
0.322592
0.322593
0.322595
0.322597
0.322601
0.322605
0.32261
0.322614
0.322619
0.322623
0.322627
0.322631
0.322635
0.32264
0.322644
0.322649
0.322655
0.322661
0.322668
0.322675
0.322683
0.32269
0.322698
0.322706
0.322714
0.322721
0.322728
0.322735
0.322741
0.322745
0.322749
0.322752
0.322754
0.322754
0.322754
0.322753
0.322751
0.322748
0.322745
0.322741
0.322738
0.322734
0.322731
0.322727
0.322724
0.322721
0.322718
0.322716
0.322714
0.322712
0.32271
0.322709
0.322707
0.322706
0.322706
0.322705
0.322704
0.322704
0.322703
0.322703
0.322703
0.322703
0.322702
0.322702
0.322702
0.322702
0.314588
0.314587
0.314586
0.314585
0.314583
0.31458
0.314577
0.314573
0.314568
0.314563
0.314558
0.314552
0.314546
0.314541
0.314536
0.314531
0.314526
0.314523
0.314519
0.314516
0.314513
0.31451
0.314508
0.314505
0.314502
0.314498
0.314495
0.314491
0.314487
0.314483
0.31448
0.314476
0.314474
0.314472
0.314472
0.314472
0.314473
0.314476
0.314479
0.314483
0.314488
0.314493
0.314497
0.314502
0.314506
0.31451
0.314515
0.314519
0.314524
0.314529
0.314535
0.314541
0.314548
0.314555
0.314563
0.314571
0.314579
0.314587
0.314595
0.314603
0.31461
0.314617
0.314623
0.314629
0.314633
0.314636
0.314638
0.314639
0.314639
0.314638
0.314636
0.314633
0.31463
0.314627
0.314624
0.31462
0.314617
0.314613
0.31461
0.314607
0.314604
0.314602
0.3146
0.314598
0.314596
0.314594
0.314593
0.314592
0.314591
0.31459
0.31459
0.314589
0.314589
0.314589
0.314588
0.314588
0.314588
0.314588
0.314588
0.314588
0.309163
0.309163
0.309162
0.309161
0.309159
0.309157
0.309154
0.30915
0.309146
0.309141
0.309136
0.30913
0.309124
0.309119
0.309114
0.309109
0.309104
0.3091
0.309097
0.309093
0.309091
0.309088
0.309085
0.309082
0.309079
0.309075
0.309071
0.309067
0.309062
0.309058
0.309053
0.309049
0.309046
0.309044
0.309043
0.309043
0.309044
0.309046
0.309049
0.309053
0.309058
0.309062
0.309067
0.309071
0.309076
0.30908
0.309085
0.309089
0.309094
0.309099
0.309105
0.309111
0.309118
0.309126
0.309133
0.309141
0.30915
0.309158
0.309167
0.309175
0.309183
0.30919
0.309196
0.309202
0.309206
0.30921
0.309212
0.309213
0.309214
0.309213
0.309211
0.309209
0.309206
0.309203
0.309199
0.309196
0.309192
0.309189
0.309186
0.309183
0.30918
0.309177
0.309175
0.309173
0.309171
0.30917
0.309169
0.309168
0.309167
0.309166
0.309165
0.309165
0.309164
0.309164
0.309164
0.309164
0.309163
0.309163
0.309163
0.309163
0.306448
0.306448
0.306447
0.306446
0.306444
0.306442
0.306439
0.306436
0.306432
0.306427
0.306422
0.306417
0.306411
0.306406
0.3064
0.306395
0.306391
0.306387
0.306383
0.30638
0.306377
0.306374
0.306372
0.306369
0.306365
0.306361
0.306357
0.306352
0.306347
0.306342
0.306337
0.306332
0.306329
0.306326
0.306324
0.306324
0.306325
0.306327
0.30633
0.306334
0.306338
0.306343
0.306347
0.306352
0.306357
0.306361
0.306366
0.30637
0.306375
0.30638
0.306386
0.306392
0.306399
0.306406
0.306414
0.306422
0.306431
0.306439
0.306448
0.306456
0.306465
0.306472
0.306479
0.306485
0.306489
0.306493
0.306496
0.306497
0.306497
0.306497
0.306495
0.306493
0.30649
0.306487
0.306484
0.30648
0.306477
0.306474
0.306471
0.306468
0.306465
0.306462
0.30646
0.306458
0.306456
0.306455
0.306453
0.306452
0.306451
0.306451
0.30645
0.30645
0.306449
0.306449
0.306449
0.306448
0.306448
0.306448
0.306448
0.306448
0.306463
0.306462
0.306462
0.306461
0.306459
0.306457
0.306455
0.306451
0.306447
0.306443
0.306438
0.306432
0.306427
0.306421
0.306416
0.306411
0.306407
0.306403
0.306399
0.306396
0.306394
0.306391
0.306388
0.306385
0.306382
0.306377
0.306373
0.306368
0.306362
0.306357
0.306351
0.306346
0.306342
0.306339
0.306337
0.306337
0.306337
0.306339
0.306342
0.306345
0.30635
0.306354
0.306359
0.306364
0.306368
0.306373
0.306377
0.306382
0.306387
0.306392
0.306397
0.306403
0.30641
0.306417
0.306425
0.306434
0.306442
0.306451
0.30646
0.306468
0.306477
0.306484
0.306491
0.306497
0.306502
0.306506
0.306509
0.306511
0.306511
0.30651
0.306509
0.306507
0.306504
0.306501
0.306498
0.306495
0.306491
0.306488
0.306485
0.306482
0.306479
0.306477
0.306474
0.306472
0.306471
0.306469
0.306468
0.306467
0.306466
0.306465
0.306464
0.306464
0.306463
0.306463
0.306463
0.306463
0.306463
0.306463
0.306463
0.306463
0.309207
0.309207
0.309206
0.309205
0.309203
0.309201
0.309199
0.309195
0.309191
0.309187
0.309182
0.309177
0.309171
0.309166
0.30916
0.309156
0.309151
0.309148
0.309144
0.309142
0.309139
0.309137
0.309134
0.309131
0.309128
0.309123
0.309119
0.309113
0.309107
0.309101
0.309096
0.30909
0.309086
0.309083
0.309081
0.30908
0.30908
0.309082
0.309085
0.309088
0.309092
0.309097
0.309102
0.309106
0.309111
0.309115
0.30912
0.309124
0.309129
0.309134
0.309139
0.309145
0.309152
0.309159
0.309167
0.309175
0.309184
0.309193
0.309202
0.30921
0.309219
0.309226
0.309233
0.30924
0.309245
0.309249
0.309251
0.309253
0.309254
0.309253
0.309252
0.30925
0.309247
0.309244
0.309241
0.309238
0.309235
0.309231
0.309228
0.309225
0.309222
0.30922
0.309218
0.309216
0.309214
0.309213
0.309211
0.30921
0.309209
0.309208
0.309208
0.309207
0.309207
0.309207
0.309207
0.309206
0.309206
0.309206
0.309206
0.309206
0.314659
0.314659
0.314658
0.314657
0.314655
0.314653
0.314651
0.314647
0.314643
0.314638
0.314633
0.314628
0.314622
0.314617
0.314612
0.314607
0.314604
0.3146
0.314597
0.314595
0.314593
0.31459
0.314588
0.314585
0.314582
0.314577
0.314572
0.314567
0.314561
0.314554
0.314548
0.314543
0.314538
0.314535
0.314533
0.314532
0.314533
0.314534
0.314537
0.31454
0.314544
0.314549
0.314553
0.314558
0.314562
0.314567
0.314571
0.314575
0.314579
0.314584
0.314589
0.314595
0.314602
0.314609
0.314617
0.314625
0.314634
0.314643
0.314652
0.31466
0.314669
0.314677
0.314684
0.31469
0.314695
0.314699
0.314702
0.314704
0.314704
0.314704
0.314702
0.3147
0.314698
0.314695
0.314692
0.314689
0.314685
0.314682
0.314679
0.314676
0.314673
0.314671
0.314669
0.314667
0.314665
0.314664
0.314662
0.314661
0.31466
0.31466
0.314659
0.314659
0.314658
0.314658
0.314658
0.314658
0.314658
0.314658
0.314658
0.314658
0.322799
0.322798
0.322797
0.322796
0.322795
0.322792
0.322789
0.322786
0.322781
0.322776
0.322771
0.322766
0.32276
0.322755
0.32275
0.322746
0.322743
0.32274
0.322737
0.322735
0.322734
0.322732
0.322729
0.322727
0.322723
0.322719
0.322713
0.322708
0.322701
0.322695
0.322689
0.322684
0.322679
0.322676
0.322674
0.322673
0.322674
0.322675
0.322678
0.322681
0.322685
0.32269
0.322694
0.322698
0.322703
0.322707
0.322711
0.322714
0.322719
0.322723
0.322728
0.322734
0.322741
0.322748
0.322756
0.322764
0.322773
0.322782
0.32279
0.322799
0.322807
0.322815
0.322822
0.322828
0.322833
0.322837
0.32284
0.322841
0.322842
0.322842
0.32284
0.322838
0.322836
0.322833
0.32283
0.322827
0.322823
0.32282
0.322817
0.322814
0.322812
0.322809
0.322807
0.322805
0.322803
0.322802
0.322801
0.3228
0.322799
0.322798
0.322798
0.322797
0.322797
0.322797
0.322797
0.322797
0.322797
0.322797
0.322797
0.322797
0.333594
0.333593
0.333592
0.333591
0.333589
0.333587
0.333583
0.333579
0.333574
0.333569
0.333564
0.333558
0.333553
0.333548
0.333543
0.33354
0.333537
0.333535
0.333533
0.333532
0.33353
0.333528
0.333526
0.333524
0.33352
0.333515
0.33351
0.333504
0.333498
0.333491
0.333485
0.33348
0.333476
0.333473
0.333471
0.333471
0.333471
0.333473
0.333476
0.333479
0.333483
0.333487
0.333491
0.333495
0.333499
0.333503
0.333507
0.33351
0.333514
0.333519
0.333524
0.333529
0.333536
0.333543
0.333551
0.333559
0.333568
0.333577
0.333585
0.333594
0.333602
0.333609
0.333616
0.333622
0.333627
0.33363
0.333633
0.333635
0.333635
0.333635
0.333634
0.333632
0.333629
0.333626
0.333623
0.33362
0.333617
0.333614
0.333611
0.333608
0.333605
0.333603
0.333601
0.333599
0.333597
0.333596
0.333595
0.333594
0.333593
0.333592
0.333592
0.333591
0.333591
0.333591
0.333591
0.333591
0.333591
0.333591
0.333591
0.333591
0.346999
0.346998
0.346997
0.346996
0.346994
0.346991
0.346987
0.346982
0.346977
0.346971
0.346965
0.34696
0.346955
0.34695
0.346946
0.346943
0.346941
0.346939
0.346938
0.346938
0.346937
0.346935
0.346933
0.346931
0.346927
0.346922
0.346917
0.346911
0.346904
0.346898
0.346892
0.346887
0.346883
0.346881
0.34688
0.346879
0.34688
0.346882
0.346884
0.346888
0.346892
0.346896
0.3469
0.346903
0.346907
0.34691
0.346913
0.346917
0.34692
0.346925
0.346929
0.346935
0.346942
0.346949
0.346957
0.346965
0.346974
0.346982
0.346991
0.346999
0.347007
0.347014
0.34702
0.347026
0.347031
0.347034
0.347037
0.347038
0.347039
0.347038
0.347037
0.347035
0.347032
0.347029
0.347026
0.347023
0.34702
0.347017
0.347014
0.347011
0.347009
0.347006
0.347004
0.347003
0.347001
0.347
0.346999
0.346998
0.346997
0.346996
0.346996
0.346995
0.346995
0.346995
0.346995
0.346995
0.346995
0.346995
0.346995
0.346996
0.362954
0.362953
0.362952
0.36295
0.362948
0.362944
0.36294
0.362934
0.362928
0.362922
0.362916
0.36291
0.362905
0.362901
0.362898
0.362896
0.362894
0.362893
0.362893
0.362893
0.362893
0.362892
0.36289
0.362887
0.362883
0.362878
0.362872
0.362866
0.36286
0.362854
0.362848
0.362844
0.362841
0.362839
0.362838
0.362838
0.362839
0.362841
0.362843
0.362847
0.362851
0.362854
0.362858
0.362862
0.362865
0.362868
0.36287
0.362873
0.362877
0.362881
0.362886
0.362891
0.362898
0.362906
0.362913
0.362922
0.36293
0.362939
0.362947
0.362955
0.362962
0.362969
0.362975
0.362981
0.362985
0.362988
0.36299
0.362992
0.362992
0.362991
0.36299
0.362988
0.362985
0.362982
0.362979
0.362976
0.362973
0.36297
0.362967
0.362964
0.362962
0.36296
0.362958
0.362956
0.362955
0.362953
0.362952
0.362951
0.362951
0.36295
0.36295
0.362949
0.362949
0.362949
0.362949
0.362949
0.362949
0.362949
0.362949
0.36295
0.381382
0.381382
0.38138
0.381378
0.381375
0.38137
0.381365
0.381358
0.381352
0.381345
0.381339
0.381334
0.381329
0.381325
0.381323
0.381321
0.381321
0.381321
0.381322
0.381323
0.381323
0.381322
0.38132
0.381316
0.381312
0.381307
0.381301
0.381295
0.381289
0.381283
0.381278
0.381274
0.381271
0.38127
0.38127
0.38127
0.381272
0.381274
0.381276
0.38128
0.381283
0.381287
0.38129
0.381293
0.381296
0.381298
0.381301
0.381303
0.381307
0.381311
0.381316
0.381322
0.381329
0.381336
0.381344
0.381352
0.381361
0.381369
0.381377
0.381385
0.381392
0.381398
0.381404
0.381409
0.381413
0.381416
0.381418
0.381419
0.381419
0.381418
0.381416
0.381414
0.381411
0.381408
0.381405
0.381402
0.381399
0.381396
0.381393
0.381391
0.381389
0.381386
0.381385
0.381383
0.381382
0.38138
0.381379
0.381378
0.381378
0.381377
0.381377
0.381377
0.381377
0.381377
0.381377
0.381377
0.381377
0.381377
0.381377
0.381377
0.402192
0.402191
0.40219
0.402187
0.402183
0.402177
0.402171
0.402163
0.402156
0.402149
0.402143
0.402138
0.402133
0.40213
0.402129
0.402128
0.402129
0.40213
0.402132
0.402133
0.402134
0.402133
0.402131
0.402127
0.402122
0.402116
0.40211
0.402104
0.402098
0.402092
0.402088
0.402085
0.402084
0.402083
0.402084
0.402085
0.402086
0.402088
0.402091
0.402094
0.402098
0.402101
0.402104
0.402106
0.402108
0.40211
0.402112
0.402115
0.402118
0.402122
0.402127
0.402134
0.402141
0.402149
0.402157
0.402165
0.402174
0.402182
0.402189
0.402197
0.402203
0.402209
0.402215
0.402219
0.402222
0.402225
0.402227
0.402227
0.402227
0.402226
0.402224
0.402222
0.402219
0.402216
0.402213
0.40221
0.402207
0.402204
0.402201
0.402199
0.402197
0.402195
0.402193
0.402191
0.40219
0.402189
0.402188
0.402187
0.402187
0.402186
0.402186
0.402186
0.402186
0.402186
0.402186
0.402186
0.402186
0.402186
0.402187
0.402187
0.425277
0.425276
0.425274
0.42527
0.425265
0.425258
0.42525
0.425242
0.425234
0.425227
0.42522
0.425215
0.425211
0.42521
0.425209
0.42521
0.425212
0.425214
0.425217
0.425219
0.42522
0.425219
0.425216
0.425211
0.425206
0.425199
0.425193
0.425187
0.425181
0.425176
0.425172
0.42517
0.42517
0.425171
0.425172
0.425173
0.425175
0.425177
0.42518
0.425183
0.425187
0.42519
0.425192
0.425194
0.425195
0.425197
0.425198
0.4252
0.425204
0.425208
0.425214
0.425221
0.425228
0.425237
0.425245
0.425253
0.425261
0.425269
0.425277
0.425283
0.42529
0.425295
0.4253
0.425304
0.425307
0.425309
0.42531
0.425311
0.42531
0.425309
0.425307
0.425304
0.425302
0.425299
0.425296
0.425292
0.42529
0.425287
0.425284
0.425282
0.42528
0.425278
0.425276
0.425275
0.425273
0.425272
0.425272
0.425271
0.42527
0.42527
0.42527
0.42527
0.42527
0.42527
0.42527
0.42527
0.42527
0.42527
0.425271
0.425271
0.450515
0.450514
0.450512
0.450507
0.4505
0.450492
0.450483
0.450474
0.450465
0.450458
0.450451
0.450447
0.450444
0.450443
0.450444
0.450446
0.45045
0.450453
0.450457
0.45046
0.45046
0.450459
0.450455
0.450449
0.450443
0.450436
0.450429
0.450423
0.450418
0.450414
0.450411
0.45041
0.450411
0.450413
0.450415
0.450416
0.450418
0.45042
0.450423
0.450427
0.45043
0.450432
0.450434
0.450434
0.450435
0.450436
0.450438
0.45044
0.450443
0.450448
0.450455
0.450463
0.450471
0.450479
0.450488
0.450496
0.450504
0.450512
0.450519
0.450525
0.450531
0.450536
0.45054
0.450544
0.450546
0.450548
0.450549
0.450549
0.450548
0.450546
0.450544
0.450542
0.450539
0.450536
0.450533
0.45053
0.450527
0.450524
0.450521
0.450519
0.450517
0.450515
0.450514
0.450513
0.450512
0.450511
0.45051
0.450509
0.450509
0.450509
0.450508
0.450508
0.450508
0.450508
0.450508
0.450509
0.450509
0.450509
0.450509
0.450509
0.477779
0.477777
0.477774
0.477768
0.47776
0.47775
0.477739
0.477728
0.477719
0.477712
0.477706
0.477702
0.477701
0.477702
0.477704
0.477708
0.477713
0.477717
0.477722
0.477725
0.477725
0.477722
0.477717
0.477711
0.477703
0.477696
0.477689
0.477683
0.477678
0.477675
0.477674
0.477674
0.477677
0.47768
0.477682
0.477683
0.477685
0.477687
0.47769
0.477694
0.477696
0.477698
0.477699
0.477699
0.477699
0.477699
0.477701
0.477703
0.477707
0.477713
0.477721
0.477729
0.477738
0.477747
0.477756
0.477764
0.477772
0.477779
0.477786
0.477792
0.477797
0.477801
0.477805
0.477808
0.47781
0.477811
0.477812
0.477811
0.47781
0.477809
0.477806
0.477803
0.477801
0.477797
0.477794
0.477791
0.477789
0.477786
0.477783
0.477781
0.477779
0.477778
0.477776
0.477775
0.477774
0.477774
0.477773
0.477772
0.477772
0.477772
0.477772
0.477772
0.477772
0.477772
0.477772
0.477772
0.477772
0.477772
0.477773
0.477773
0.50693
0.506928
0.506923
0.506915
0.506905
0.506893
0.506881
0.506869
0.50686
0.506853
0.506848
0.506845
0.506845
0.506848
0.506852
0.506858
0.506864
0.50687
0.506875
0.506878
0.506877
0.506873
0.506867
0.506858
0.50685
0.506842
0.506835
0.506829
0.506825
0.506823
0.506823
0.506826
0.50683
0.506834
0.506837
0.506837
0.506838
0.506841
0.506844
0.506848
0.50685
0.50685
0.50685
0.506849
0.506849
0.506849
0.50685
0.506853
0.506858
0.506865
0.506874
0.506883
0.506893
0.506902
0.506911
0.50692
0.506927
0.506934
0.50694
0.506946
0.50695
0.506954
0.506958
0.50696
0.506962
0.506963
0.506963
0.506962
0.50696
0.506958
0.506956
0.506953
0.50695
0.506947
0.506944
0.506941
0.506938
0.506936
0.506933
0.506931
0.50693
0.506928
0.506927
0.506926
0.506925
0.506924
0.506924
0.506923
0.506923
0.506923
0.506923
0.506923
0.506923
0.506923
0.506923
0.506923
0.506923
0.506924
0.506924
0.506924
0.537829
0.537826
0.53782
0.53781
0.537797
0.537782
0.537769
0.537757
0.537748
0.537742
0.537738
0.537737
0.537739
0.537744
0.53775
0.537757
0.537765
0.537771
0.537777
0.53778
0.537777
0.537771
0.537763
0.537752
0.537743
0.537735
0.537728
0.537723
0.53772
0.537719
0.537721
0.537726
0.537732
0.537737
0.537739
0.537739
0.53774
0.537743
0.537746
0.537749
0.53775
0.537749
0.537748
0.537746
0.537745
0.537745
0.537747
0.537751
0.537757
0.537766
0.537776
0.537786
0.537797
0.537806
0.537815
0.537823
0.537831
0.537837
0.537843
0.537848
0.537852
0.537855
0.537858
0.53786
0.537861
0.537862
0.537862
0.537861
0.537859
0.537857
0.537854
0.537851
0.537848
0.537845
0.537842
0.537839
0.537836
0.537834
0.537832
0.53783
0.537828
0.537827
0.537826
0.537825
0.537824
0.537824
0.537823
0.537823
0.537823
0.537823
0.537822
0.537822
0.537822
0.537823
0.537823
0.537823
0.537823
0.537823
0.537823
0.537823
0.570339
0.570336
0.570327
0.570314
0.570298
0.570281
0.570266
0.570254
0.570246
0.570241
0.570238
0.57024
0.570244
0.570252
0.57026
0.570269
0.570278
0.570285
0.570291
0.570292
0.570288
0.570279
0.570268
0.570255
0.570245
0.570237
0.570231
0.570227
0.570225
0.570226
0.570231
0.570238
0.570246
0.570251
0.570252
0.570251
0.570251
0.570254
0.570258
0.570261
0.570261
0.570258
0.570255
0.570252
0.570251
0.570252
0.570254
0.570259
0.570267
0.570277
0.570289
0.570301
0.570312
0.570322
0.570331
0.570338
0.570345
0.570351
0.570356
0.570361
0.570364
0.570367
0.570369
0.570371
0.570372
0.570372
0.570372
0.57037
0.570369
0.570366
0.570363
0.570361
0.570357
0.570354
0.570351
0.570348
0.570346
0.570343
0.570341
0.57034
0.570338
0.570337
0.570336
0.570335
0.570334
0.570334
0.570334
0.570334
0.570333
0.570333
0.570333
0.570333
0.570333
0.570333
0.570334
0.570334
0.570334
0.570334
0.570334
0.570334
0.604329
0.604325
0.604314
0.604297
0.604277
0.604258
0.604242
0.604232
0.604225
0.604221
0.60422
0.604224
0.604232
0.604242
0.604253
0.604264
0.604273
0.604281
0.604286
0.604286
0.604278
0.604266
0.604252
0.604237
0.604227
0.604219
0.604214
0.60421
0.60421
0.604214
0.604222
0.604232
0.604241
0.604245
0.604245
0.604243
0.604243
0.604247
0.604251
0.604253
0.60425
0.604245
0.60424
0.604238
0.604237
0.604237
0.60424
0.604247
0.604258
0.60427
0.604284
0.604296
0.604308
0.604318
0.604326
0.604334
0.60434
0.604345
0.60435
0.604354
0.604357
0.604359
0.604361
0.604362
0.604363
0.604363
0.604362
0.604361
0.604359
0.604356
0.604354
0.604351
0.604348
0.604345
0.604342
0.604339
0.604336
0.604334
0.604332
0.60433
0.604329
0.604328
0.604327
0.604326
0.604326
0.604326
0.604325
0.604325
0.604325
0.604325
0.604325
0.604325
0.604325
0.604326
0.604326
0.604326
0.604326
0.604326
0.604326
0.604325
0.639685
0.639679
0.639664
0.639641
0.639618
0.639596
0.639581
0.639572
0.639568
0.639566
0.639568
0.639575
0.639587
0.6396
0.639613
0.639625
0.639635
0.639643
0.639646
0.639643
0.639632
0.639615
0.639598
0.639582
0.639571
0.639564
0.639561
0.639559
0.63956
0.639567
0.639579
0.639592
0.639602
0.639605
0.639602
0.639598
0.639599
0.639604
0.639609
0.639608
0.639603
0.639595
0.639589
0.639586
0.639586
0.639587
0.639591
0.639601
0.639614
0.639629
0.639644
0.639658
0.639669
0.639679
0.639687
0.639694
0.639699
0.639704
0.639708
0.639711
0.639714
0.639716
0.639717
0.639718
0.639718
0.639718
0.639717
0.639716
0.639714
0.639711
0.639709
0.639706
0.639703
0.6397
0.639697
0.639694
0.639692
0.63969
0.639688
0.639686
0.639685
0.639684
0.639683
0.639683
0.639682
0.639682
0.639682
0.639682
0.639682
0.639682
0.639682
0.639682
0.639682
0.639682
0.639683
0.639683
0.639683
0.639683
0.639683
0.639682
0.676312
0.676304
0.676284
0.676255
0.676228
0.676204
0.676189
0.676183
0.676184
0.676184
0.676189
0.676201
0.676217
0.676233
0.676248
0.67626
0.67627
0.676278
0.676278
0.676272
0.676256
0.676234
0.676214
0.676195
0.676183
0.676179
0.67618
0.676179
0.676183
0.676194
0.67621
0.676226
0.676235
0.676236
0.676231
0.676226
0.676228
0.676236
0.67624
0.676235
0.676227
0.676213
0.676205
0.676203
0.676206
0.676208
0.676214
0.676227
0.676244
0.676262
0.676278
0.676292
0.676303
0.676312
0.676319
0.676325
0.67633
0.676334
0.676337
0.676339
0.676342
0.676343
0.676344
0.676345
0.676345
0.676345
0.676344
0.676342
0.676341
0.676338
0.676336
0.676333
0.67633
0.676327
0.676325
0.676322
0.67632
0.676318
0.676316
0.676315
0.676314
0.676313
0.676312
0.676312
0.676311
0.676311
0.676311
0.676311
0.676311
0.676311
0.676311
0.676311
0.676312
0.676312
0.676312
0.676312
0.676312
0.676312
0.676312
0.67631
0.714159
0.714147
0.714123
0.714081
0.714049
0.714024
0.714008
0.714006
0.71402
0.714025
0.714034
0.714051
0.714072
0.714091
0.714107
0.714119
0.714127
0.714134
0.71413
0.714118
0.7141
0.714066
0.714042
0.71402
0.714006
0.714004
0.714017
0.714021
0.714029
0.714045
0.714065
0.714083
0.714089
0.714085
0.714081
0.714077
0.714081
0.714092
0.714095
0.714078
0.714063
0.714044
0.714031
0.714031
0.714045
0.714051
0.714059
0.714076
0.714097
0.714118
0.714135
0.714148
0.714159
0.714166
0.714172
0.714177
0.714181
0.714184
0.714187
0.714189
0.71419
0.714192
0.714193
0.714193
0.714193
0.714193
0.714192
0.71419
0.714189
0.714187
0.714184
0.714182
0.714179
0.714176
0.714174
0.714172
0.71417
0.714168
0.714166
0.714165
0.714164
0.714163
0.714162
0.714162
0.714162
0.714162
0.714162
0.714162
0.714162
0.714162
0.714162
0.714162
0.714163
0.714163
0.714163
0.714163
0.714163
0.714163
0.714162
0.714159
0.753254
0.753226
0.753201
0.753128
0.753085
0.753066
0.753045
0.753046
0.7531
0.753122
0.753138
0.753162
0.753188
0.753209
0.753224
0.753235
0.753242
0.753247
0.753234
0.753199
0.753183
0.753121
0.753084
0.753067
0.753046
0.753046
0.753097
0.753117
0.753131
0.753153
0.753178
0.753199
0.753197
0.75317
0.753171
0.753171
0.75318
0.753196
0.753196
0.753147
0.753114
0.753096
0.753074
0.753075
0.753126
0.753147
0.753161
0.753184
0.75321
0.753232
0.753249
0.753262
0.75327
0.753277
0.753281
0.753285
0.753287
0.75329
0.753292
0.753293
0.753295
0.753296
0.753297
0.753297
0.753297
0.753297
0.753296
0.753295
0.753293
0.753291
0.753289
0.753287
0.753285
0.753282
0.75328
0.753278
0.753276
0.753274
0.753273
0.753272
0.753271
0.75327
0.75327
0.753269
0.753269
0.753269
0.753269
0.753269
0.75327
0.75327
0.75327
0.75327
0.75327
0.75327
0.75327
0.75327
0.75327
0.75327
0.753269
0.753265
0.793809
0.793691
0.79366
0.793523
0.793441
0.793481
0.793456
0.79346
0.79362
0.793698
0.793729
0.793763
0.793794
0.793815
0.793829
0.793837
0.793842
0.793844
0.793814
0.793671
0.793651
0.793524
0.793447
0.793486
0.793458
0.793458
0.793614
0.793689
0.793717
0.79375
0.793779
0.7938
0.793781
0.793646
0.793645
0.793654
0.79367
0.793692
0.793687
0.793565
0.793484
0.793518
0.793489
0.79349
0.793646
0.793721
0.793749
0.793782
0.793812
0.793835
0.793851
0.79386
0.793867
0.793871
0.793874
0.793877
0.793879
0.79388
0.793882
0.793883
0.793884
0.793885
0.793886
0.793886
0.793886
0.793886
0.793886
0.793885
0.793884
0.793882
0.79388
0.793879
0.793877
0.793874
0.793873
0.793871
0.793869
0.793868
0.793866
0.793866
0.793865
0.793864
0.793864
0.793863
0.793863
0.793863
0.793863
0.793863
0.793863
0.793864
0.793864
0.793864
0.793864
0.793864
0.793864
0.793864
0.793864
0.793864
0.793862
0.793856
0.83646
0.835948
0.835852
0.83566
0.835486
0.835835
0.835861
0.835873
0.8362
0.836415
0.836479
0.836525
0.836559
0.836578
0.836587
0.836591
0.836592
0.836589
0.836534
0.835945
0.835854
0.835672
0.835498
0.83584
0.83586
0.835865
0.836186
0.836398
0.836458
0.836502
0.836535
0.836551
0.836506
0.835923
0.835848
0.835863
0.835889
0.835915
0.83591
0.835724
0.83554
0.835875
0.835894
0.835902
0.836224
0.836435
0.836495
0.836539
0.836572
0.836593
0.836605
0.836612
0.836616
0.836618
0.83662
0.836622
0.836623
0.836624
0.836625
0.836627
0.836628
0.836628
0.836629
0.836629
0.83663
0.83663
0.836629
0.836629
0.836628
0.836627
0.836626
0.836624
0.836623
0.836621
0.83662
0.836618
0.836617
0.836616
0.836615
0.836614
0.836613
0.836613
0.836612
0.836612
0.836612
0.836612
0.836612
0.836612
0.836612
0.836612
0.836612
0.836612
0.836612
0.836612
0.836613
0.836612
0.836612
0.836612
0.83661
0.836602
0.882725
0.881004
0.880637
0.880986
0.880743
0.882324
0.882629
0.882692
0.882432
0.882778
0.882873
0.882923
0.882952
0.882963
0.882965
0.882962
0.882958
0.882949
0.882876
0.881041
0.880658
0.881009
0.880764
0.882329
0.882623
0.882677
0.882409
0.88275
0.882838
0.882885
0.882913
0.882921
0.882854
0.881027
0.88065
0.880667
0.88071
0.88074
0.880735
0.88108
0.880806
0.882364
0.882662
0.882722
0.882456
0.882796
0.882885
0.882932
0.882961
0.882975
0.882981
0.882984
0.882985
0.882986
0.882987
0.882988
0.882989
0.88299
0.882991
0.882992
0.882993
0.882994
0.882995
0.882996
0.882996
0.882996
0.882996
0.882996
0.882996
0.882995
0.882995
0.882994
0.882993
0.882992
0.882991
0.88299
0.882989
0.882988
0.882987
0.882986
0.882986
0.882985
0.882985
0.882984
0.882984
0.882984
0.882984
0.882984
0.882984
0.882984
0.882984
0.882984
0.882984
0.882985
0.882985
0.882984
0.882984
0.882983
0.882981
0.882973
0.936744
0.933656
0.932743
0.937776
0.938247
0.944283
0.945459
0.945744
0.936884
0.93634
0.936299
0.936308
0.936314
0.93631
0.936302
0.936292
0.936284
0.936271
0.936269
0.933663
0.93278
0.937822
0.938295
0.944307
0.945463
0.945736
0.936861
0.936309
0.936263
0.936267
0.936272
0.936265
0.936263
0.933677
0.932858
0.932995
0.933113
0.933152
0.933088
0.937982
0.938338
0.944325
0.945486
0.945767
0.9369
0.936349
0.936304
0.93631
0.936315
0.936316
0.936315
0.936314
0.936313
0.936313
0.936314
0.936314
0.936315
0.936316
0.936318
0.936319
0.936321
0.936322
0.936323
0.936324
0.936325
0.936325
0.936326
0.936326
0.936327
0.936327
0.936327
0.936327
0.936327
0.936326
0.936326
0.936325
0.936324
0.936324
0.936323
0.936322
0.936321
0.936321
0.936321
0.93632
0.93632
0.93632
0.93632
0.93632
0.936319
0.936319
0.936319
0.936319
0.93632
0.93632
0.93632
0.936319
0.936319
0.936318
0.936316
0.936317
1.0338
1.04133
1.0418
1.08096
1.08357
1.11318
1.11544
1.11593
1.03365
1.02883
1.02868
1.02872
1.02874
1.02874
1.02874
1.02875
1.02875
1.02874
1.02885
1.04096
1.04182
1.08106
1.0837
1.11327
1.11548
1.11595
1.03358
1.02875
1.0286
1.02865
1.02867
1.02866
1.02878
1.04105
1.04203
1.04307
1.04349
1.04359
1.04353
1.08163
1.08379
1.11324
1.11545
1.11593
1.03364
1.0288
1.02865
1.0287
1.02872
1.02872
1.02873
1.02873
1.02873
1.02873
1.02873
1.02873
1.02873
1.02874
1.02874
1.02874
1.02874
1.02874
1.02874
1.02875
1.02875
1.02875
1.02875
1.02875
1.02875
1.02876
1.02876
1.02876
1.02876
1.02876
1.02876
1.02876
1.02876
1.02876
1.02875
1.02875
1.02875
1.02875
1.02875
1.02875
1.02875
1.02875
1.02875
1.02875
1.02875
1.02875
1.02875
1.02875
1.02875
1.02875
1.02875
1.02875
1.02875
1.02875
1.02874
1.02875
)
;

boundaryField
{
    inlet
    {
        type            cyclic;
    }
    outlet
    {
        type            cyclic;
    }
    bottomWall
    {
        type            kqRWallFunction;
        value           nonuniform List<scalar> 
100
(
1.11199
1.03207
1.04116
1.08026
1.08347
1.11369
1.03259
1.02823
1.04081
1.04187
1.04297
1.04343
1.04355
1.04351
1.08195
1.08418
1.1138
1.11595
1.11641
1.03331
1.0284
1.02828
1.02833
1.02836
1.02836
1.02835
1.02834
1.02833
1.02831
1.0283
1.02829
1.0283
1.02831
1.02833
1.02834
1.02835
1.02834
1.02833
1.02845
1.04057
1.04168
1.0428
1.04328
1.04343
1.04349
1.04352
1.04354
1.04356
1.04357
1.04357
1.04357
1.04358
1.04358
1.04358
1.04358
1.04358
1.04358
1.04358
1.04358
1.04359
1.04359
1.04359
1.04359
1.04359
1.0436
1.0436
1.0436
1.0436
1.0436
1.0436
1.0436
1.0436
1.0436
1.0436
1.0436
1.0436
1.0436
1.0436
1.04361
1.04361
1.04361
1.04361
1.04361
1.04361
1.04361
1.04361
1.04361
1.0436
1.0436
1.0436
1.0436
1.0436
1.0436
1.0436
1.0436
1.0436
1.0436
1.0436
1.04358
1.04356
)
;
    }
    topWall
    {
        type            kqRWallFunction;
        value           nonuniform List<scalar> 
100
(
1.0338
1.04133
1.0418
1.08096
1.08357
1.11318
1.11544
1.11593
1.03365
1.02883
1.02868
1.02872
1.02874
1.02874
1.02874
1.02875
1.02875
1.02874
1.02885
1.04096
1.04182
1.08106
1.0837
1.11327
1.11548
1.11595
1.03358
1.02875
1.0286
1.02865
1.02867
1.02866
1.02878
1.04105
1.04203
1.04307
1.04349
1.04359
1.04353
1.08163
1.08379
1.11324
1.11545
1.11593
1.03364
1.0288
1.02865
1.0287
1.02872
1.02872
1.02873
1.02873
1.02873
1.02873
1.02873
1.02873
1.02873
1.02874
1.02874
1.02874
1.02874
1.02874
1.02874
1.02875
1.02875
1.02875
1.02875
1.02875
1.02875
1.02876
1.02876
1.02876
1.02876
1.02876
1.02876
1.02876
1.02876
1.02876
1.02875
1.02875
1.02875
1.02875
1.02875
1.02875
1.02875
1.02875
1.02875
1.02875
1.02875
1.02875
1.02875
1.02875
1.02875
1.02875
1.02875
1.02875
1.02875
1.02875
1.02874
1.02875
)
;
    }
    frontAndBack
    {
        type            empty;
    }
}


// ************************************************************************* //
