/*--------------------------------*- C++ -*----------------------------------*\
  =========                 |
  \\      /  F ield         | OpenFOAM: The Open Source CFD Toolbox
   \\    /   O peration     | Website:  https://openfoam.org
    \\  /    A nd           | Version:  11
     \\/     M anipulation  |
\*---------------------------------------------------------------------------*/
FoamFile
{
    format      ascii;
    class       volScalarField;
    location    "600";
    object      nut;
}
// * * * * * * * * * * * * * * * * * * * * * * * * * * * * * * * * * * * * * //

dimensions      [0 2 -1 0 0 0 0];

internalField   nonuniform List<scalar> 
5000
(
7.86007e-05
6.59268e-05
7.26527e-05
7.56395e-05
7.57094e-05
7.85925e-05
6.59291e-05
6.55732e-05
7.26694e-05
7.22952e-05
7.22613e-05
7.22633e-05
7.22661e-05
7.22743e-05
7.56092e-05
7.57107e-05
7.85993e-05
7.89822e-05
7.90433e-05
6.59484e-05
6.55772e-05
6.55643e-05
6.5568e-05
6.55706e-05
6.55717e-05
6.55722e-05
6.55717e-05
6.55713e-05
6.55707e-05
6.55706e-05
6.55702e-05
6.55704e-05
6.55703e-05
6.55705e-05
6.55701e-05
6.55699e-05
6.55695e-05
6.55692e-05
6.55691e-05
7.26948e-05
7.23019e-05
7.22628e-05
7.22641e-05
7.22666e-05
7.22675e-05
7.22672e-05
7.22671e-05
7.22671e-05
7.22673e-05
7.22675e-05
7.22677e-05
7.22678e-05
7.2268e-05
7.22681e-05
7.22682e-05
7.22683e-05
7.22684e-05
7.22685e-05
7.22685e-05
7.22685e-05
7.22686e-05
7.22686e-05
7.22687e-05
7.22688e-05
7.22689e-05
7.22691e-05
7.22691e-05
7.22692e-05
7.22693e-05
7.22694e-05
7.22694e-05
7.22694e-05
7.22694e-05
7.22693e-05
7.22694e-05
7.22694e-05
7.22694e-05
7.22694e-05
7.22694e-05
7.22694e-05
7.22694e-05
7.22694e-05
7.22694e-05
7.22694e-05
7.22694e-05
7.22694e-05
7.22694e-05
7.22694e-05
7.22693e-05
7.22694e-05
7.22693e-05
7.22693e-05
7.22693e-05
7.22693e-05
7.22693e-05
7.22693e-05
7.22692e-05
7.22691e-05
7.22687e-05
7.22787e-05
0.000163333
0.000157639
0.000160158
0.000162082
0.000162454
0.000163854
0.000157686
0.000156846
0.000160063
0.00016023
0.000160251
0.000160268
0.000160276
0.000160244
0.000162086
0.000162468
0.00016386
0.000164274
0.000164377
0.000157794
0.000156926
0.000156841
0.000156842
0.000156846
0.000156849
0.00015685
0.00015685
0.00015685
0.00015685
0.00015685
0.00015685
0.00015685
0.000156851
0.000156851
0.000156851
0.000156852
0.000156852
0.000156849
0.000156781
0.000160069
0.000160234
0.00016025
0.000160266
0.000160275
0.000160279
0.000160281
0.000160282
0.000160283
0.000160284
0.000160285
0.000160285
0.000160285
0.000160285
0.000160286
0.000160286
0.000160286
0.000160286
0.000160286
0.000160286
0.000160287
0.000160287
0.000160287
0.000160287
0.000160287
0.000160287
0.000160287
0.000160287
0.000160288
0.000160288
0.000160288
0.000160288
0.000160288
0.000160287
0.000160287
0.000160287
0.000160287
0.000160287
0.000160287
0.000160287
0.000160287
0.000160287
0.000160287
0.000160287
0.000160287
0.000160287
0.000160287
0.000160287
0.000160287
0.000160287
0.000160287
0.000160287
0.000160287
0.000160287
0.000160287
0.000160287
0.000160287
0.000160287
0.000160287
0.000160284
0.000160254
0.000253049
0.000251757
0.000251867
0.000252391
0.000252528
0.000253153
0.000251741
0.000251392
0.000251797
0.000251796
0.000251798
0.000251814
0.000251827
0.0002518
0.000252378
0.000252536
0.000253161
0.000253417
0.000253493
0.000251839
0.000251461
0.000251421
0.000251433
0.000251445
0.000251453
0.000251458
0.000251459
0.000251461
0.000251461
0.000251463
0.000251463
0.000251464
0.000251464
0.000251464
0.000251464
0.000251465
0.000251465
0.000251463
0.000251406
0.000251835
0.000251821
0.000251812
0.000251824
0.000251834
0.000251841
0.000251845
0.000251848
0.000251851
0.000251852
0.000251854
0.000251854
0.000251855
0.000251856
0.000251856
0.000251856
0.000251857
0.000251857
0.000251857
0.000251858
0.000251858
0.000251858
0.000251858
0.000251859
0.000251859
0.000251859
0.000251859
0.000251859
0.000251859
0.000251859
0.000251859
0.000251859
0.000251858
0.000251858
0.000251858
0.000251858
0.000251858
0.000251857
0.000251857
0.000251857
0.000251857
0.000251857
0.000251856
0.000251856
0.000251856
0.000251856
0.000251856
0.000251856
0.000251856
0.000251856
0.000251856
0.000251856
0.000251856
0.000251856
0.000251856
0.000251856
0.000251856
0.000251856
0.000251855
0.000251853
0.000251818
0.000340726
0.000340473
0.000340357
0.000340429
0.000340451
0.000340661
0.00034042
0.000340331
0.000340306
0.000340282
0.000340288
0.000340306
0.000340322
0.000340308
0.000340427
0.000340459
0.00034067
0.000340774
0.000340812
0.000340476
0.000340376
0.000340372
0.000340389
0.000340405
0.000340416
0.000340424
0.000340428
0.000340432
0.000340434
0.000340437
0.000340438
0.000340439
0.00034044
0.00034044
0.00034044
0.000340441
0.000340441
0.00034044
0.000340405
0.00034037
0.000340328
0.000340319
0.000340329
0.00034034
0.000340348
0.000340354
0.000340359
0.000340363
0.000340366
0.000340368
0.00034037
0.000340371
0.000340372
0.000340373
0.000340374
0.000340375
0.000340375
0.000340376
0.000340376
0.000340377
0.000340377
0.000340378
0.000340378
0.000340378
0.000340379
0.000340379
0.000340379
0.000340378
0.000340378
0.000340378
0.000340378
0.000340377
0.000340377
0.000340376
0.000340376
0.000340375
0.000340375
0.000340374
0.000340374
0.000340373
0.000340373
0.000340373
0.000340372
0.000340372
0.000340372
0.000340372
0.000340372
0.000340371
0.000340371
0.000340371
0.000340371
0.000340371
0.000340371
0.000340371
0.000340371
0.000340371
0.000340371
0.000340371
0.000340369
0.000340341
0.000422835
0.00042278
0.000422716
0.000422702
0.000422694
0.000422747
0.000422718
0.000422698
0.000422664
0.000422654
0.000422664
0.000422681
0.000422697
0.000422693
0.000422701
0.000422698
0.000422751
0.000422783
0.000422798
0.000422743
0.000422724
0.000422731
0.000422747
0.000422763
0.000422776
0.000422786
0.000422793
0.000422799
0.000422803
0.000422807
0.000422809
0.000422811
0.000422813
0.000422813
0.000422813
0.000422814
0.000422815
0.000422815
0.000422793
0.000422744
0.000422716
0.00042271
0.000422717
0.000422727
0.000422735
0.000422742
0.000422748
0.000422753
0.000422757
0.00042276
0.000422763
0.000422765
0.000422767
0.000422768
0.00042277
0.000422771
0.000422772
0.000422773
0.000422774
0.000422775
0.000422776
0.000422777
0.000422777
0.000422777
0.000422778
0.000422778
0.000422778
0.000422777
0.000422777
0.000422777
0.000422776
0.000422775
0.000422775
0.000422774
0.000422773
0.000422772
0.000422771
0.000422771
0.00042277
0.000422769
0.000422769
0.000422768
0.000422767
0.000422767
0.000422767
0.000422766
0.000422766
0.000422766
0.000422766
0.000422766
0.000422766
0.000422766
0.000422766
0.000422766
0.000422766
0.000422766
0.000422766
0.000422766
0.000422764
0.000422744
0.000498615
0.000498593
0.000498561
0.00049854
0.000498528
0.000498533
0.000498527
0.000498518
0.000498501
0.000498498
0.000498507
0.000498521
0.000498536
0.000498537
0.00049853
0.000498522
0.000498529
0.000498535
0.00049854
0.000498534
0.000498531
0.000498538
0.000498551
0.000498565
0.000498579
0.00049859
0.000498599
0.000498606
0.000498612
0.000498617
0.00049862
0.000498623
0.000498625
0.000498626
0.000498626
0.000498627
0.000498629
0.00049863
0.000498616
0.000498587
0.000498569
0.000498564
0.000498569
0.000498576
0.000498583
0.00049859
0.000498597
0.000498602
0.000498607
0.000498611
0.000498615
0.000498618
0.00049862
0.000498623
0.000498625
0.000498627
0.000498628
0.00049863
0.000498632
0.000498633
0.000498634
0.000498635
0.000498636
0.000498637
0.000498637
0.000498638
0.000498637
0.000498637
0.000498637
0.000498636
0.000498635
0.000498634
0.000498633
0.000498632
0.000498631
0.00049863
0.000498629
0.000498627
0.000498626
0.000498625
0.000498624
0.000498624
0.000498623
0.000498622
0.000498622
0.000498621
0.000498621
0.000498621
0.00049862
0.00049862
0.00049862
0.00049862
0.00049862
0.00049862
0.000498621
0.000498621
0.000498621
0.000498621
0.000498619
0.000498605
0.000568163
0.000568147
0.000568125
0.000568107
0.000568094
0.000568087
0.000568079
0.000568069
0.000568058
0.000568056
0.000568062
0.000568072
0.000568084
0.000568089
0.000568083
0.000568077
0.000568074
0.000568071
0.000568073
0.000568072
0.00056807
0.000568075
0.000568084
0.000568097
0.00056811
0.000568122
0.000568131
0.00056814
0.000568146
0.000568152
0.000568156
0.00056816
0.000568162
0.000568163
0.000568164
0.000568166
0.000568168
0.000568169
0.000568161
0.000568143
0.000568131
0.000568125
0.000568127
0.000568132
0.000568138
0.000568145
0.000568151
0.000568157
0.000568163
0.000568167
0.000568172
0.000568175
0.000568179
0.000568182
0.000568185
0.000568188
0.00056819
0.000568193
0.000568195
0.000568197
0.000568199
0.0005682
0.000568202
0.000568203
0.000568203
0.000568204
0.000568204
0.000568204
0.000568203
0.000568202
0.000568201
0.0005682
0.000568198
0.000568197
0.000568195
0.000568194
0.000568192
0.000568191
0.000568189
0.000568188
0.000568187
0.000568186
0.000568185
0.000568184
0.000568183
0.000568182
0.000568182
0.000568182
0.000568181
0.000568181
0.000568181
0.000568181
0.000568181
0.000568182
0.000568182
0.000568182
0.000568182
0.000568182
0.000568181
0.000568171
0.000631861
0.000631847
0.000631828
0.000631812
0.000631799
0.000631788
0.000631778
0.000631766
0.000631756
0.000631752
0.000631755
0.000631762
0.000631771
0.000631776
0.000631774
0.000631769
0.000631764
0.00063176
0.00063176
0.000631758
0.000631756
0.000631758
0.000631765
0.000631775
0.000631788
0.000631799
0.000631808
0.000631817
0.000631824
0.00063183
0.000631835
0.000631839
0.000631842
0.000631844
0.000631845
0.000631847
0.000631849
0.000631851
0.000631846
0.000631835
0.000631825
0.000631819
0.000631819
0.000631822
0.000631827
0.000631833
0.000631839
0.000631846
0.000631852
0.000631857
0.000631862
0.000631867
0.000631871
0.000631875
0.000631879
0.000631883
0.000631886
0.000631889
0.000631892
0.000631895
0.000631898
0.0006319
0.000631902
0.000631903
0.000631904
0.000631905
0.000631905
0.000631905
0.000631904
0.000631903
0.000631902
0.000631901
0.000631899
0.000631897
0.000631895
0.000631893
0.000631891
0.000631889
0.000631887
0.000631886
0.000631884
0.000631883
0.000631881
0.00063188
0.00063188
0.000631879
0.000631878
0.000631878
0.000631878
0.000631877
0.000631877
0.000631877
0.000631877
0.000631878
0.000631878
0.000631878
0.000631878
0.000631878
0.000631877
0.00063187
0.000690172
0.00069016
0.000690143
0.000690127
0.000690114
0.000690102
0.000690091
0.000690078
0.000690067
0.000690062
0.000690062
0.000690066
0.000690072
0.000690077
0.000690076
0.000690073
0.000690069
0.000690064
0.000690062
0.00069006
0.000690057
0.000690057
0.000690062
0.00069007
0.000690081
0.000690091
0.0006901
0.000690109
0.000690116
0.000690122
0.000690127
0.000690131
0.000690135
0.000690137
0.000690138
0.000690141
0.000690143
0.000690146
0.000690143
0.000690135
0.000690128
0.000690122
0.000690121
0.000690122
0.000690126
0.000690132
0.000690138
0.000690145
0.000690151
0.000690157
0.000690163
0.000690168
0.000690174
0.000690179
0.000690184
0.000690188
0.000690193
0.000690197
0.000690201
0.000690205
0.000690208
0.000690211
0.000690213
0.000690215
0.000690217
0.000690218
0.000690218
0.000690218
0.000690218
0.000690217
0.000690215
0.000690213
0.000690211
0.000690209
0.000690207
0.000690204
0.000690202
0.0006902
0.000690198
0.000690196
0.000690194
0.000690192
0.000690191
0.000690189
0.000690188
0.000690188
0.000690187
0.000690186
0.000690186
0.000690186
0.000690186
0.000690186
0.000690186
0.000690186
0.000690186
0.000690186
0.000690186
0.000690186
0.000690185
0.00069018
0.00074357
0.000743559
0.000743545
0.00074353
0.000743516
0.000743504
0.000743492
0.000743478
0.000743467
0.00074346
0.000743457
0.000743459
0.000743463
0.000743466
0.000743466
0.000743464
0.00074346
0.000743455
0.000743453
0.00074345
0.000743446
0.000743445
0.000743448
0.000743454
0.000743463
0.000743472
0.000743481
0.000743489
0.000743496
0.000743502
0.000743506
0.00074351
0.000743514
0.000743516
0.000743518
0.00074352
0.000743523
0.000743526
0.000743525
0.00074352
0.000743514
0.00074351
0.000743508
0.000743509
0.000743512
0.000743517
0.000743523
0.00074353
0.000743537
0.000743543
0.00074355
0.000743556
0.000743562
0.000743568
0.000743574
0.00074358
0.000743585
0.000743591
0.000743596
0.0007436
0.000743605
0.000743609
0.000743612
0.000743615
0.000743617
0.000743618
0.000743619
0.000743619
0.000743618
0.000743617
0.000743616
0.000743614
0.000743611
0.000743609
0.000743606
0.000743603
0.000743601
0.000743598
0.000743595
0.000743593
0.000743591
0.000743589
0.000743588
0.000743586
0.000743585
0.000743584
0.000743583
0.000743583
0.000743582
0.000743582
0.000743582
0.000743582
0.000743582
0.000743582
0.000743582
0.000743582
0.000743582
0.000743581
0.000743581
0.000743577
0.000792504
0.000792495
0.000792482
0.000792468
0.000792455
0.000792442
0.000792429
0.000792416
0.000792404
0.000792396
0.000792391
0.00079239
0.000792392
0.000792394
0.000792394
0.000792393
0.000792389
0.000792384
0.000792381
0.000792378
0.000792373
0.000792371
0.000792372
0.000792376
0.000792383
0.000792391
0.000792399
0.000792406
0.000792412
0.000792418
0.000792422
0.000792426
0.000792428
0.00079243
0.000792432
0.000792435
0.000792438
0.000792441
0.000792441
0.000792439
0.000792435
0.000792431
0.00079243
0.00079243
0.000792433
0.000792438
0.000792444
0.000792451
0.000792458
0.000792465
0.000792472
0.000792479
0.000792486
0.000792494
0.000792501
0.000792508
0.000792514
0.000792521
0.000792527
0.000792533
0.000792538
0.000792543
0.000792547
0.000792551
0.000792554
0.000792556
0.000792557
0.000792557
0.000792557
0.000792555
0.000792554
0.000792552
0.000792549
0.000792546
0.000792543
0.00079254
0.000792537
0.000792534
0.000792531
0.000792529
0.000792526
0.000792524
0.000792522
0.000792521
0.000792519
0.000792518
0.000792517
0.000792517
0.000792516
0.000792516
0.000792515
0.000792515
0.000792515
0.000792515
0.000792515
0.000792515
0.000792515
0.000792515
0.000792514
0.000792511
0.000837387
0.000837379
0.000837367
0.000837354
0.000837342
0.000837329
0.000837316
0.000837302
0.00083729
0.000837281
0.000837275
0.000837272
0.000837272
0.000837273
0.000837272
0.000837271
0.000837267
0.000837262
0.000837259
0.000837255
0.00083725
0.000837247
0.000837246
0.000837249
0.000837254
0.00083726
0.000837266
0.000837272
0.000837278
0.000837282
0.000837286
0.000837289
0.000837291
0.000837293
0.000837294
0.000837297
0.0008373
0.000837303
0.000837305
0.000837304
0.000837302
0.0008373
0.000837299
0.000837299
0.000837301
0.000837306
0.000837312
0.000837319
0.000837327
0.000837334
0.000837342
0.00083735
0.000837359
0.000837367
0.000837375
0.000837383
0.000837391
0.000837399
0.000837407
0.000837414
0.00083742
0.000837426
0.000837432
0.000837436
0.000837439
0.000837442
0.000837444
0.000837444
0.000837444
0.000837443
0.000837441
0.000837439
0.000837436
0.000837433
0.00083743
0.000837426
0.000837423
0.00083742
0.000837416
0.000837414
0.000837411
0.000837409
0.000837407
0.000837405
0.000837403
0.000837402
0.000837401
0.0008374
0.0008374
0.000837399
0.000837399
0.000837399
0.000837398
0.000837398
0.000837398
0.000837398
0.000837398
0.000837398
0.000837397
0.000837395
0.000878584
0.000878577
0.000878567
0.000878555
0.000878543
0.000878531
0.000878518
0.000878504
0.000878491
0.000878481
0.000878474
0.00087847
0.000878468
0.000878467
0.000878466
0.000878464
0.000878461
0.000878456
0.000878451
0.000878447
0.000878442
0.000878438
0.000878436
0.000878436
0.00087844
0.000878444
0.000878449
0.000878454
0.000878458
0.000878461
0.000878464
0.000878466
0.000878468
0.000878469
0.00087847
0.000878472
0.000878475
0.000878479
0.000878481
0.000878482
0.000878482
0.00087848
0.00087848
0.000878481
0.000878483
0.000878487
0.000878494
0.000878501
0.000878509
0.000878517
0.000878526
0.000878535
0.000878545
0.000878554
0.000878564
0.000878573
0.000878583
0.000878592
0.000878601
0.000878609
0.000878617
0.000878624
0.000878631
0.000878636
0.000878641
0.000878644
0.000878646
0.000878647
0.000878647
0.000878646
0.000878644
0.000878642
0.000878639
0.000878635
0.000878632
0.000878628
0.000878624
0.000878621
0.000878618
0.000878614
0.000878612
0.000878609
0.000878607
0.000878605
0.000878603
0.000878602
0.000878601
0.0008786
0.000878599
0.000878598
0.000878598
0.000878598
0.000878597
0.000878597
0.000878597
0.000878597
0.000878597
0.000878596
0.000878596
0.000878594
0.00091641
0.000916404
0.000916395
0.000916385
0.000916373
0.000916361
0.000916349
0.000916335
0.000916322
0.000916311
0.000916303
0.000916297
0.000916293
0.000916291
0.000916289
0.000916287
0.000916284
0.000916278
0.000916274
0.000916269
0.000916263
0.000916258
0.000916255
0.000916254
0.000916256
0.000916258
0.000916261
0.000916265
0.000916268
0.00091627
0.000916271
0.000916272
0.000916273
0.000916273
0.000916274
0.000916276
0.000916278
0.000916282
0.000916285
0.000916287
0.000916288
0.000916288
0.000916289
0.00091629
0.000916292
0.000916297
0.000916303
0.000916311
0.000916319
0.000916328
0.000916338
0.000916348
0.000916359
0.000916369
0.00091638
0.000916391
0.000916402
0.000916413
0.000916424
0.000916434
0.000916443
0.000916452
0.000916459
0.000916466
0.000916471
0.000916475
0.000916478
0.000916479
0.00091648
0.000916479
0.000916477
0.000916475
0.000916471
0.000916468
0.000916464
0.00091646
0.000916456
0.000916452
0.000916448
0.000916445
0.000916442
0.000916439
0.000916437
0.000916435
0.000916433
0.000916431
0.00091643
0.000916429
0.000916428
0.000916428
0.000916427
0.000916427
0.000916426
0.000916426
0.000916426
0.000916426
0.000916425
0.000916425
0.000916425
0.000916423
0.000951122
0.000951117
0.000951109
0.0009511
0.000951089
0.000951078
0.000951065
0.000951052
0.000951038
0.000951028
0.000951019
0.000951011
0.000951006
0.000951002
0.000950999
0.000950996
0.000950993
0.000950987
0.000950982
0.000950977
0.00095097
0.000950965
0.000950961
0.000950958
0.000950958
0.000950959
0.00095096
0.000950962
0.000950963
0.000950964
0.000950964
0.000950963
0.000950963
0.000950963
0.000950963
0.000950964
0.000950966
0.00095097
0.000950973
0.000950976
0.000950979
0.00095098
0.000950982
0.000950984
0.000950986
0.000950991
0.000950998
0.000951006
0.000951015
0.000951025
0.000951035
0.000951046
0.000951058
0.00095107
0.000951083
0.000951095
0.000951108
0.00095112
0.000951132
0.000951144
0.000951155
0.000951165
0.000951174
0.000951182
0.000951188
0.000951193
0.000951197
0.000951199
0.000951199
0.000951198
0.000951197
0.000951194
0.000951191
0.000951187
0.000951183
0.000951179
0.000951174
0.00095117
0.000951166
0.000951163
0.000951159
0.000951156
0.000951154
0.000951151
0.00095115
0.000951148
0.000951146
0.000951145
0.000951144
0.000951144
0.000951143
0.000951143
0.000951142
0.000951142
0.000951141
0.000951141
0.000951141
0.000951141
0.00095114
0.000951139
0.000982915
0.00098291
0.000982904
0.000982895
0.000982886
0.000982875
0.000982863
0.000982849
0.000982836
0.000982825
0.000982815
0.000982806
0.0009828
0.000982795
0.00098279
0.000982787
0.000982782
0.000982777
0.000982771
0.000982766
0.000982759
0.000982752
0.000982747
0.000982743
0.000982742
0.000982741
0.00098274
0.00098274
0.000982739
0.000982738
0.000982737
0.000982735
0.000982733
0.000982732
0.000982731
0.000982732
0.000982734
0.000982738
0.000982741
0.000982745
0.000982749
0.000982752
0.000982754
0.000982757
0.00098276
0.000982765
0.000982772
0.000982781
0.00098279
0.000982801
0.000982812
0.000982825
0.000982838
0.000982851
0.000982865
0.000982879
0.000982893
0.000982907
0.000982921
0.000982935
0.000982947
0.000982959
0.000982969
0.000982979
0.000982986
0.000982992
0.000982996
0.000982999
0.000983
0.000982999
0.000982997
0.000982995
0.000982991
0.000982987
0.000982983
0.000982978
0.000982974
0.000982969
0.000982965
0.000982961
0.000982958
0.000982955
0.000982952
0.00098295
0.000982947
0.000982946
0.000982944
0.000982943
0.000982942
0.000982941
0.00098294
0.00098294
0.000982939
0.000982939
0.000982938
0.000982938
0.000982938
0.000982938
0.000982937
0.000982936
0.00101191
0.00101191
0.0010119
0.0010119
0.00101189
0.00101188
0.00101187
0.00101185
0.00101184
0.00101183
0.00101182
0.00101181
0.0010118
0.00101179
0.00101179
0.00101178
0.00101178
0.00101177
0.00101177
0.00101176
0.00101175
0.00101175
0.00101174
0.00101174
0.00101173
0.00101173
0.00101173
0.00101173
0.00101172
0.00101172
0.00101172
0.00101171
0.00101171
0.00101171
0.00101171
0.00101171
0.00101171
0.00101171
0.00101172
0.00101172
0.00101173
0.00101173
0.00101173
0.00101174
0.00101174
0.00101175
0.00101175
0.00101176
0.00101177
0.00101178
0.0010118
0.00101181
0.00101182
0.00101184
0.00101185
0.00101187
0.00101189
0.0010119
0.00101192
0.00101193
0.00101195
0.00101196
0.00101197
0.00101198
0.00101199
0.001012
0.001012
0.00101201
0.00101201
0.00101201
0.00101201
0.001012
0.001012
0.001012
0.00101199
0.00101199
0.00101198
0.00101198
0.00101197
0.00101197
0.00101196
0.00101196
0.00101196
0.00101196
0.00101195
0.00101195
0.00101195
0.00101195
0.00101195
0.00101195
0.00101195
0.00101194
0.00101194
0.00101194
0.00101194
0.00101194
0.00101194
0.00101194
0.00101194
0.00101194
0.00103818
0.00103817
0.00103817
0.00103816
0.00103815
0.00103814
0.00103813
0.00103812
0.00103811
0.0010381
0.00103809
0.00103808
0.00103807
0.00103806
0.00103805
0.00103805
0.00103804
0.00103803
0.00103803
0.00103802
0.00103801
0.00103801
0.001038
0.00103799
0.00103799
0.00103798
0.00103798
0.00103797
0.00103797
0.00103797
0.00103796
0.00103796
0.00103795
0.00103795
0.00103794
0.00103794
0.00103795
0.00103795
0.00103795
0.00103796
0.00103796
0.00103797
0.00103797
0.00103798
0.00103798
0.00103799
0.001038
0.00103801
0.00103802
0.00103803
0.00103804
0.00103806
0.00103807
0.00103809
0.00103811
0.00103812
0.00103814
0.00103816
0.00103818
0.00103819
0.00103821
0.00103823
0.00103824
0.00103825
0.00103826
0.00103827
0.00103827
0.00103828
0.00103828
0.00103828
0.00103828
0.00103827
0.00103827
0.00103827
0.00103826
0.00103826
0.00103825
0.00103825
0.00103824
0.00103824
0.00103823
0.00103823
0.00103823
0.00103822
0.00103822
0.00103822
0.00103822
0.00103822
0.00103822
0.00103821
0.00103821
0.00103821
0.00103821
0.00103821
0.00103821
0.00103821
0.00103821
0.00103821
0.00103821
0.00103821
0.00106169
0.00106168
0.00106168
0.00106167
0.00106167
0.00106166
0.00106165
0.00106163
0.00106162
0.00106161
0.0010616
0.00106159
0.00106158
0.00106157
0.00106156
0.00106155
0.00106155
0.00106154
0.00106153
0.00106153
0.00106152
0.00106151
0.0010615
0.0010615
0.00106149
0.00106148
0.00106148
0.00106147
0.00106146
0.00106146
0.00106145
0.00106144
0.00106144
0.00106143
0.00106143
0.00106143
0.00106143
0.00106143
0.00106144
0.00106144
0.00106145
0.00106145
0.00106146
0.00106147
0.00106147
0.00106148
0.00106149
0.0010615
0.00106151
0.00106152
0.00106154
0.00106155
0.00106157
0.00106159
0.0010616
0.00106162
0.00106164
0.00106166
0.00106168
0.0010617
0.00106172
0.00106174
0.00106175
0.00106176
0.00106178
0.00106178
0.00106179
0.00106179
0.0010618
0.0010618
0.0010618
0.00106179
0.00106179
0.00106178
0.00106178
0.00106177
0.00106177
0.00106176
0.00106176
0.00106175
0.00106175
0.00106175
0.00106174
0.00106174
0.00106174
0.00106173
0.00106173
0.00106173
0.00106173
0.00106173
0.00106173
0.00106173
0.00106173
0.00106173
0.00106173
0.00106173
0.00106173
0.00106173
0.00106173
0.00106172
0.00108235
0.00108235
0.00108235
0.00108234
0.00108234
0.00108233
0.00108232
0.00108231
0.00108229
0.00108228
0.00108227
0.00108226
0.00108225
0.00108224
0.00108223
0.00108222
0.00108221
0.00108221
0.0010822
0.00108219
0.00108218
0.00108217
0.00108217
0.00108216
0.00108215
0.00108214
0.00108213
0.00108213
0.00108212
0.00108211
0.0010821
0.00108209
0.00108208
0.00108208
0.00108207
0.00108207
0.00108207
0.00108208
0.00108208
0.00108209
0.00108209
0.0010821
0.00108211
0.00108212
0.00108212
0.00108213
0.00108214
0.00108215
0.00108216
0.00108217
0.00108219
0.00108221
0.00108222
0.00108224
0.00108226
0.00108228
0.0010823
0.00108233
0.00108235
0.00108237
0.00108239
0.00108241
0.00108242
0.00108244
0.00108245
0.00108246
0.00108247
0.00108247
0.00108247
0.00108247
0.00108247
0.00108247
0.00108246
0.00108246
0.00108245
0.00108245
0.00108244
0.00108244
0.00108243
0.00108243
0.00108242
0.00108242
0.00108242
0.00108241
0.00108241
0.00108241
0.00108241
0.0010824
0.0010824
0.0010824
0.0010824
0.0010824
0.0010824
0.0010824
0.0010824
0.0010824
0.0010824
0.0010824
0.0010824
0.0010824
0.00110003
0.00110003
0.00110003
0.00110002
0.00110002
0.00110001
0.0011
0.00109999
0.00109998
0.00109997
0.00109996
0.00109994
0.00109993
0.00109992
0.00109991
0.0010999
0.00109989
0.00109989
0.00109988
0.00109987
0.00109986
0.00109985
0.00109984
0.00109984
0.00109983
0.00109982
0.00109981
0.0010998
0.00109979
0.00109978
0.00109977
0.00109976
0.00109975
0.00109974
0.00109973
0.00109973
0.00109973
0.00109974
0.00109974
0.00109975
0.00109975
0.00109976
0.00109977
0.00109978
0.00109979
0.00109979
0.0010998
0.00109982
0.00109983
0.00109984
0.00109986
0.00109988
0.00109989
0.00109991
0.00109994
0.00109996
0.00109998
0.0011
0.00110003
0.00110005
0.00110007
0.00110009
0.00110011
0.00110012
0.00110014
0.00110015
0.00110016
0.00110016
0.00110016
0.00110016
0.00110016
0.00110016
0.00110015
0.00110015
0.00110014
0.00110014
0.00110013
0.00110013
0.00110012
0.00110012
0.00110011
0.00110011
0.0011001
0.0011001
0.0011001
0.0011001
0.00110009
0.00110009
0.00110009
0.00110009
0.00110009
0.00110009
0.00110009
0.00110009
0.00110009
0.00110009
0.00110009
0.00110009
0.00110009
0.00110009
0.00111454
0.00111454
0.00111454
0.00111453
0.00111453
0.00111452
0.00111451
0.0011145
0.00111449
0.00111448
0.00111447
0.00111446
0.00111444
0.00111443
0.00111442
0.00111441
0.0011144
0.00111439
0.00111438
0.00111437
0.00111437
0.00111436
0.00111435
0.00111434
0.00111433
0.00111432
0.00111431
0.0011143
0.00111429
0.00111427
0.00111426
0.00111425
0.00111424
0.00111423
0.00111422
0.00111422
0.00111422
0.00111422
0.00111423
0.00111424
0.00111424
0.00111425
0.00111426
0.00111427
0.00111428
0.00111429
0.0011143
0.00111431
0.00111432
0.00111434
0.00111435
0.00111437
0.00111439
0.00111441
0.00111443
0.00111446
0.00111448
0.00111451
0.00111453
0.00111456
0.00111458
0.0011146
0.00111462
0.00111464
0.00111465
0.00111466
0.00111467
0.00111468
0.00111468
0.00111468
0.00111468
0.00111467
0.00111467
0.00111466
0.00111466
0.00111465
0.00111465
0.00111464
0.00111463
0.00111463
0.00111462
0.00111462
0.00111462
0.00111461
0.00111461
0.00111461
0.00111461
0.0011146
0.0011146
0.0011146
0.0011146
0.0011146
0.0011146
0.0011146
0.0011146
0.0011146
0.0011146
0.0011146
0.0011146
0.0011146
0.00112567
0.00112567
0.00112567
0.00112566
0.00112566
0.00112565
0.00112564
0.00112563
0.00112562
0.00112561
0.0011256
0.00112559
0.00112557
0.00112556
0.00112555
0.00112554
0.00112553
0.00112552
0.00112551
0.0011255
0.00112549
0.00112548
0.00112548
0.00112547
0.00112546
0.00112545
0.00112543
0.00112542
0.00112541
0.00112539
0.00112538
0.00112536
0.00112535
0.00112534
0.00112534
0.00112533
0.00112533
0.00112534
0.00112534
0.00112535
0.00112536
0.00112537
0.00112538
0.00112538
0.00112539
0.0011254
0.00112541
0.00112543
0.00112544
0.00112545
0.00112547
0.00112549
0.00112551
0.00112553
0.00112556
0.00112558
0.00112561
0.00112563
0.00112566
0.00112568
0.00112571
0.00112573
0.00112575
0.00112577
0.00112578
0.00112579
0.0011258
0.00112581
0.00112581
0.00112581
0.00112581
0.00112581
0.0011258
0.0011258
0.00112579
0.00112579
0.00112578
0.00112577
0.00112577
0.00112576
0.00112576
0.00112575
0.00112575
0.00112575
0.00112574
0.00112574
0.00112574
0.00112574
0.00112574
0.00112573
0.00112573
0.00112573
0.00112573
0.00112573
0.00112573
0.00112573
0.00112573
0.00112573
0.00112573
0.00112573
0.00113323
0.00113323
0.00113322
0.00113322
0.00113322
0.00113321
0.0011332
0.00113319
0.00113318
0.00113317
0.00113316
0.00113315
0.00113313
0.00113312
0.00113311
0.0011331
0.00113309
0.00113308
0.00113307
0.00113306
0.00113305
0.00113304
0.00113303
0.00113302
0.00113301
0.001133
0.00113299
0.00113297
0.00113296
0.00113294
0.00113292
0.00113291
0.0011329
0.00113289
0.00113288
0.00113288
0.00113288
0.00113288
0.00113288
0.00113289
0.0011329
0.00113291
0.00113292
0.00113293
0.00113294
0.00113295
0.00113296
0.00113297
0.00113299
0.001133
0.00113302
0.00113304
0.00113306
0.00113308
0.00113311
0.00113313
0.00113316
0.00113318
0.00113321
0.00113324
0.00113326
0.00113329
0.00113331
0.00113333
0.00113334
0.00113335
0.00113336
0.00113337
0.00113337
0.00113337
0.00113337
0.00113337
0.00113336
0.00113336
0.00113335
0.00113335
0.00113334
0.00113333
0.00113333
0.00113332
0.00113332
0.00113331
0.00113331
0.0011333
0.0011333
0.0011333
0.0011333
0.0011333
0.00113329
0.00113329
0.00113329
0.00113329
0.00113329
0.00113329
0.00113329
0.00113329
0.00113329
0.00113329
0.00113329
0.00113329
0.00113706
0.00113706
0.00113706
0.00113705
0.00113705
0.00113704
0.00113704
0.00113703
0.00113702
0.00113701
0.00113699
0.00113698
0.00113697
0.00113695
0.00113694
0.00113693
0.00113692
0.00113691
0.0011369
0.00113689
0.00113688
0.00113688
0.00113687
0.00113686
0.00113685
0.00113683
0.00113682
0.0011368
0.00113679
0.00113677
0.00113675
0.00113674
0.00113672
0.00113671
0.0011367
0.0011367
0.0011367
0.0011367
0.00113671
0.00113672
0.00113672
0.00113673
0.00113675
0.00113676
0.00113677
0.00113678
0.00113679
0.0011368
0.00113681
0.00113683
0.00113685
0.00113686
0.00113689
0.00113691
0.00113693
0.00113696
0.00113699
0.00113701
0.00113704
0.00113707
0.00113709
0.00113712
0.00113714
0.00113716
0.00113718
0.00113719
0.0011372
0.0011372
0.00113721
0.00113721
0.00113721
0.0011372
0.0011372
0.00113719
0.00113719
0.00113718
0.00113717
0.00113717
0.00113716
0.00113716
0.00113715
0.00113715
0.00113714
0.00113714
0.00113714
0.00113713
0.00113713
0.00113713
0.00113713
0.00113713
0.00113713
0.00113713
0.00113713
0.00113713
0.00113713
0.00113713
0.00113713
0.00113713
0.00113713
0.00113713
0.00113709
0.00113709
0.00113709
0.00113708
0.00113708
0.00113707
0.00113707
0.00113706
0.00113705
0.00113704
0.00113703
0.00113701
0.001137
0.00113699
0.00113697
0.00113696
0.00113695
0.00113694
0.00113693
0.00113692
0.00113692
0.00113691
0.0011369
0.00113689
0.00113688
0.00113687
0.00113685
0.00113683
0.00113682
0.0011368
0.00113678
0.00113676
0.00113675
0.00113674
0.00113673
0.00113673
0.00113673
0.00113673
0.00113673
0.00113674
0.00113675
0.00113676
0.00113677
0.00113678
0.00113679
0.0011368
0.00113681
0.00113683
0.00113684
0.00113685
0.00113687
0.00113689
0.00113691
0.00113693
0.00113696
0.00113698
0.00113701
0.00113704
0.00113707
0.00113709
0.00113712
0.00113714
0.00113717
0.00113719
0.0011372
0.00113722
0.00113723
0.00113723
0.00113724
0.00113724
0.00113724
0.00113723
0.00113723
0.00113722
0.00113722
0.00113721
0.0011372
0.0011372
0.00113719
0.00113719
0.00113718
0.00113718
0.00113717
0.00113717
0.00113717
0.00113716
0.00113716
0.00113716
0.00113716
0.00113716
0.00113716
0.00113716
0.00113716
0.00113716
0.00113716
0.00113716
0.00113716
0.00113716
0.00113716
0.00113716
0.00113331
0.00113331
0.00113331
0.00113331
0.00113331
0.0011333
0.00113329
0.00113329
0.00113328
0.00113326
0.00113325
0.00113324
0.00113323
0.00113321
0.0011332
0.00113319
0.00113318
0.00113317
0.00113316
0.00113315
0.00113315
0.00113314
0.00113313
0.00113312
0.00113311
0.0011331
0.00113308
0.00113306
0.00113304
0.00113303
0.00113301
0.00113299
0.00113298
0.00113296
0.00113296
0.00113295
0.00113295
0.00113295
0.00113296
0.00113297
0.00113298
0.00113299
0.001133
0.00113301
0.00113302
0.00113303
0.00113304
0.00113305
0.00113306
0.00113308
0.00113309
0.00113311
0.00113313
0.00113316
0.00113318
0.00113321
0.00113323
0.00113326
0.00113329
0.00113332
0.00113334
0.00113337
0.00113339
0.00113341
0.00113343
0.00113344
0.00113345
0.00113346
0.00113346
0.00113346
0.00113346
0.00113346
0.00113345
0.00113345
0.00113344
0.00113343
0.00113343
0.00113342
0.00113341
0.00113341
0.0011334
0.0011334
0.0011334
0.00113339
0.00113339
0.00113339
0.00113339
0.00113338
0.00113338
0.00113338
0.00113338
0.00113338
0.00113338
0.00113338
0.00113338
0.00113338
0.00113338
0.00113338
0.00113338
0.00113338
0.00112581
0.00112581
0.00112581
0.00112581
0.0011258
0.0011258
0.00112579
0.00112578
0.00112577
0.00112576
0.00112575
0.00112574
0.00112573
0.00112571
0.0011257
0.00112569
0.00112568
0.00112567
0.00112566
0.00112566
0.00112565
0.00112564
0.00112563
0.00112563
0.00112561
0.0011256
0.00112558
0.00112557
0.00112555
0.00112553
0.00112551
0.00112549
0.00112548
0.00112547
0.00112546
0.00112546
0.00112546
0.00112546
0.00112546
0.00112547
0.00112548
0.00112549
0.0011255
0.00112551
0.00112552
0.00112553
0.00112554
0.00112555
0.00112556
0.00112558
0.00112559
0.00112561
0.00112563
0.00112565
0.00112568
0.0011257
0.00112573
0.00112576
0.00112578
0.00112581
0.00112584
0.00112586
0.00112588
0.0011259
0.00112592
0.00112593
0.00112594
0.00112595
0.00112595
0.00112596
0.00112595
0.00112595
0.00112595
0.00112594
0.00112593
0.00112593
0.00112592
0.00112592
0.00112591
0.0011259
0.0011259
0.00112589
0.00112589
0.00112589
0.00112589
0.00112588
0.00112588
0.00112588
0.00112588
0.00112588
0.00112588
0.00112588
0.00112588
0.00112588
0.00112588
0.00112588
0.00112588
0.00112588
0.00112588
0.00112588
0.00111473
0.00111473
0.00111473
0.00111473
0.00111473
0.00111472
0.00111471
0.0011147
0.00111469
0.00111468
0.00111467
0.00111466
0.00111465
0.00111464
0.00111462
0.00111461
0.0011146
0.0011146
0.00111459
0.00111458
0.00111458
0.00111457
0.00111456
0.00111455
0.00111454
0.00111453
0.00111451
0.0011145
0.00111448
0.00111446
0.00111444
0.00111442
0.00111441
0.0011144
0.00111439
0.00111439
0.00111439
0.00111439
0.00111439
0.0011144
0.00111441
0.00111442
0.00111443
0.00111444
0.00111445
0.00111446
0.00111446
0.00111448
0.00111449
0.0011145
0.00111452
0.00111453
0.00111455
0.00111458
0.0011146
0.00111462
0.00111465
0.00111468
0.0011147
0.00111473
0.00111475
0.00111478
0.0011148
0.00111482
0.00111483
0.00111485
0.00111486
0.00111486
0.00111487
0.00111487
0.00111487
0.00111487
0.00111486
0.00111486
0.00111485
0.00111484
0.00111484
0.00111483
0.00111483
0.00111482
0.00111482
0.00111481
0.00111481
0.0011148
0.0011148
0.0011148
0.0011148
0.0011148
0.0011148
0.00111479
0.00111479
0.00111479
0.00111479
0.00111479
0.00111479
0.00111479
0.00111479
0.00111479
0.00111479
0.00111479
0.00110027
0.00110027
0.00110027
0.00110026
0.00110026
0.00110025
0.00110025
0.00110024
0.00110023
0.00110022
0.0011002
0.00110019
0.00110018
0.00110017
0.00110016
0.00110015
0.00110014
0.00110014
0.00110013
0.00110012
0.00110012
0.00110011
0.00110011
0.0011001
0.00110008
0.00110007
0.00110006
0.00110004
0.00110002
0.0011
0.00109999
0.00109997
0.00109996
0.00109995
0.00109994
0.00109994
0.00109993
0.00109994
0.00109994
0.00109995
0.00109995
0.00109996
0.00109997
0.00109998
0.00109999
0.0011
0.00110001
0.00110002
0.00110003
0.00110004
0.00110006
0.00110007
0.00110009
0.00110011
0.00110013
0.00110016
0.00110018
0.00110021
0.00110023
0.00110026
0.00110028
0.0011003
0.00110033
0.00110034
0.00110036
0.00110037
0.00110038
0.00110039
0.00110039
0.0011004
0.00110039
0.00110039
0.00110039
0.00110038
0.00110038
0.00110037
0.00110036
0.00110036
0.00110035
0.00110035
0.00110034
0.00110034
0.00110034
0.00110033
0.00110033
0.00110033
0.00110033
0.00110033
0.00110032
0.00110032
0.00110032
0.00110032
0.00110032
0.00110032
0.00110032
0.00110032
0.00110032
0.00110032
0.00110032
0.00110032
0.00108262
0.00108262
0.00108262
0.00108261
0.00108261
0.0010826
0.0010826
0.00108259
0.00108258
0.00108257
0.00108255
0.00108254
0.00108253
0.00108252
0.00108251
0.00108251
0.0010825
0.00108249
0.00108249
0.00108248
0.00108248
0.00108247
0.00108247
0.00108246
0.00108245
0.00108243
0.00108242
0.0010824
0.00108238
0.00108237
0.00108235
0.00108233
0.00108232
0.00108231
0.00108231
0.0010823
0.0010823
0.0010823
0.00108231
0.00108231
0.00108232
0.00108233
0.00108234
0.00108234
0.00108235
0.00108236
0.00108237
0.00108238
0.00108239
0.0010824
0.00108241
0.00108243
0.00108245
0.00108247
0.00108249
0.00108251
0.00108254
0.00108256
0.00108258
0.00108261
0.00108263
0.00108265
0.00108267
0.00108269
0.0010827
0.00108272
0.00108272
0.00108273
0.00108274
0.00108274
0.00108274
0.00108273
0.00108273
0.00108273
0.00108272
0.00108271
0.00108271
0.0010827
0.0010827
0.00108269
0.00108269
0.00108269
0.00108268
0.00108268
0.00108268
0.00108267
0.00108267
0.00108267
0.00108267
0.00108267
0.00108267
0.00108267
0.00108267
0.00108267
0.00108267
0.00108267
0.00108267
0.00108267
0.00108267
0.00108267
0.00106198
0.00106197
0.00106197
0.00106197
0.00106197
0.00106196
0.00106195
0.00106194
0.00106193
0.00106192
0.00106191
0.0010619
0.00106189
0.00106188
0.00106187
0.00106187
0.00106186
0.00106185
0.00106185
0.00106185
0.00106184
0.00106184
0.00106183
0.00106182
0.00106181
0.0010618
0.00106178
0.00106177
0.00106175
0.00106173
0.00106172
0.00106171
0.0010617
0.00106169
0.00106168
0.00106168
0.00106168
0.00106168
0.00106168
0.00106169
0.00106169
0.0010617
0.00106171
0.00106171
0.00106172
0.00106173
0.00106173
0.00106174
0.00106175
0.00106176
0.00106178
0.00106179
0.00106181
0.00106183
0.00106185
0.00106187
0.00106189
0.00106192
0.00106194
0.00106196
0.00106198
0.001062
0.00106202
0.00106204
0.00106205
0.00106206
0.00106207
0.00106208
0.00106208
0.00106208
0.00106208
0.00106208
0.00106208
0.00106207
0.00106207
0.00106206
0.00106206
0.00106205
0.00106205
0.00106204
0.00106204
0.00106203
0.00106203
0.00106203
0.00106203
0.00106202
0.00106202
0.00106202
0.00106202
0.00106202
0.00106202
0.00106202
0.00106202
0.00106202
0.00106202
0.00106202
0.00106202
0.00106202
0.00106202
0.00106202
0.00103848
0.00103848
0.00103848
0.00103847
0.00103847
0.00103846
0.00103845
0.00103844
0.00103843
0.00103842
0.00103841
0.0010384
0.00103839
0.00103839
0.00103838
0.00103837
0.00103837
0.00103837
0.00103836
0.00103836
0.00103835
0.00103835
0.00103834
0.00103834
0.00103832
0.00103831
0.0010383
0.00103828
0.00103827
0.00103825
0.00103824
0.00103823
0.00103822
0.00103821
0.00103821
0.0010382
0.0010382
0.0010382
0.00103821
0.00103821
0.00103822
0.00103822
0.00103823
0.00103824
0.00103824
0.00103825
0.00103825
0.00103826
0.00103827
0.00103828
0.00103829
0.00103831
0.00103832
0.00103834
0.00103836
0.00103838
0.0010384
0.00103842
0.00103844
0.00103846
0.00103848
0.0010385
0.00103852
0.00103853
0.00103855
0.00103856
0.00103857
0.00103857
0.00103858
0.00103858
0.00103858
0.00103857
0.00103857
0.00103857
0.00103856
0.00103856
0.00103855
0.00103855
0.00103854
0.00103854
0.00103854
0.00103853
0.00103853
0.00103853
0.00103852
0.00103852
0.00103852
0.00103852
0.00103852
0.00103852
0.00103852
0.00103852
0.00103852
0.00103852
0.00103852
0.00103852
0.00103852
0.00103852
0.00103852
0.00103852
0.00101222
0.00101222
0.00101222
0.00101222
0.00101221
0.0010122
0.00101219
0.00101218
0.00101217
0.00101216
0.00101215
0.00101214
0.00101213
0.00101213
0.00101212
0.00101212
0.00101212
0.00101211
0.00101211
0.00101211
0.0010121
0.0010121
0.00101209
0.00101208
0.00101207
0.00101206
0.00101205
0.00101204
0.00101202
0.00101201
0.001012
0.00101199
0.00101198
0.00101197
0.00101197
0.00101197
0.00101197
0.00101197
0.00101197
0.00101197
0.00101198
0.00101198
0.00101199
0.00101199
0.001012
0.001012
0.00101201
0.00101202
0.00101202
0.00101203
0.00101205
0.00101206
0.00101208
0.00101209
0.00101211
0.00101213
0.00101215
0.00101217
0.00101219
0.0010122
0.00101222
0.00101224
0.00101225
0.00101227
0.00101228
0.00101229
0.0010123
0.0010123
0.00101231
0.00101231
0.00101231
0.00101231
0.0010123
0.0010123
0.0010123
0.00101229
0.00101229
0.00101228
0.00101228
0.00101227
0.00101227
0.00101227
0.00101226
0.00101226
0.00101226
0.00101226
0.00101226
0.00101226
0.00101225
0.00101225
0.00101225
0.00101225
0.00101225
0.00101225
0.00101225
0.00101225
0.00101225
0.00101225
0.00101225
0.00101225
0.000983219
0.000983216
0.000983214
0.000983209
0.000983202
0.000983193
0.000983182
0.000983172
0.000983162
0.000983151
0.000983141
0.000983133
0.000983127
0.000983123
0.000983119
0.000983117
0.000983115
0.000983114
0.000983112
0.00098311
0.000983107
0.000983103
0.000983096
0.000983088
0.000983077
0.000983066
0.000983054
0.000983042
0.000983029
0.000983018
0.000983008
0.000983
0.000982993
0.000982989
0.000982986
0.000982984
0.000982983
0.000982984
0.000982987
0.00098299
0.000982995
0.000982999
0.000983002
0.000983006
0.00098301
0.000983014
0.000983018
0.000983024
0.000983032
0.000983042
0.000983054
0.000983067
0.000983082
0.000983098
0.000983115
0.000983132
0.000983149
0.000983166
0.000983183
0.000983199
0.000983215
0.00098323
0.000983244
0.000983256
0.000983267
0.000983276
0.000983283
0.000983288
0.000983291
0.000983293
0.000983293
0.000983291
0.000983288
0.000983285
0.000983282
0.000983278
0.000983273
0.000983269
0.000983266
0.000983262
0.000983259
0.000983256
0.000983253
0.000983251
0.000983249
0.000983247
0.000983246
0.000983245
0.000983244
0.000983243
0.000983242
0.000983242
0.000983242
0.000983242
0.000983242
0.000983242
0.000983242
0.000983242
0.000983242
0.000983241
0.000951414
0.000951411
0.000951408
0.000951402
0.000951394
0.000951384
0.000951372
0.000951362
0.000951352
0.000951342
0.000951333
0.000951326
0.000951321
0.000951318
0.000951316
0.000951315
0.000951315
0.000951315
0.000951314
0.000951312
0.000951309
0.000951305
0.000951298
0.000951289
0.000951279
0.000951268
0.000951258
0.000951246
0.000951235
0.000951226
0.000951218
0.000951212
0.000951207
0.000951203
0.000951201
0.0009512
0.000951199
0.0009512
0.000951203
0.000951206
0.00095121
0.000951213
0.000951215
0.000951218
0.000951221
0.000951224
0.000951227
0.000951233
0.00095124
0.00095125
0.000951261
0.000951275
0.000951289
0.000951303
0.000951319
0.000951334
0.00095135
0.000951365
0.00095138
0.000951395
0.000951409
0.000951422
0.000951435
0.000951446
0.000951455
0.000951463
0.000951469
0.000951474
0.000951477
0.000951478
0.000951478
0.000951476
0.000951474
0.000951471
0.000951468
0.000951464
0.00095146
0.000951457
0.000951453
0.00095145
0.000951447
0.000951444
0.000951442
0.00095144
0.000951438
0.000951436
0.000951435
0.000951434
0.000951433
0.000951432
0.000951432
0.000951431
0.000951431
0.000951431
0.000951431
0.000951431
0.000951431
0.000951431
0.000951431
0.000951431
0.000916682
0.000916679
0.000916675
0.000916669
0.000916659
0.000916648
0.000916636
0.000916626
0.000916616
0.000916607
0.000916599
0.000916593
0.000916589
0.000916587
0.000916587
0.000916587
0.000916588
0.000916589
0.000916589
0.000916587
0.000916584
0.00091658
0.000916573
0.000916564
0.000916554
0.000916544
0.000916534
0.000916524
0.000916515
0.000916507
0.000916501
0.000916497
0.000916494
0.000916491
0.00091649
0.000916489
0.000916488
0.000916489
0.000916492
0.000916495
0.000916498
0.0009165
0.000916501
0.000916503
0.000916505
0.000916507
0.00091651
0.000916515
0.000916523
0.000916532
0.000916543
0.000916556
0.00091657
0.000916583
0.000916597
0.000916611
0.000916625
0.000916639
0.000916653
0.000916666
0.000916678
0.00091669
0.0009167
0.00091671
0.000916718
0.000916725
0.000916731
0.000916734
0.000916737
0.000916738
0.000916737
0.000916736
0.000916734
0.000916731
0.000916728
0.000916725
0.000916722
0.000916718
0.000916715
0.000916712
0.00091671
0.000916707
0.000916705
0.000916703
0.000916702
0.0009167
0.000916699
0.000916698
0.000916697
0.000916696
0.000916696
0.000916696
0.000916695
0.000916695
0.000916695
0.000916695
0.000916695
0.000916695
0.000916695
0.000916695
0.000878832
0.000878828
0.000878823
0.000878816
0.000878805
0.000878793
0.000878781
0.000878771
0.000878762
0.000878753
0.000878745
0.000878741
0.000878738
0.000878738
0.000878739
0.000878741
0.000878743
0.000878745
0.000878745
0.000878743
0.00087874
0.000878735
0.000878728
0.000878719
0.000878709
0.0008787
0.000878691
0.000878683
0.000878674
0.000878669
0.000878665
0.000878663
0.000878661
0.00087866
0.000878658
0.000878657
0.000878657
0.000878659
0.000878662
0.000878664
0.000878666
0.000878667
0.000878667
0.000878668
0.000878669
0.000878671
0.000878673
0.000878678
0.000878686
0.000878695
0.000878707
0.000878719
0.000878732
0.000878745
0.000878758
0.00087877
0.000878783
0.000878795
0.000878807
0.000878818
0.000878829
0.000878839
0.000878848
0.000878856
0.000878864
0.000878869
0.000878874
0.000878877
0.000878879
0.00087888
0.000878879
0.000878878
0.000878876
0.000878874
0.000878871
0.000878868
0.000878865
0.000878862
0.000878859
0.000878857
0.000878854
0.000878852
0.00087885
0.000878848
0.000878847
0.000878846
0.000878845
0.000878844
0.000878843
0.000878842
0.000878842
0.000878842
0.000878841
0.000878841
0.000878841
0.000878841
0.000878841
0.000878841
0.000878841
0.000878841
0.000837607
0.000837602
0.000837597
0.000837588
0.000837576
0.000837564
0.000837551
0.000837541
0.000837533
0.000837525
0.000837518
0.000837515
0.000837514
0.000837515
0.000837518
0.000837521
0.000837524
0.000837527
0.000837527
0.000837525
0.000837521
0.000837515
0.000837508
0.000837499
0.000837489
0.000837481
0.000837474
0.000837466
0.000837459
0.000837455
0.000837454
0.000837454
0.000837454
0.000837453
0.000837451
0.00083745
0.000837451
0.000837453
0.000837456
0.000837458
0.000837459
0.000837458
0.000837457
0.000837457
0.000837458
0.000837459
0.000837462
0.000837467
0.000837474
0.000837484
0.000837495
0.000837507
0.00083752
0.000837532
0.000837543
0.000837555
0.000837566
0.000837577
0.000837587
0.000837597
0.000837606
0.000837615
0.000837623
0.000837629
0.000837635
0.00083764
0.000837644
0.000837647
0.000837648
0.000837648
0.000837648
0.000837647
0.000837645
0.000837642
0.00083764
0.000837637
0.000837635
0.000837632
0.00083763
0.000837627
0.000837625
0.000837623
0.000837622
0.00083762
0.000837619
0.000837618
0.000837617
0.000837616
0.000837615
0.000837615
0.000837614
0.000837614
0.000837614
0.000837614
0.000837614
0.000837614
0.000837614
0.000837614
0.000837614
0.000837613
0.000792695
0.000792689
0.000792683
0.000792672
0.00079266
0.000792647
0.000792634
0.000792625
0.000792618
0.00079261
0.000792604
0.000792602
0.000792604
0.000792607
0.000792611
0.000792615
0.000792619
0.000792622
0.000792622
0.000792619
0.000792615
0.000792608
0.0007926
0.000792591
0.000792582
0.000792575
0.000792568
0.000792562
0.000792557
0.000792555
0.000792555
0.000792558
0.000792559
0.000792557
0.000792556
0.000792555
0.000792556
0.000792559
0.000792562
0.000792563
0.000792563
0.000792561
0.000792558
0.000792558
0.000792559
0.000792559
0.000792562
0.000792567
0.000792575
0.000792586
0.000792597
0.000792609
0.00079262
0.000792632
0.000792642
0.000792653
0.000792663
0.000792672
0.000792681
0.000792689
0.000792697
0.000792704
0.000792711
0.000792716
0.000792721
0.000792725
0.000792728
0.00079273
0.000792731
0.000792731
0.000792731
0.000792729
0.000792727
0.000792725
0.000792723
0.000792721
0.000792718
0.000792716
0.000792714
0.000792712
0.00079271
0.000792708
0.000792707
0.000792706
0.000792705
0.000792704
0.000792703
0.000792702
0.000792702
0.000792701
0.000792701
0.000792701
0.0007927
0.0007927
0.0007927
0.0007927
0.0007927
0.0007927
0.0007927
0.0007927
0.000743731
0.000743725
0.000743717
0.000743705
0.000743692
0.000743678
0.000743665
0.000743658
0.000743651
0.000743644
0.00074364
0.00074364
0.000743643
0.000743648
0.000743653
0.000743658
0.000743663
0.000743667
0.000743666
0.000743662
0.000743657
0.000743649
0.00074364
0.000743631
0.000743622
0.000743616
0.000743611
0.000743605
0.000743602
0.000743602
0.000743605
0.00074361
0.000743611
0.000743609
0.000743608
0.000743607
0.000743609
0.000743613
0.000743616
0.000743615
0.000743614
0.00074361
0.000743607
0.000743607
0.000743607
0.000743607
0.00074361
0.000743616
0.000743625
0.000743635
0.000743647
0.000743659
0.00074367
0.00074368
0.00074369
0.000743699
0.000743708
0.000743716
0.000743723
0.00074373
0.000743737
0.000743743
0.000743748
0.000743752
0.000743756
0.000743759
0.000743762
0.000743763
0.000743764
0.000743763
0.000743763
0.000743761
0.00074376
0.000743758
0.000743756
0.000743754
0.000743751
0.000743749
0.000743748
0.000743746
0.000743744
0.000743743
0.000743742
0.000743741
0.00074374
0.000743739
0.000743738
0.000743738
0.000743737
0.000743737
0.000743737
0.000743736
0.000743736
0.000743736
0.000743736
0.000743736
0.000743736
0.000743736
0.000743736
0.000743735
0.000690306
0.000690298
0.000690289
0.000690275
0.00069026
0.000690247
0.000690235
0.000690228
0.000690223
0.000690217
0.000690214
0.000690216
0.000690222
0.000690228
0.000690235
0.000690241
0.000690246
0.00069025
0.000690249
0.000690243
0.000690236
0.000690226
0.000690217
0.000690208
0.0006902
0.000690196
0.000690191
0.000690187
0.000690185
0.000690188
0.000690193
0.0006902
0.000690201
0.000690198
0.000690196
0.000690196
0.000690198
0.000690203
0.000690206
0.000690204
0.000690201
0.000690196
0.000690192
0.000690192
0.000690192
0.000690192
0.000690195
0.000690202
0.000690212
0.000690223
0.000690235
0.000690246
0.000690257
0.000690266
0.000690275
0.000690283
0.00069029
0.000690297
0.000690304
0.000690309
0.000690315
0.000690319
0.000690323
0.000690327
0.00069033
0.000690332
0.000690334
0.000690335
0.000690335
0.000690335
0.000690334
0.000690332
0.000690331
0.000690329
0.000690327
0.000690325
0.000690323
0.000690322
0.00069032
0.000690319
0.000690317
0.000690316
0.000690315
0.000690314
0.000690314
0.000690313
0.000690313
0.000690312
0.000690312
0.000690312
0.000690311
0.000690311
0.000690311
0.000690311
0.000690311
0.000690311
0.000690311
0.000690311
0.000690311
0.00069031
0.00063197
0.000631959
0.000631948
0.000631933
0.000631918
0.000631905
0.000631894
0.000631889
0.000631885
0.000631881
0.00063188
0.000631884
0.000631892
0.0006319
0.000631908
0.000631914
0.00063192
0.000631924
0.000631921
0.000631912
0.000631903
0.000631892
0.000631882
0.000631874
0.000631867
0.000631864
0.000631861
0.000631858
0.000631859
0.000631864
0.000631872
0.00063188
0.00063188
0.000631875
0.000631873
0.000631873
0.000631877
0.000631883
0.000631885
0.000631881
0.000631875
0.000631869
0.000631865
0.000631864
0.000631865
0.000631865
0.000631869
0.000631877
0.000631889
0.000631901
0.000631913
0.000631924
0.000631933
0.000631942
0.00063195
0.000631956
0.000631963
0.000631968
0.000631973
0.000631978
0.000631982
0.000631986
0.000631989
0.000631991
0.000631994
0.000631995
0.000631996
0.000631997
0.000631997
0.000631996
0.000631995
0.000631994
0.000631993
0.000631991
0.000631989
0.000631988
0.000631986
0.000631985
0.000631983
0.000631982
0.000631981
0.00063198
0.000631979
0.000631979
0.000631978
0.000631978
0.000631977
0.000631977
0.000631977
0.000631976
0.000631976
0.000631976
0.000631976
0.000631976
0.000631976
0.000631976
0.000631976
0.000631976
0.000631976
0.000631975
0.000568251
0.000568236
0.000568223
0.000568206
0.000568189
0.000568179
0.00056817
0.000568167
0.000568164
0.000568163
0.000568165
0.000568172
0.000568182
0.000568192
0.000568201
0.000568207
0.000568213
0.000568217
0.000568211
0.000568197
0.000568185
0.000568173
0.000568161
0.000568156
0.000568151
0.000568149
0.000568147
0.000568147
0.00056815
0.000568158
0.000568169
0.000568178
0.000568177
0.000568167
0.000568163
0.000568165
0.000568171
0.000568178
0.000568179
0.000568171
0.000568161
0.000568156
0.000568153
0.000568153
0.000568153
0.000568155
0.000568161
0.000568171
0.000568184
0.000568197
0.000568208
0.000568218
0.000568227
0.000568235
0.000568241
0.000568247
0.000568252
0.000568256
0.00056826
0.000568264
0.000568267
0.000568269
0.000568272
0.000568273
0.000568275
0.000568276
0.000568277
0.000568277
0.000568277
0.000568276
0.000568275
0.000568274
0.000568273
0.000568271
0.00056827
0.000568268
0.000568267
0.000568266
0.000568265
0.000568264
0.000568263
0.000568262
0.000568262
0.000568261
0.000568261
0.00056826
0.00056826
0.00056826
0.00056826
0.00056826
0.00056826
0.00056826
0.000568259
0.000568259
0.000568259
0.000568259
0.000568259
0.000568259
0.000568259
0.000568258
0.000498682
0.000498658
0.000498638
0.000498622
0.000498602
0.000498603
0.000498599
0.000498598
0.00049859
0.000498597
0.000498605
0.000498615
0.000498627
0.000498638
0.000498647
0.000498653
0.000498658
0.000498662
0.00049865
0.000498626
0.000498607
0.000498596
0.000498581
0.000498586
0.000498586
0.000498586
0.000498578
0.000498587
0.000498595
0.000498606
0.000498618
0.000498629
0.000498623
0.000498604
0.000498594
0.000498599
0.000498607
0.000498616
0.000498613
0.000498603
0.000498587
0.000498591
0.000498591
0.000498592
0.000498585
0.000498595
0.000498605
0.000498617
0.000498631
0.000498644
0.000498655
0.000498664
0.000498672
0.000498678
0.000498683
0.000498688
0.000498691
0.000498694
0.000498697
0.0004987
0.000498702
0.000498704
0.000498705
0.000498707
0.000498707
0.000498708
0.000498708
0.000498708
0.000498708
0.000498708
0.000498707
0.000498706
0.000498705
0.000498703
0.000498702
0.000498701
0.0004987
0.000498699
0.000498698
0.000498697
0.000498697
0.000498696
0.000498696
0.000498695
0.000498695
0.000498695
0.000498695
0.000498695
0.000498695
0.000498695
0.000498695
0.000498695
0.000498695
0.000498695
0.000498695
0.000498695
0.000498695
0.000498694
0.000498694
0.000498692
0.000422858
0.000422814
0.000422769
0.000422773
0.000422748
0.00042279
0.000422805
0.000422808
0.000422752
0.000422779
0.000422796
0.000422811
0.000422825
0.000422836
0.000422844
0.000422849
0.000422853
0.000422855
0.000422836
0.000422792
0.000422745
0.000422753
0.000422734
0.00042278
0.000422798
0.000422801
0.000422745
0.000422772
0.00042279
0.000422806
0.000422819
0.000422829
0.000422816
0.000422777
0.000422743
0.00042275
0.000422762
0.000422773
0.000422764
0.000422769
0.000422745
0.000422787
0.000422804
0.000422808
0.000422752
0.00042278
0.000422799
0.000422815
0.00042283
0.000422842
0.000422852
0.000422859
0.000422865
0.00042287
0.000422873
0.000422876
0.000422879
0.000422881
0.000422883
0.000422884
0.000422886
0.000422887
0.000422888
0.000422889
0.000422889
0.000422889
0.00042289
0.000422889
0.000422889
0.000422889
0.000422888
0.000422887
0.000422886
0.000422885
0.000422885
0.000422884
0.000422883
0.000422882
0.000422882
0.000422881
0.000422881
0.00042288
0.00042288
0.00042288
0.000422879
0.000422879
0.000422879
0.000422879
0.000422879
0.000422879
0.000422879
0.000422879
0.000422879
0.000422879
0.000422879
0.000422879
0.000422879
0.000422879
0.000422878
0.000422876
0.000340555
0.000340503
0.000340375
0.00034048
0.000340468
0.000340652
0.000340729
0.000340746
0.000340418
0.000340466
0.000340501
0.000340522
0.000340536
0.000340546
0.000340552
0.000340556
0.000340558
0.000340559
0.000340527
0.000340495
0.000340361
0.000340468
0.000340461
0.000340648
0.000340726
0.000340742
0.000340413
0.000340462
0.000340497
0.000340518
0.000340533
0.000340541
0.000340514
0.000340486
0.000340369
0.000340367
0.000340381
0.000340393
0.000340375
0.000340489
0.000340473
0.000340656
0.000340733
0.000340748
0.00034042
0.000340468
0.000340504
0.000340525
0.00034054
0.000340551
0.000340558
0.000340564
0.000340568
0.00034057
0.000340573
0.000340574
0.000340576
0.000340577
0.000340578
0.000340579
0.00034058
0.00034058
0.000340581
0.000340581
0.000340582
0.000340582
0.000340582
0.000340582
0.000340581
0.000340581
0.000340581
0.00034058
0.000340579
0.000340579
0.000340578
0.000340578
0.000340577
0.000340577
0.000340576
0.000340576
0.000340575
0.000340575
0.000340575
0.000340575
0.000340575
0.000340575
0.000340575
0.000340575
0.000340575
0.000340575
0.000340575
0.000340575
0.000340575
0.000340575
0.000340575
0.000340575
0.000340575
0.000340574
0.000340573
0.000340571
0.000251881
0.000252138
0.000251851
0.000252371
0.000252462
0.000253051
0.000253281
0.000253334
0.000251728
0.000251686
0.000251725
0.000251749
0.000251763
0.000251769
0.000251773
0.000251775
0.000251776
0.000251775
0.000251721
0.000252135
0.000251847
0.000252367
0.00025246
0.00025305
0.00025328
0.000253332
0.000251724
0.000251682
0.000251722
0.000251746
0.000251759
0.000251764
0.000251714
0.000252132
0.000251864
0.000251824
0.000251833
0.000251843
0.000251814
0.000252379
0.000252471
0.000253057
0.000253286
0.000253338
0.00025173
0.000251687
0.000251727
0.000251751
0.000251764
0.000251772
0.000251777
0.00025178
0.000251781
0.000251783
0.000251784
0.000251784
0.000251785
0.000251786
0.000251786
0.000251787
0.000251787
0.000251787
0.000251788
0.000251788
0.000251788
0.000251788
0.000251788
0.000251788
0.000251788
0.000251788
0.000251787
0.000251787
0.000251787
0.000251786
0.000251786
0.000251786
0.000251785
0.000251785
0.000251785
0.000251785
0.000251785
0.000251784
0.000251784
0.000251784
0.000251784
0.000251784
0.000251784
0.000251784
0.000251784
0.000251784
0.000251784
0.000251784
0.000251784
0.000251784
0.000251784
0.000251784
0.000251784
0.000251784
0.000251783
0.000251779
0.000157812
0.000160284
0.000160284
0.000162103
0.000162392
0.000163767
0.000164137
0.000164224
0.000157778
0.000157102
0.000157042
0.000157045
0.00015705
0.000157052
0.000157053
0.000157053
0.000157053
0.000157051
0.000156985
0.000160192
0.000160275
0.000162104
0.000162395
0.000163768
0.000164136
0.000164222
0.000157775
0.000157099
0.000157039
0.000157042
0.000157047
0.000157048
0.000156983
0.000160193
0.000160292
0.000160307
0.00016032
0.000160326
0.000160293
0.000162116
0.0001624
0.000163772
0.000164141
0.000164227
0.000157779
0.000157102
0.000157042
0.000157045
0.00015705
0.000157053
0.000157055
0.000157055
0.000157056
0.000157056
0.000157056
0.000157056
0.000157057
0.000157057
0.000157057
0.000157057
0.000157057
0.000157058
0.000157058
0.000157058
0.000157058
0.000157058
0.000157058
0.000157058
0.000157058
0.000157058
0.000157058
0.000157058
0.000157058
0.000157058
0.000157057
0.000157057
0.000157057
0.000157057
0.000157057
0.000157057
0.000157057
0.000157057
0.000157057
0.000157057
0.000157057
0.000157057
0.000157057
0.000157057
0.000157057
0.000157057
0.000157057
0.000157057
0.000157057
0.000157057
0.000157057
0.000157057
0.000157057
0.000157056
0.000157055
0.000157052
6.60236e-05
7.27179e-05
7.23355e-05
7.56089e-05
7.57087e-05
7.85833e-05
7.89583e-05
7.90138e-05
6.59847e-05
6.56179e-05
6.56032e-05
6.56054e-05
6.5607e-05
6.5608e-05
6.5609e-05
6.561e-05
6.56108e-05
6.56112e-05
6.56109e-05
7.27178e-05
7.23396e-05
7.56101e-05
7.57086e-05
7.85779e-05
7.8951e-05
7.90056e-05
6.59843e-05
6.56176e-05
6.56033e-05
6.56059e-05
6.56076e-05
6.56082e-05
6.56082e-05
7.27148e-05
7.23316e-05
7.22925e-05
7.22925e-05
7.22945e-05
7.23026e-05
7.56124e-05
7.57127e-05
7.85855e-05
7.89615e-05
7.90179e-05
6.59829e-05
6.56162e-05
6.56018e-05
6.56043e-05
6.5606e-05
6.56068e-05
6.56072e-05
6.56074e-05
6.56075e-05
6.56077e-05
6.56077e-05
6.56078e-05
6.56079e-05
6.5608e-05
6.5608e-05
6.56081e-05
6.56081e-05
6.56082e-05
6.56082e-05
6.56083e-05
6.56084e-05
6.56084e-05
6.56085e-05
6.56085e-05
6.56086e-05
6.56086e-05
6.56086e-05
6.56086e-05
6.56086e-05
6.56086e-05
6.56086e-05
6.56086e-05
6.56085e-05
6.56085e-05
6.56085e-05
6.56085e-05
6.56085e-05
6.56085e-05
6.56084e-05
6.56084e-05
6.56084e-05
6.56084e-05
6.56084e-05
6.56084e-05
6.56084e-05
6.56084e-05
6.56083e-05
6.56084e-05
6.56083e-05
6.56083e-05
6.56083e-05
6.56083e-05
6.56084e-05
6.56084e-05
6.56084e-05
6.56089e-05
)
;

boundaryField
{
    inlet
    {
        type            cyclic;
    }
    outlet
    {
        type            cyclic;
    }
    bottomWall
    {
        type            nutkWallFunction;
        Cmu             0.09;
        kappa           0.41;
        E               9.8;
        value           nonuniform List<scalar> 
100
(
2.20286e-08
0
0
0
0
3.1057e-08
0
0
0
0
0
0
0
0
0
0
3.16637e-08
4.3103e-08
4.55349e-08
0
0
0
0
0
0
0
0
0
0
0
0
0
0
0
0
0
0
0
0
0
0
0
0
0
0
0
0
0
0
0
0
0
0
0
0
0
0
0
0
0
0
0
0
0
0
0
0
0
0
0
0
0
0
0
0
0
0
0
0
0
0
0
0
0
0
0
0
0
0
0
0
0
0
0
0
0
0
0
0
0
)
;
    }
    topWall
    {
        type            nutkWallFunction;
        Cmu             0.09;
        kappa           0.41;
        E               9.8;
        value           nonuniform List<scalar> 
100
(
0
0
0
0
0
2.8356e-08
4.03694e-08
4.29566e-08
0
0
0
0
0
0
0
0
0
0
0
0
0
0
0
2.88046e-08
4.05666e-08
4.30712e-08
0
0
0
0
0
0
0
0
0
0
0
0
0
0
0
2.86891e-08
4.04324e-08
4.29838e-08
0
0
0
0
0
0
0
0
0
0
0
0
0
0
0
0
0
0
0
0
0
0
0
0
0
0
0
0
0
0
0
0
0
0
0
0
0
0
0
0
0
0
0
0
0
0
0
0
0
0
0
0
0
0
0
0
)
;
    }
    frontAndBack
    {
        type            empty;
    }
}


// ************************************************************************* //
