/*--------------------------------*- C++ -*----------------------------------*\
  =========                 |
  \\      /  F ield         | OpenFOAM: The Open Source CFD Toolbox
   \\    /   O peration     | Website:  https://openfoam.org
    \\  /    A nd           | Version:  11
     \\/     M anipulation  |
\*---------------------------------------------------------------------------*/
FoamFile
{
    format      ascii;
    class       volScalarField;
    location    "600";
    object      omega;
}
// * * * * * * * * * * * * * * * * * * * * * * * * * * * * * * * * * * * * * //

dimensions      [0 0 -1 0 0 0 0];

internalField   nonuniform List<scalar> 
5000
(
13333.3
15654.8
13333.3
13333.3
13333.3
13333.3
15662.1
15680.7
13333.3
13333.3
13333.3
13333.3
13333.3
13333.3
13333.3
13333.3
13333.3
13333.3
13333.3
15668.4
15682.3
15683.5
15683.4
15683.2
15682.9
15682.7
15682.7
15682.6
15682.5
15682.4
15682.3
15682.3
15682.5
15682.8
15683.1
15683.2
15683.3
15683.1
15685
13333.3
13333.3
13333.3
13333.3
13333.3
13333.3
13333.3
13333.3
13333.3
13333.3
13333.3
13333.3
13333.3
13333.3
13333.3
13333.3
13333.3
13333.3
13333.3
13333.3
13333.3
13333.3
13333.3
13333.3
13333.3
13333.3
13333.3
13333.3
13333.3
13333.3
13333.3
13333.3
13333.3
13333.3
13333.3
13333.3
13333.3
13333.3
13333.3
13333.3
13333.3
13333.3
13333.3
13333.3
13333.3
13333.3
13333.3
13333.3
13333.3
13333.3
13333.3
13333.3
13333.3
13333.3
13333.3
13333.3
13333.3
13333.3
13333.3
13333.3
13333.3
5785.79
5943.05
5825.27
5783.62
5776.43
5765.45
5941.55
5965.36
5828.22
5819.26
5819.65
5819.93
5819.97
5820.78
5785.66
5777.4
5765.84
5759.78
5758.28
5940.57
5963.4
5965.41
5965.27
5965.05
5964.9
5964.82
5964.81
5964.8
5964.79
5964.77
5964.75
5964.74
5964.72
5964.74
5964.78
5964.82
5964.84
5964.92
5967.49
5827.98
5818.97
5819.43
5819.74
5819.78
5819.78
5819.77
5819.76
5819.74
5819.72
5819.71
5819.7
5819.7
5819.7
5819.69
5819.69
5819.69
5819.69
5819.69
5819.7
5819.7
5819.7
5819.7
5819.7
5819.7
5819.71
5819.71
5819.71
5819.71
5819.71
5819.71
5819.71
5819.72
5819.72
5819.72
5819.72
5819.72
5819.73
5819.73
5819.73
5819.73
5819.73
5819.73
5819.73
5819.73
5819.73
5819.73
5819.73
5819.73
5819.73
5819.73
5819.73
5819.73
5819.73
5819.73
5819.73
5819.73
5819.73
5819.73
5819.76
5820.5
3489.22
3505.24
3496.7
3489.52
3487.39
3485.34
3505.41
3510.6
3497.79
3496.37
3496.44
3496.47
3496.47
3496.85
3490.25
3487.8
3485.62
3483.9
3483.31
3505.04
3510.39
3511.07
3511.05
3510.96
3510.89
3510.83
3510.8
3510.78
3510.76
3510.73
3510.71
3510.69
3510.69
3510.7
3510.73
3510.76
3510.77
3510.79
3511.28
3497.75
3496.27
3496.34
3496.38
3496.37
3496.34
3496.32
3496.29
3496.26
3496.24
3496.22
3496.21
3496.21
3496.2
3496.2
3496.2
3496.2
3496.19
3496.19
3496.19
3496.19
3496.2
3496.2
3496.2
3496.2
3496.2
3496.2
3496.2
3496.2
3496.2
3496.2
3496.2
3496.2
3496.2
3496.21
3496.21
3496.21
3496.21
3496.21
3496.21
3496.21
3496.21
3496.21
3496.21
3496.22
3496.22
3496.22
3496.22
3496.22
3496.22
3496.22
3496.22
3496.22
3496.22
3496.22
3496.22
3496.22
3496.22
3496.22
3496.25
3496.73
2453.97
2456
2455.52
2454.24
2453.72
2453.28
2456.19
2457.28
2455.94
2455.86
2455.91
2455.93
2455.94
2456.05
2454.63
2453.98
2453.47
2452.97
2452.79
2456.17
2457.39
2457.6
2457.61
2457.6
2457.57
2457.54
2457.52
2457.5
2457.48
2457.45
2457.44
2457.42
2457.42
2457.43
2457.44
2457.45
2457.45
2457.46
2457.54
2455.98
2455.85
2455.88
2455.88
2455.88
2455.87
2455.86
2455.84
2455.82
2455.8
2455.79
2455.78
2455.77
2455.77
2455.76
2455.76
2455.76
2455.76
2455.76
2455.76
2455.75
2455.75
2455.75
2455.75
2455.75
2455.75
2455.75
2455.75
2455.75
2455.75
2455.75
2455.75
2455.75
2455.75
2455.75
2455.75
2455.76
2455.76
2455.76
2455.76
2455.76
2455.76
2455.76
2455.76
2455.76
2455.76
2455.76
2455.76
2455.76
2455.76
2455.76
2455.76
2455.76
2455.76
2455.76
2455.76
2455.76
2455.76
2455.77
2455.79
2455.96
1876.88
1877.15
1877.21
1876.97
1876.86
1876.73
1877.21
1877.44
1877.37
1877.44
1877.48
1877.5
1877.52
1877.55
1877.23
1877.06
1876.89
1876.72
1876.67
1877.29
1877.57
1877.64
1877.66
1877.66
1877.66
1877.65
1877.64
1877.63
1877.61
1877.59
1877.58
1877.57
1877.56
1877.57
1877.57
1877.58
1877.58
1877.58
1877.6
1877.45
1877.47
1877.49
1877.49
1877.5
1877.5
1877.5
1877.49
1877.47
1877.46
1877.46
1877.45
1877.44
1877.44
1877.44
1877.43
1877.43
1877.43
1877.42
1877.42
1877.42
1877.42
1877.42
1877.42
1877.41
1877.41
1877.41
1877.41
1877.41
1877.41
1877.41
1877.41
1877.41
1877.41
1877.41
1877.41
1877.41
1877.41
1877.41
1877.41
1877.42
1877.42
1877.42
1877.42
1877.42
1877.42
1877.42
1877.42
1877.42
1877.42
1877.42
1877.42
1877.42
1877.42
1877.42
1877.42
1877.42
1877.42
1877.42
1877.43
1877.48
1510.45
1510.47
1510.5
1510.45
1510.42
1510.37
1510.45
1510.51
1510.55
1510.59
1510.62
1510.64
1510.66
1510.68
1510.61
1510.57
1510.51
1510.45
1510.44
1510.56
1510.63
1510.65
1510.67
1510.68
1510.69
1510.69
1510.69
1510.68
1510.67
1510.66
1510.65
1510.65
1510.64
1510.64
1510.64
1510.64
1510.64
1510.64
1510.65
1510.66
1510.67
1510.67
1510.67
1510.67
1510.68
1510.68
1510.68
1510.67
1510.67
1510.66
1510.66
1510.65
1510.65
1510.65
1510.64
1510.64
1510.64
1510.63
1510.63
1510.63
1510.63
1510.63
1510.62
1510.62
1510.62
1510.62
1510.62
1510.62
1510.62
1510.61
1510.61
1510.61
1510.61
1510.61
1510.61
1510.61
1510.61
1510.61
1510.61
1510.61
1510.62
1510.62
1510.62
1510.62
1510.62
1510.62
1510.62
1510.62
1510.62
1510.62
1510.62
1510.62
1510.62
1510.62
1510.62
1510.62
1510.62
1510.62
1510.63
1510.64
1256.79
1256.78
1256.78
1256.76
1256.74
1256.72
1256.73
1256.75
1256.78
1256.8
1256.81
1256.83
1256.85
1256.87
1256.86
1256.85
1256.83
1256.81
1256.8
1256.83
1256.85
1256.86
1256.88
1256.89
1256.9
1256.91
1256.91
1256.91
1256.91
1256.9
1256.9
1256.89
1256.89
1256.89
1256.89
1256.89
1256.89
1256.89
1256.89
1256.9
1256.9
1256.89
1256.89
1256.89
1256.89
1256.9
1256.9
1256.9
1256.89
1256.89
1256.89
1256.89
1256.88
1256.88
1256.88
1256.87
1256.87
1256.87
1256.87
1256.86
1256.86
1256.86
1256.86
1256.85
1256.85
1256.85
1256.85
1256.85
1256.84
1256.84
1256.84
1256.84
1256.84
1256.84
1256.84
1256.84
1256.84
1256.84
1256.84
1256.84
1256.84
1256.84
1256.84
1256.84
1256.84
1256.84
1256.84
1256.84
1256.84
1256.84
1256.84
1256.84
1256.84
1256.84
1256.85
1256.85
1256.85
1256.85
1256.85
1256.85
1070.2
1070.19
1070.18
1070.16
1070.15
1070.13
1070.13
1070.14
1070.16
1070.17
1070.17
1070.19
1070.2
1070.22
1070.23
1070.23
1070.22
1070.21
1070.21
1070.22
1070.22
1070.23
1070.24
1070.26
1070.27
1070.28
1070.28
1070.29
1070.29
1070.29
1070.28
1070.28
1070.28
1070.28
1070.28
1070.28
1070.28
1070.28
1070.29
1070.29
1070.28
1070.27
1070.26
1070.26
1070.27
1070.27
1070.27
1070.27
1070.27
1070.27
1070.27
1070.27
1070.26
1070.26
1070.26
1070.26
1070.25
1070.25
1070.25
1070.25
1070.24
1070.24
1070.24
1070.24
1070.23
1070.23
1070.23
1070.23
1070.22
1070.22
1070.22
1070.22
1070.22
1070.22
1070.22
1070.22
1070.22
1070.22
1070.22
1070.22
1070.22
1070.22
1070.22
1070.22
1070.22
1070.22
1070.22
1070.22
1070.22
1070.22
1070.22
1070.22
1070.22
1070.22
1070.22
1070.22
1070.22
1070.22
1070.23
1070.22
926.706
926.696
926.687
926.674
926.66
926.646
926.64
926.643
926.651
926.655
926.66
926.668
926.681
926.695
926.705
926.708
926.705
926.704
926.702
926.705
926.71
926.718
926.726
926.737
926.748
926.758
926.766
926.772
926.774
926.775
926.776
926.775
926.775
926.775
926.776
926.777
926.778
926.779
926.783
926.784
926.777
926.767
926.76
926.759
926.76
926.762
926.764
926.765
926.765
926.765
926.764
926.763
926.761
926.759
926.757
926.754
926.752
926.749
926.747
926.744
926.741
926.739
926.736
926.733
926.731
926.728
926.725
926.723
926.721
926.719
926.717
926.716
926.714
926.713
926.712
926.711
926.711
926.71
926.71
926.71
926.71
926.709
926.71
926.71
926.71
926.71
926.71
926.71
926.711
926.711
926.711
926.712
926.712
926.712
926.713
926.713
926.714
926.714
926.716
926.715
812.598
812.59
812.582
812.572
812.559
812.547
812.54
812.539
812.542
812.543
812.545
812.551
812.56
812.571
812.581
812.585
812.585
812.586
812.585
812.586
812.591
812.596
812.604
812.612
812.622
812.631
812.64
812.646
812.651
812.654
812.656
812.657
812.658
812.66
812.661
812.663
812.664
812.666
812.669
812.67
812.665
812.657
812.651
812.648
812.648
812.649
812.65
812.651
812.652
812.652
812.652
812.651
812.65
812.648
812.647
812.645
812.643
812.64
812.638
812.635
812.632
812.629
812.627
812.624
812.621
812.618
812.615
812.613
812.61
812.608
812.606
812.604
812.602
812.601
812.6
812.599
812.598
812.597
812.596
812.596
812.596
812.596
812.596
812.595
812.596
812.596
812.596
812.596
812.596
812.597
812.597
812.597
812.598
812.598
812.599
812.599
812.599
812.6
812.602
812.6
719.52
719.514
719.508
719.5
719.489
719.478
719.47
719.468
719.468
719.467
719.467
719.47
719.477
719.485
719.493
719.497
719.499
719.501
719.5
719.502
719.505
719.51
719.516
719.523
719.53
719.539
719.547
719.554
719.559
719.564
719.567
719.57
719.572
719.574
719.577
719.579
719.581
719.583
719.586
719.587
719.584
719.579
719.573
719.57
719.569
719.569
719.57
719.571
719.571
719.572
719.572
719.571
719.571
719.569
719.568
719.566
719.564
719.562
719.56
719.557
719.555
719.552
719.549
719.546
719.543
719.54
719.537
719.535
719.532
719.53
719.527
719.525
719.523
719.522
719.52
719.519
719.518
719.517
719.516
719.515
719.515
719.514
719.514
719.514
719.514
719.514
719.514
719.514
719.515
719.515
719.515
719.516
719.516
719.517
719.517
719.517
719.518
719.518
719.519
719.519
642.119
642.115
642.11
642.103
642.094
642.085
642.078
642.074
642.073
642.07
642.069
642.07
642.074
642.08
642.086
642.09
642.092
642.094
642.095
642.096
642.099
642.103
642.107
642.113
642.119
642.127
642.134
642.141
642.147
642.152
642.156
642.159
642.162
642.165
642.168
642.171
642.173
642.176
642.179
642.181
642.179
642.175
642.171
642.168
642.167
642.166
642.167
642.167
642.168
642.168
642.168
642.168
642.168
642.167
642.166
642.164
642.163
642.161
642.159
642.156
642.154
642.151
642.148
642.145
642.142
642.139
642.137
642.134
642.131
642.128
642.126
642.124
642.122
642.12
642.118
642.116
642.115
642.114
642.113
642.112
642.112
642.111
642.111
642.111
642.11
642.11
642.111
642.111
642.111
642.111
642.111
642.112
642.112
642.113
642.113
642.113
642.114
642.114
642.115
642.114
576.829
576.825
576.822
576.816
576.809
576.801
576.794
576.791
576.788
576.785
576.783
576.782
576.784
576.788
576.793
576.796
576.799
576.801
576.802
576.803
576.805
576.809
576.812
576.817
576.822
576.828
576.835
576.841
576.846
576.851
576.856
576.86
576.863
576.867
576.87
576.873
576.876
576.879
576.882
576.884
576.884
576.882
576.879
576.876
576.875
576.874
576.874
576.874
576.874
576.875
576.875
576.875
576.875
576.874
576.874
576.873
576.871
576.869
576.867
576.865
576.863
576.86
576.858
576.855
576.852
576.849
576.846
576.843
576.841
576.838
576.835
576.833
576.831
576.829
576.827
576.825
576.824
576.822
576.821
576.82
576.82
576.819
576.819
576.818
576.818
576.818
576.818
576.818
576.818
576.819
576.819
576.819
576.82
576.82
576.82
576.82
576.821
576.821
576.822
576.822
521.199
521.196
521.194
521.19
521.184
521.177
521.171
521.168
521.164
521.161
521.158
521.157
521.157
521.159
521.163
521.165
521.167
521.17
521.17
521.172
521.174
521.176
521.179
521.183
521.187
521.192
521.198
521.203
521.208
521.213
521.218
521.222
521.226
521.23
521.233
521.237
521.239
521.242
521.246
521.248
521.249
521.248
521.246
521.244
521.243
521.242
521.242
521.242
521.242
521.242
521.243
521.243
521.243
521.242
521.242
521.241
521.24
521.238
521.237
521.235
521.233
521.23
521.228
521.225
521.222
521.22
521.217
521.214
521.211
521.209
521.206
521.204
521.201
521.199
521.197
521.195
521.194
521.192
521.191
521.19
521.189
521.189
521.188
521.188
521.187
521.187
521.187
521.187
521.187
521.188
521.188
521.188
521.188
521.189
521.189
521.189
521.189
521.19
521.19
521.19
473.505
473.503
473.501
473.498
473.494
473.488
473.483
473.48
473.476
473.473
473.47
473.467
473.467
473.468
473.47
473.472
473.473
473.475
473.476
473.477
473.479
473.481
473.484
473.486
473.49
473.494
473.498
473.503
473.508
473.512
473.517
473.521
473.524
473.528
473.532
473.535
473.539
473.541
473.545
473.548
473.549
473.549
473.548
473.547
473.546
473.545
473.545
473.544
473.545
473.545
473.545
473.546
473.546
473.546
473.545
473.545
473.544
473.543
473.541
473.539
473.538
473.535
473.533
473.531
473.528
473.526
473.523
473.52
473.518
473.515
473.513
473.51
473.508
473.506
473.504
473.502
473.5
473.499
473.497
473.496
473.495
473.494
473.494
473.493
473.493
473.493
473.493
473.493
473.493
473.493
473.493
473.493
473.493
473.494
473.494
473.494
473.494
473.494
473.495
473.495
432.508
432.506
432.505
432.502
432.499
432.494
432.49
432.487
432.484
432.48
432.477
432.474
432.473
432.473
432.474
432.475
432.476
432.478
432.479
432.479
432.481
432.483
432.485
432.487
432.489
432.493
432.496
432.5
432.504
432.508
432.512
432.516
432.52
432.523
432.527
432.53
432.533
432.536
432.54
432.543
432.544
432.545
432.544
432.544
432.544
432.543
432.543
432.543
432.543
432.543
432.544
432.544
432.544
432.544
432.544
432.544
432.543
432.542
432.541
432.54
432.538
432.536
432.534
432.532
432.53
432.528
432.525
432.523
432.52
432.518
432.515
432.513
432.511
432.508
432.506
432.504
432.503
432.501
432.5
432.498
432.497
432.497
432.496
432.495
432.495
432.495
432.495
432.494
432.494
432.495
432.495
432.495
432.495
432.495
432.495
432.495
432.495
432.495
432.496
432.496
397.3
397.299
397.297
397.296
397.293
397.289
397.286
397.283
397.28
397.277
397.273
397.271
397.269
397.268
397.269
397.269
397.27
397.27
397.271
397.272
397.273
397.274
397.276
397.277
397.279
397.282
397.285
397.288
397.291
397.295
397.298
397.301
397.305
397.308
397.312
397.315
397.318
397.321
397.324
397.327
397.329
397.33
397.33
397.33
397.33
397.33
397.33
397.33
397.33
397.33
397.331
397.331
397.332
397.332
397.332
397.332
397.331
397.331
397.33
397.329
397.328
397.326
397.325
397.323
397.321
397.319
397.317
397.314
397.312
397.31
397.307
397.305
397.303
397.301
397.299
397.297
397.295
397.293
397.292
397.291
397.289
397.289
397.288
397.287
397.287
397.286
397.286
397.286
397.286
397.286
397.286
397.286
397.286
397.286
397.286
397.286
397.286
397.286
397.287
397.286
367.208
367.207
367.206
367.205
367.203
367.2
367.197
367.194
367.192
367.189
367.186
367.183
367.181
367.18
367.18
367.18
367.18
367.18
367.18
367.181
367.182
367.183
367.184
367.185
367.186
367.188
367.19
367.193
367.195
367.198
367.201
367.204
367.207
367.21
367.213
367.216
367.219
367.222
367.225
367.227
367.23
367.231
367.232
367.232
367.233
367.233
367.233
367.233
367.233
367.234
367.234
367.235
367.235
367.236
367.236
367.236
367.236
367.236
367.235
367.234
367.233
367.232
367.231
367.23
367.228
367.226
367.224
367.222
367.22
367.218
367.216
367.214
367.212
367.209
367.207
367.206
367.204
367.202
367.201
367.199
367.198
367.197
367.197
367.196
367.195
367.195
367.195
367.194
367.194
367.194
367.194
367.194
367.194
367.194
367.194
367.194
367.194
367.194
367.194
367.194
341.727
341.727
341.726
341.725
341.723
341.721
341.718
341.716
341.714
341.711
341.709
341.706
341.704
341.703
341.702
341.701
341.701
341.701
341.701
341.701
341.701
341.702
341.703
341.704
341.704
341.706
341.707
341.709
341.711
341.713
341.716
341.718
341.721
341.723
341.726
341.729
341.731
341.734
341.736
341.739
341.741
341.743
341.744
341.745
341.746
341.746
341.746
341.747
341.747
341.748
341.748
341.749
341.749
341.75
341.75
341.751
341.751
341.751
341.751
341.75
341.75
341.749
341.748
341.747
341.746
341.744
341.743
341.741
341.739
341.737
341.735
341.733
341.731
341.729
341.727
341.725
341.724
341.722
341.72
341.719
341.718
341.717
341.716
341.715
341.715
341.714
341.714
341.714
341.713
341.713
341.713
341.713
341.713
341.713
341.713
341.713
341.713
341.713
341.713
341.713
320.473
320.472
320.472
320.471
320.47
320.468
320.466
320.464
320.462
320.46
320.457
320.455
320.453
320.451
320.45
320.449
320.448
320.448
320.447
320.447
320.448
320.448
320.448
320.449
320.449
320.45
320.451
320.452
320.454
320.455
320.457
320.459
320.461
320.463
320.466
320.468
320.47
320.472
320.475
320.477
320.479
320.481
320.483
320.484
320.485
320.485
320.486
320.487
320.487
320.488
320.489
320.489
320.49
320.491
320.491
320.492
320.492
320.492
320.493
320.492
320.492
320.492
320.491
320.491
320.49
320.488
320.487
320.486
320.484
320.482
320.481
320.479
320.477
320.475
320.473
320.471
320.47
320.468
320.467
320.465
320.464
320.463
320.462
320.461
320.461
320.46
320.46
320.459
320.459
320.459
320.459
320.458
320.458
320.458
320.458
320.458
320.458
320.458
320.458
320.458
303.151
303.151
303.15
303.15
303.149
303.147
303.146
303.144
303.143
303.14
303.138
303.136
303.134
303.132
303.131
303.129
303.128
303.128
303.127
303.127
303.127
303.127
303.127
303.127
303.127
303.128
303.128
303.129
303.13
303.131
303.132
303.134
303.135
303.137
303.139
303.141
303.142
303.144
303.147
303.149
303.151
303.153
303.154
303.156
303.157
303.158
303.159
303.16
303.16
303.161
303.162
303.163
303.164
303.164
303.165
303.166
303.166
303.167
303.167
303.167
303.168
303.168
303.167
303.167
303.166
303.165
303.165
303.163
303.162
303.161
303.159
303.157
303.156
303.154
303.152
303.15
303.149
303.147
303.146
303.144
303.143
303.142
303.141
303.14
303.139
303.139
303.138
303.138
303.138
303.137
303.137
303.137
303.137
303.136
303.136
303.136
303.136
303.136
303.136
303.136
289.539
289.538
289.538
289.537
289.537
289.535
289.534
289.533
289.532
289.53
289.528
289.525
289.523
289.522
289.52
289.519
289.518
289.517
289.516
289.515
289.515
289.515
289.515
289.515
289.515
289.515
289.515
289.515
289.516
289.516
289.517
289.518
289.519
289.52
289.522
289.523
289.525
289.526
289.528
289.531
289.533
289.534
289.536
289.538
289.539
289.54
289.541
289.542
289.543
289.544
289.545
289.546
289.546
289.547
289.548
289.549
289.55
289.551
289.551
289.552
289.552
289.552
289.552
289.552
289.552
289.552
289.551
289.55
289.549
289.548
289.546
289.545
289.543
289.541
289.54
289.538
289.537
289.535
289.534
289.532
289.531
289.53
289.529
289.528
289.527
289.527
289.526
289.526
289.525
289.525
289.524
289.524
289.524
289.524
289.524
289.523
289.523
289.523
289.523
289.523
279.467
279.467
279.467
279.466
279.466
279.465
279.464
279.463
279.461
279.46
279.458
279.456
279.454
279.452
279.451
279.449
279.448
279.447
279.446
279.445
279.445
279.444
279.444
279.444
279.444
279.443
279.444
279.444
279.444
279.444
279.444
279.444
279.445
279.446
279.447
279.448
279.449
279.451
279.452
279.454
279.456
279.458
279.46
279.461
279.463
279.464
279.465
279.466
279.467
279.468
279.469
279.47
279.471
279.472
279.473
279.474
279.475
279.476
279.477
279.477
279.478
279.479
279.479
279.479
279.479
279.479
279.478
279.478
279.477
279.476
279.475
279.473
279.472
279.47
279.469
279.467
279.466
279.464
279.463
279.461
279.46
279.459
279.458
279.457
279.456
279.455
279.455
279.454
279.454
279.454
279.453
279.453
279.453
279.452
279.452
279.452
279.452
279.452
279.452
279.452
272.817
272.817
272.817
272.816
272.816
272.815
272.814
272.813
272.812
272.811
272.809
272.807
272.805
272.803
272.802
272.8
272.799
272.798
272.797
272.796
272.795
272.795
272.794
272.794
272.794
272.793
272.793
272.793
272.793
272.793
272.792
272.793
272.793
272.793
272.794
272.795
272.796
272.797
272.798
272.8
272.802
272.804
272.806
272.807
272.809
272.81
272.811
272.813
272.814
272.815
272.816
272.816
272.817
272.818
272.82
272.821
272.822
272.823
272.824
272.825
272.825
272.826
272.827
272.827
272.827
272.827
272.827
272.827
272.826
272.825
272.824
272.823
272.821
272.82
272.818
272.817
272.815
272.814
272.813
272.811
272.81
272.809
272.808
272.807
272.806
272.805
272.805
272.804
272.804
272.803
272.803
272.802
272.802
272.802
272.802
272.802
272.801
272.801
272.801
272.801
269.509
269.509
269.509
269.509
269.508
269.508
269.507
269.506
269.505
269.504
269.502
269.5
269.499
269.497
269.495
269.494
269.492
269.491
269.49
269.489
269.489
269.488
269.488
269.487
269.487
269.486
269.486
269.486
269.485
269.485
269.484
269.484
269.484
269.484
269.485
269.485
269.486
269.487
269.488
269.49
269.492
269.494
269.495
269.497
269.498
269.5
269.501
269.502
269.503
269.504
269.505
269.506
269.507
269.508
269.509
269.51
269.512
269.513
269.514
269.515
269.516
269.517
269.517
269.518
269.518
269.518
269.518
269.518
269.518
269.517
269.516
269.515
269.513
269.512
269.511
269.509
269.508
269.506
269.505
269.504
269.502
269.501
269.5
269.499
269.498
269.498
269.497
269.496
269.496
269.495
269.495
269.495
269.494
269.494
269.494
269.494
269.494
269.494
269.494
269.494
269.515
269.515
269.515
269.515
269.514
269.514
269.513
269.512
269.511
269.51
269.508
269.507
269.505
269.503
269.501
269.5
269.499
269.497
269.497
269.496
269.495
269.495
269.494
269.494
269.494
269.493
269.493
269.492
269.492
269.491
269.49
269.49
269.49
269.49
269.49
269.49
269.491
269.492
269.493
269.494
269.496
269.498
269.499
269.501
269.503
269.504
269.505
269.506
269.507
269.508
269.509
269.51
269.511
269.512
269.513
269.514
269.515
269.517
269.518
269.519
269.52
269.521
269.522
269.522
269.523
269.523
269.523
269.523
269.522
269.522
269.521
269.52
269.519
269.517
269.516
269.515
269.513
269.512
269.51
269.509
269.508
269.507
269.506
269.505
269.504
269.503
269.502
269.502
269.501
269.501
269.5
269.5
269.5
269.5
269.499
269.499
269.499
269.499
269.499
269.499
272.834
272.834
272.834
272.834
272.833
272.833
272.832
272.831
272.83
272.829
272.827
272.826
272.824
272.822
272.821
272.819
272.818
272.817
272.816
272.816
272.815
272.815
272.814
272.814
272.814
272.813
272.813
272.812
272.811
272.811
272.81
272.809
272.809
272.809
272.809
272.809
272.81
272.811
272.812
272.813
272.815
272.816
272.818
272.819
272.821
272.822
272.824
272.825
272.826
272.826
272.827
272.828
272.829
272.83
272.831
272.832
272.833
272.834
272.836
272.837
272.838
272.839
272.839
272.84
272.841
272.841
272.841
272.841
272.84
272.84
272.839
272.838
272.837
272.836
272.834
272.833
272.832
272.83
272.829
272.828
272.826
272.825
272.824
272.823
272.822
272.822
272.821
272.82
272.82
272.819
272.819
272.819
272.818
272.818
272.818
272.818
272.818
272.818
272.818
272.818
279.495
279.495
279.494
279.494
279.494
279.493
279.493
279.491
279.49
279.489
279.487
279.486
279.484
279.482
279.481
279.48
279.479
279.478
279.477
279.477
279.477
279.476
279.476
279.476
279.476
279.475
279.474
279.474
279.473
279.472
279.471
279.471
279.471
279.47
279.471
279.471
279.471
279.472
279.473
279.475
279.476
279.478
279.479
279.481
279.482
279.483
279.485
279.485
279.486
279.487
279.488
279.488
279.489
279.49
279.491
279.492
279.493
279.494
279.496
279.497
279.498
279.499
279.499
279.5
279.5
279.501
279.501
279.5
279.5
279.499
279.499
279.498
279.496
279.495
279.494
279.493
279.491
279.49
279.489
279.487
279.486
279.485
279.484
279.483
279.482
279.482
279.481
279.48
279.48
279.479
279.479
279.479
279.479
279.478
279.478
279.478
279.478
279.478
279.478
279.478
289.574
289.574
289.574
289.574
289.573
289.573
289.572
289.571
289.569
289.568
289.566
289.564
289.563
289.561
289.56
289.559
289.558
289.557
289.557
289.557
289.557
289.557
289.557
289.557
289.557
289.556
289.556
289.555
289.554
289.553
289.553
289.552
289.552
289.552
289.552
289.552
289.553
289.554
289.555
289.556
289.558
289.559
289.561
289.562
289.563
289.565
289.565
289.566
289.567
289.567
289.568
289.569
289.569
289.57
289.571
289.572
289.573
289.574
289.575
289.576
289.577
289.578
289.579
289.579
289.579
289.58
289.579
289.579
289.579
289.578
289.577
289.576
289.575
289.574
289.573
289.571
289.57
289.569
289.567
289.566
289.565
289.564
289.563
289.562
289.561
289.561
289.56
289.559
289.559
289.559
289.558
289.558
289.558
289.558
289.558
289.557
289.557
289.557
289.557
289.558
303.193
303.193
303.192
303.192
303.191
303.191
303.19
303.188
303.187
303.185
303.183
303.182
303.18
303.178
303.177
303.176
303.176
303.176
303.176
303.176
303.177
303.177
303.177
303.177
303.177
303.176
303.176
303.175
303.174
303.173
303.173
303.172
303.172
303.172
303.173
303.173
303.174
303.175
303.176
303.178
303.179
303.181
303.182
303.183
303.184
303.185
303.186
303.187
303.187
303.188
303.188
303.189
303.189
303.19
303.191
303.192
303.193
303.194
303.195
303.196
303.196
303.197
303.197
303.198
303.198
303.198
303.197
303.197
303.196
303.195
303.195
303.194
303.192
303.191
303.19
303.189
303.187
303.186
303.185
303.184
303.183
303.182
303.181
303.18
303.179
303.178
303.178
303.177
303.177
303.176
303.176
303.176
303.176
303.176
303.176
303.176
303.176
303.176
303.176
303.176
320.517
320.518
320.517
320.517
320.516
320.515
320.514
320.512
320.51
320.508
320.506
320.504
320.503
320.501
320.5
320.5
320.5
320.5
320.501
320.502
320.502
320.503
320.503
320.503
320.503
320.502
320.502
320.501
320.5
320.5
320.499
320.499
320.499
320.5
320.5
320.501
320.502
320.503
320.504
320.506
320.507
320.509
320.51
320.511
320.512
320.513
320.514
320.514
320.514
320.514
320.515
320.515
320.516
320.517
320.518
320.519
320.519
320.52
320.521
320.522
320.522
320.523
320.523
320.523
320.523
320.522
320.522
320.521
320.52
320.519
320.518
320.517
320.516
320.515
320.513
320.512
320.511
320.51
320.508
320.507
320.506
320.505
320.505
320.504
320.503
320.502
320.502
320.501
320.501
320.501
320.5
320.5
320.5
320.5
320.5
320.5
320.5
320.5
320.5
320.501
341.772
341.772
341.771
341.771
341.77
341.769
341.767
341.765
341.763
341.761
341.759
341.757
341.755
341.754
341.753
341.753
341.753
341.754
341.756
341.757
341.758
341.759
341.759
341.759
341.759
341.758
341.757
341.757
341.756
341.756
341.755
341.755
341.756
341.757
341.758
341.759
341.76
341.761
341.763
341.764
341.766
341.767
341.769
341.77
341.77
341.771
341.771
341.771
341.771
341.771
341.772
341.772
341.773
341.774
341.775
341.776
341.776
341.777
341.778
341.778
341.779
341.779
341.778
341.778
341.778
341.777
341.776
341.775
341.774
341.773
341.772
341.771
341.769
341.768
341.767
341.765
341.764
341.763
341.762
341.761
341.76
341.759
341.758
341.757
341.757
341.756
341.756
341.755
341.755
341.755
341.754
341.754
341.754
341.754
341.754
341.754
341.754
341.755
341.755
341.755
367.25
367.25
367.249
367.248
367.247
367.246
367.244
367.241
367.238
367.236
367.234
367.232
367.23
367.229
367.229
367.229
367.23
367.232
367.234
367.236
367.237
367.238
367.238
367.238
367.238
367.237
367.236
367.236
367.235
367.235
367.234
367.235
367.236
367.238
367.239
367.24
367.242
367.243
367.245
367.247
367.248
367.25
367.251
367.251
367.252
367.252
367.252
367.252
367.252
367.252
367.252
367.253
367.254
367.255
367.256
367.257
367.257
367.258
367.258
367.259
367.259
367.258
367.258
367.257
367.256
367.255
367.254
367.253
367.252
367.25
367.249
367.247
367.246
367.245
367.243
367.242
367.241
367.24
367.239
367.238
367.237
367.236
367.235
367.235
367.234
367.233
367.233
367.233
367.232
367.232
367.232
367.232
367.232
367.232
367.232
367.232
367.232
367.232
367.233
367.233
397.335
397.335
397.335
397.333
397.332
397.33
397.327
397.324
397.321
397.318
397.316
397.314
397.313
397.312
397.312
397.314
397.315
397.317
397.32
397.323
397.325
397.325
397.326
397.325
397.325
397.324
397.323
397.322
397.321
397.321
397.321
397.322
397.324
397.326
397.328
397.33
397.331
397.333
397.335
397.337
397.338
397.34
397.341
397.341
397.341
397.341
397.341
397.341
397.341
397.341
397.341
397.342
397.343
397.344
397.345
397.346
397.347
397.347
397.347
397.347
397.347
397.346
397.346
397.345
397.343
397.342
397.34
397.339
397.337
397.336
397.334
397.332
397.331
397.329
397.328
397.327
397.325
397.324
397.323
397.322
397.321
397.321
397.32
397.32
397.319
397.319
397.318
397.318
397.318
397.318
397.318
397.318
397.318
397.318
397.318
397.318
397.318
397.318
397.318
397.319
432.535
432.535
432.534
432.533
432.53
432.528
432.525
432.521
432.517
432.514
432.512
432.51
432.509
432.509
432.51
432.512
432.515
432.518
432.521
432.525
432.526
432.527
432.527
432.526
432.525
432.524
432.523
432.522
432.521
432.521
432.522
432.523
432.526
432.529
432.531
432.533
432.535
432.537
432.539
432.541
432.542
432.543
432.544
432.544
432.544
432.544
432.543
432.543
432.543
432.543
432.544
432.545
432.546
432.547
432.549
432.55
432.55
432.551
432.551
432.551
432.55
432.549
432.548
432.546
432.545
432.543
432.541
432.539
432.537
432.535
432.533
432.531
432.53
432.528
432.527
432.525
432.524
432.523
432.522
432.521
432.521
432.52
432.519
432.519
432.519
432.518
432.518
432.518
432.518
432.518
432.518
432.518
432.518
432.518
432.518
432.518
432.518
432.519
432.519
432.519
473.522
473.523
473.521
473.519
473.516
473.513
473.509
473.504
473.5
473.497
473.495
473.494
473.493
473.494
473.496
473.499
473.502
473.506
473.51
473.514
473.516
473.517
473.516
473.514
473.513
473.511
473.509
473.509
473.508
473.509
473.51
473.512
473.516
473.519
473.522
473.524
473.526
473.528
473.53
473.532
473.534
473.535
473.535
473.535
473.534
473.534
473.533
473.533
473.533
473.533
473.534
473.536
473.537
473.539
473.54
473.542
473.542
473.542
473.542
473.542
473.541
473.539
473.538
473.536
473.534
473.532
473.529
473.527
473.525
473.523
473.521
473.519
473.517
473.515
473.513
473.512
473.511
473.51
473.509
473.508
473.507
473.507
473.507
473.506
473.506
473.506
473.506
473.506
473.506
473.506
473.506
473.506
473.506
473.506
473.506
473.506
473.506
473.507
473.507
473.507
521.204
521.205
521.203
521.2
521.196
521.192
521.187
521.181
521.177
521.174
521.173
521.172
521.172
521.174
521.177
521.181
521.186
521.19
521.195
521.2
521.201
521.201
521.2
521.197
521.195
521.192
521.191
521.19
521.19
521.191
521.192
521.196
521.2
521.205
521.208
521.21
521.212
521.214
521.216
521.218
521.219
521.22
521.22
521.219
521.218
521.217
521.217
521.217
521.217
521.218
521.22
521.222
521.224
521.226
521.227
521.228
521.229
521.229
521.229
521.228
521.226
521.225
521.223
521.221
521.218
521.216
521.213
521.21
521.208
521.205
521.203
521.201
521.199
521.197
521.195
521.194
521.193
521.192
521.191
521.19
521.189
521.189
521.189
521.189
521.188
521.188
521.188
521.188
521.189
521.189
521.189
521.189
521.189
521.189
521.189
521.19
521.19
521.19
521.19
521.191
576.822
576.823
576.82
576.817
576.811
576.806
576.8
576.794
576.789
576.787
576.786
576.786
576.788
576.791
576.795
576.8
576.806
576.811
576.817
576.821
576.823
576.821
576.819
576.815
576.812
576.809
576.807
576.806
576.807
576.808
576.811
576.815
576.821
576.827
576.83
576.832
576.833
576.835
576.837
576.839
576.84
576.84
576.84
576.838
576.837
576.836
576.836
576.836
576.837
576.838
576.841
576.843
576.846
576.848
576.85
576.851
576.851
576.851
576.851
576.849
576.848
576.846
576.843
576.841
576.838
576.835
576.832
576.829
576.826
576.824
576.821
576.819
576.816
576.814
576.813
576.811
576.81
576.809
576.808
576.808
576.807
576.807
576.807
576.807
576.807
576.807
576.807
576.807
576.807
576.807
576.808
576.808
576.808
576.808
576.808
576.809
576.809
576.809
576.809
576.81
642.102
642.103
642.099
642.094
642.087
642.08
642.073
642.066
642.062
642.061
642.061
642.063
642.065
642.07
642.076
642.082
642.089
642.095
642.101
642.106
642.106
642.103
642.099
642.093
642.09
642.086
642.084
642.084
642.085
642.087
642.091
642.096
642.104
642.11
642.113
642.115
642.115
642.117
642.119
642.121
642.122
642.121
642.12
642.118
642.116
642.115
642.115
642.116
642.118
642.12
642.124
642.127
642.13
642.133
642.134
642.135
642.135
642.135
642.134
642.132
642.13
642.128
642.125
642.122
642.119
642.116
642.112
642.109
642.106
642.103
642.101
642.098
642.096
642.094
642.092
642.091
642.089
642.089
642.088
642.087
642.087
642.087
642.087
642.087
642.087
642.087
642.087
642.088
642.088
642.088
642.088
642.089
642.089
642.089
642.089
642.089
642.09
642.09
642.09
642.09
719.493
719.495
719.49
719.483
719.473
719.464
719.457
719.45
719.447
719.447
719.449
719.452
719.457
719.464
719.471
719.478
719.486
719.492
719.499
719.503
719.502
719.497
719.49
719.483
719.478
719.474
719.472
719.473
719.475
719.478
719.484
719.491
719.5
719.507
719.51
719.509
719.509
719.51
719.513
719.515
719.515
719.513
719.511
719.508
719.506
719.506
719.507
719.508
719.511
719.515
719.519
719.523
719.527
719.529
719.531
719.531
719.531
719.53
719.528
719.526
719.524
719.521
719.518
719.515
719.511
719.508
719.505
719.501
719.498
719.495
719.492
719.49
719.487
719.485
719.484
719.482
719.481
719.48
719.479
719.479
719.479
719.479
719.479
719.479
719.479
719.479
719.48
719.48
719.48
719.481
719.481
719.481
719.482
719.482
719.482
719.482
719.482
719.483
719.483
719.483
812.564
812.566
812.559
812.549
812.537
812.526
812.519
812.513
812.511
812.513
812.517
812.523
812.53
812.539
812.547
812.556
812.563
812.57
812.577
812.581
812.577
812.569
812.56
812.55
812.545
812.541
812.54
812.542
812.545
812.55
812.557
812.566
812.577
812.584
812.585
812.583
812.582
812.583
812.585
812.588
812.587
812.583
812.58
812.577
812.575
812.576
812.577
812.58
812.584
812.59
812.595
812.599
812.603
812.605
812.606
812.605
812.604
812.603
812.6
812.598
812.595
812.592
812.589
812.585
812.582
812.579
812.575
812.572
812.568
812.565
812.563
812.56
812.558
812.556
812.554
812.553
812.551
812.551
812.55
812.55
812.55
812.55
812.55
812.55
812.55
812.551
812.551
812.552
812.552
812.552
812.553
812.553
812.553
812.554
812.554
812.554
812.554
812.554
812.554
812.554
926.668
926.672
926.661
926.648
926.633
926.62
926.614
926.61
926.611
926.615
926.622
926.63
926.64
926.651
926.661
926.669
926.677
926.682
926.689
926.693
926.686
926.675
926.663
926.651
926.645
926.642
926.643
926.646
926.65
926.657
926.666
926.677
926.689
926.697
926.696
926.691
926.688
926.69
926.693
926.695
926.692
926.686
926.682
926.679
926.679
926.68
926.682
926.687
926.692
926.699
926.705
926.71
926.712
926.713
926.713
926.712
926.71
926.708
926.705
926.702
926.699
926.695
926.692
926.688
926.685
926.681
926.678
926.675
926.672
926.669
926.666
926.663
926.661
926.659
926.658
926.656
926.655
926.654
926.654
926.654
926.654
926.654
926.654
926.654
926.655
926.655
926.656
926.656
926.657
926.657
926.658
926.658
926.658
926.658
926.659
926.659
926.659
926.659
926.659
926.659
1070.16
1070.17
1070.16
1070.14
1070.12
1070.1
1070.1
1070.1
1070.11
1070.11
1070.12
1070.13
1070.15
1070.16
1070.17
1070.18
1070.18
1070.19
1070.19
1070.2
1070.19
1070.17
1070.16
1070.14
1070.14
1070.13
1070.14
1070.14
1070.15
1070.16
1070.17
1070.18
1070.19
1070.2
1070.2
1070.19
1070.19
1070.19
1070.2
1070.19
1070.19
1070.18
1070.17
1070.17
1070.18
1070.18
1070.18
1070.19
1070.19
1070.2
1070.21
1070.21
1070.21
1070.21
1070.21
1070.21
1070.21
1070.2
1070.2
1070.19
1070.19
1070.19
1070.18
1070.18
1070.18
1070.17
1070.17
1070.17
1070.16
1070.16
1070.16
1070.16
1070.16
1070.15
1070.15
1070.15
1070.15
1070.15
1070.15
1070.15
1070.15
1070.15
1070.15
1070.15
1070.15
1070.15
1070.15
1070.15
1070.15
1070.15
1070.15
1070.15
1070.15
1070.15
1070.15
1070.15
1070.15
1070.15
1070.15
1070.15
1256.77
1256.78
1256.77
1256.73
1256.71
1256.69
1256.68
1256.68
1256.71
1256.73
1256.74
1256.75
1256.76
1256.78
1256.79
1256.79
1256.8
1256.8
1256.8
1256.81
1256.81
1256.78
1256.76
1256.73
1256.72
1256.72
1256.75
1256.75
1256.76
1256.77
1256.78
1256.79
1256.81
1256.82
1256.82
1256.81
1256.81
1256.81
1256.81
1256.8
1256.8
1256.77
1256.76
1256.76
1256.78
1256.79
1256.79
1256.8
1256.81
1256.81
1256.82
1256.82
1256.82
1256.82
1256.81
1256.81
1256.8
1256.8
1256.8
1256.79
1256.79
1256.78
1256.78
1256.78
1256.77
1256.77
1256.77
1256.77
1256.76
1256.76
1256.76
1256.76
1256.75
1256.75
1256.75
1256.75
1256.75
1256.75
1256.75
1256.75
1256.75
1256.75
1256.75
1256.75
1256.75
1256.75
1256.75
1256.75
1256.75
1256.75
1256.75
1256.75
1256.75
1256.75
1256.75
1256.75
1256.75
1256.75
1256.76
1256.75
1510.49
1510.51
1510.52
1510.42
1510.39
1510.35
1510.32
1510.33
1510.46
1510.48
1510.49
1510.51
1510.52
1510.53
1510.54
1510.54
1510.54
1510.54
1510.54
1510.55
1510.57
1510.48
1510.45
1510.4
1510.36
1510.36
1510.49
1510.5
1510.51
1510.52
1510.53
1510.54
1510.55
1510.56
1510.59
1510.57
1510.57
1510.57
1510.58
1510.51
1510.5
1510.45
1510.4
1510.4
1510.53
1510.54
1510.54
1510.55
1510.55
1510.56
1510.56
1510.56
1510.55
1510.55
1510.54
1510.53
1510.53
1510.52
1510.52
1510.52
1510.51
1510.51
1510.5
1510.5
1510.5
1510.5
1510.49
1510.49
1510.49
1510.49
1510.49
1510.48
1510.48
1510.48
1510.48
1510.48
1510.48
1510.48
1510.48
1510.48
1510.48
1510.48
1510.48
1510.48
1510.48
1510.48
1510.48
1510.48
1510.48
1510.48
1510.48
1510.48
1510.48
1510.48
1510.48
1510.48
1510.48
1510.48
1510.48
1510.48
1877.25
1877.16
1877.29
1876.95
1876.87
1876.77
1876.65
1876.64
1877.27
1877.34
1877.33
1877.35
1877.36
1877.36
1877.36
1877.35
1877.35
1877.34
1877.36
1877.21
1877.37
1877.04
1876.94
1876.83
1876.68
1876.67
1877.29
1877.34
1877.33
1877.34
1877.35
1877.35
1877.37
1877.22
1877.37
1877.36
1877.34
1877.35
1877.38
1877.06
1876.98
1876.87
1876.73
1876.72
1877.33
1877.38
1877.37
1877.37
1877.38
1877.38
1877.37
1877.36
1877.35
1877.34
1877.33
1877.33
1877.32
1877.31
1877.31
1877.31
1877.3
1877.3
1877.3
1877.29
1877.29
1877.29
1877.29
1877.29
1877.29
1877.28
1877.28
1877.28
1877.28
1877.28
1877.28
1877.28
1877.28
1877.28
1877.28
1877.28
1877.28
1877.28
1877.28
1877.28
1877.28
1877.28
1877.28
1877.28
1877.28
1877.28
1877.28
1877.28
1877.28
1877.28
1877.28
1877.28
1877.28
1877.28
1877.28
1877.28
2456.17
2455.04
2455.68
2454.36
2453.93
2453.63
2453.15
2453.07
2456.39
2456.68
2456.61
2456.6
2456.59
2456.58
2456.56
2456.55
2456.53
2456.52
2456.59
2455.09
2455.79
2454.48
2454.02
2453.68
2453.17
2453.07
2456.39
2456.66
2456.58
2456.56
2456.55
2456.54
2456.6
2455.09
2455.71
2455.77
2455.74
2455.74
2455.85
2454.48
2454.05
2453.73
2453.22
2453.14
2456.45
2456.72
2456.64
2456.61
2456.6
2456.59
2456.57
2456.55
2456.53
2456.52
2456.51
2456.5
2456.5
2456.49
2456.49
2456.48
2456.48
2456.48
2456.48
2456.48
2456.47
2456.47
2456.47
2456.47
2456.47
2456.47
2456.47
2456.47
2456.47
2456.47
2456.47
2456.47
2456.47
2456.47
2456.47
2456.47
2456.47
2456.47
2456.47
2456.47
2456.47
2456.47
2456.47
2456.47
2456.47
2456.47
2456.47
2456.47
2456.47
2456.47
2456.47
2456.47
2456.47
2456.47
2456.47
2456.47
3504.54
3494.14
3496.66
3490.83
3488.62
3486.74
3484.78
3484.3
3505.5
3507.47
3507.28
3507.15
3507.08
3507.03
3506.99
3506.95
3506.92
3506.9
3507.36
3494.32
3496.8
3490.98
3488.72
3486.77
3484.77
3484.27
3505.46
3507.4
3507.19
3507.04
3506.97
3506.93
3507.37
3494.31
3496.54
3497.15
3497.19
3497.18
3497.57
3491.1
3488.75
3486.82
3484.84
3484.36
3505.57
3507.52
3507.31
3507.16
3507.09
3507.04
3507
3506.97
3506.95
3506.94
3506.93
3506.92
3506.91
3506.91
3506.91
3506.91
3506.91
3506.91
3506.9
3506.9
3506.9
3506.9
3506.9
3506.9
3506.9
3506.9
3506.91
3506.91
3506.91
3506.91
3506.91
3506.91
3506.91
3506.91
3506.91
3506.91
3506.91
3506.91
3506.91
3506.91
3506.91
3506.91
3506.91
3506.91
3506.91
3506.91
3506.91
3506.91
3506.91
3506.91
3506.91
3506.91
3506.91
3506.91
3506.92
3506.93
5935.82
5825
5819.31
5785.08
5777.68
5766.03
5760.19
5758.85
5937.98
5960.07
5962.08
5962.03
5961.88
5961.77
5961.7
5961.63
5961.58
5961.58
5964.06
5828.39
5819.89
5785.33
5777.86
5766.14
5760.24
5758.9
5937.95
5960
5961.96
5961.88
5961.72
5961.67
5964.12
5828.46
5819.73
5820.05
5820.3
5820.33
5821.15
5785.88
5777.94
5766.11
5760.21
5758.89
5938.07
5960.14
5962.12
5962.05
5961.88
5961.78
5961.72
5961.68
5961.66
5961.65
5961.64
5961.64
5961.64
5961.64
5961.64
5961.64
5961.65
5961.65
5961.65
5961.65
5961.65
5961.66
5961.66
5961.66
5961.66
5961.66
5961.67
5961.67
5961.67
5961.67
5961.68
5961.67
5961.68
5961.67
5961.67
5961.68
5961.67
5961.67
5961.67
5961.67
5961.67
5961.67
5961.67
5961.67
5961.67
5961.67
5961.67
5961.67
5961.67
5961.67
5961.67
5961.67
5961.67
5961.67
5961.69
5961.82
15658.1
13333.3
13333.3
13333.3
13333.3
13333.3
13333.3
13333.3
15665
15679.1
15680.3
15680.4
15680.3
15680.1
15679.9
15679.7
15679.6
15679.3
15681.1
13333.3
13333.3
13333.3
13333.3
13333.3
13333.3
13333.3
15664.1
15678
15679.1
15679.2
15679.1
15678.9
15680.7
13333.3
13333.3
13333.3
13333.3
13333.3
13333.3
13333.3
13333.3
13333.3
13333.3
13333.3
15665.3
15679.1
15680.2
15680.3
15680.2
15680.1
15680.1
15680
15680
15680
15680
15680
15680
15680.1
15680.1
15680.1
15680.1
15680.1
15680.1
15680.1
15680.1
15680.1
15680.2
15680.2
15680.2
15680.2
15680.2
15680.2
15680.2
15680.2
15680.2
15680.2
15680.2
15680.2
15680.2
15680.2
15680.2
15680.2
15680.2
15680.2
15680.2
15680.2
15680.2
15680.2
15680.2
15680.2
15680.2
15680.2
15680.2
15680.2
15680.2
15680.2
15680.2
15680.1
15680.1
15680.1
)
;

boundaryField
{
    inlet
    {
        type            cyclic;
    }
    outlet
    {
        type            cyclic;
    }
    bottomWall
    {
        beta1           0.075;
        blended         false;
        type            omegaWallFunction;
        value           nonuniform List<scalar> 
100
(
13333.3
15654.8
13333.3
13333.3
13333.3
13333.3
15662.1
15680.7
13333.3
13333.3
13333.3
13333.3
13333.3
13333.3
13333.3
13333.3
13333.3
13333.3
13333.3
15668.4
15682.3
15683.5
15683.4
15683.2
15682.9
15682.7
15682.7
15682.6
15682.5
15682.4
15682.3
15682.3
15682.5
15682.8
15683.1
15683.2
15683.3
15683.1
15685
13333.3
13333.3
13333.3
13333.3
13333.3
13333.3
13333.3
13333.3
13333.3
13333.3
13333.3
13333.3
13333.3
13333.3
13333.3
13333.3
13333.3
13333.3
13333.3
13333.3
13333.3
13333.3
13333.3
13333.3
13333.3
13333.3
13333.3
13333.3
13333.3
13333.3
13333.3
13333.3
13333.3
13333.3
13333.3
13333.3
13333.3
13333.3
13333.3
13333.3
13333.3
13333.3
13333.3
13333.3
13333.3
13333.3
13333.3
13333.3
13333.3
13333.3
13333.3
13333.3
13333.3
13333.3
13333.3
13333.3
13333.3
13333.3
13333.3
13333.3
13333.3
)
;
    }
    topWall
    {
        beta1           0.075;
        blended         false;
        type            omegaWallFunction;
        value           nonuniform List<scalar> 
100
(
15658.1
13333.3
13333.3
13333.3
13333.3
13333.3
13333.3
13333.3
15665
15679.1
15680.3
15680.4
15680.3
15680.1
15679.9
15679.7
15679.6
15679.3
15681.1
13333.3
13333.3
13333.3
13333.3
13333.3
13333.3
13333.3
15664.1
15678
15679.1
15679.2
15679.1
15678.9
15680.7
13333.3
13333.3
13333.3
13333.3
13333.3
13333.3
13333.3
13333.3
13333.3
13333.3
13333.3
15665.3
15679.1
15680.2
15680.3
15680.2
15680.1
15680.1
15680
15680
15680
15680
15680
15680
15680.1
15680.1
15680.1
15680.1
15680.1
15680.1
15680.1
15680.1
15680.1
15680.2
15680.2
15680.2
15680.2
15680.2
15680.2
15680.2
15680.2
15680.2
15680.2
15680.2
15680.2
15680.2
15680.2
15680.2
15680.2
15680.2
15680.2
15680.2
15680.2
15680.2
15680.2
15680.2
15680.2
15680.2
15680.2
15680.2
15680.2
15680.2
15680.2
15680.2
15680.1
15680.1
15680.1
)
;
    }
    frontAndBack
    {
        type            empty;
    }
}


// ************************************************************************* //
