/*--------------------------------*- C++ -*----------------------------------*\
  =========                 |
  \\      /  F ield         | OpenFOAM: The Open Source CFD Toolbox
   \\    /   O peration     | Website:  https://openfoam.org
    \\  /    A nd           | Version:  11
     \\/     M anipulation  |
\*---------------------------------------------------------------------------*/
FoamFile
{
    format      ascii;
    class       volScalarField;
    location    "600";
    object      p;
}
// * * * * * * * * * * * * * * * * * * * * * * * * * * * * * * * * * * * * * //

dimensions      [0 2 -2 0 0 0 0];

internalField   nonuniform List<scalar> 
5000
(
-1.57704e-06
0.00351332
0.00457182
-0.00267669
-0.0159789
-0.0292574
-0.0357961
-0.0331298
-0.0292119
-0.0297123
-0.0318399
-0.0332546
-0.0342212
-0.0349915
-0.0355057
-0.037506
-0.0391084
-0.0371243
-0.0350732
-0.0335136
-0.0316424
-0.0302487
-0.0287774
-0.0269368
-0.0235429
-0.0188934
-0.0118661
-0.00340252
0.00719059
0.0178802
0.0302153
0.0417363
0.0533378
0.0618203
0.0678308
0.0710472
0.0731712
0.0748509
0.0780902
0.0777968
0.0693967
0.0589374
0.0485741
0.0400615
0.0331462
0.02872
0.0258819
0.0244615
0.0235449
0.0230395
0.0225949
0.0223081
0.0219939
0.0217645
0.0214664
0.0212476
0.0209714
0.0207498
0.0204172
0.0200881
0.0196676
0.0192824
0.0188722
0.0185265
0.0181431
0.017847
0.0174986
0.0172377
0.0169221
0.0166714
0.0163077
0.0159596
0.0154649
0.0150754
0.0145485
0.0141755
0.013666
0.0132665
0.0128
0.0123707
0.0119726
0.0115335
0.0111299
0.0106966
0.0103016
0.00987635
0.00949916
0.00906243
0.00866436
0.00820556
0.00778845
0.00736512
0.00692175
0.00651773
0.00604658
0.0056291
0.00516374
0.00468813
0.00384197
0.00148134
0.000260519
0.00351173
0.00435549
-0.00283436
-0.0159965
-0.0289292
-0.0355116
-0.0332526
-0.0294885
-0.0298172
-0.0318773
-0.0332719
-0.0342307
-0.0349978
-0.0355807
-0.037451
-0.0389707
-0.0370949
-0.0348714
-0.033246
-0.0315147
-0.0301856
-0.0287511
-0.0269281
-0.023542
-0.0188952
-0.0118698
-0.00340544
0.00718732
0.0178791
0.0302143
0.0417378
0.0533414
0.0618266
0.0678358
0.0710505
0.0731723
0.0748489
0.0778324
0.0774584
0.0692668
0.0588881
0.0485514
0.040049
0.0331388
0.0287148
0.0258786
0.0244593
0.0235438
0.0230388
0.0225946
0.0223078
0.0219938
0.0217644
0.0214664
0.0212474
0.0209713
0.0207497
0.0204171
0.0200879
0.0196675
0.0192823
0.0188722
0.0185264
0.0181431
0.0178469
0.0174986
0.0172376
0.0169221
0.0166713
0.0163076
0.0159595
0.0154648
0.0150753
0.0145485
0.0141754
0.013666
0.0132665
0.0128
0.0123707
0.0119726
0.0115335
0.01113
0.0106966
0.0103017
0.00987634
0.0094992
0.00906243
0.00866438
0.00820557
0.00778848
0.00736511
0.0069218
0.00651772
0.0060466
0.00562909
0.00516383
0.00468823
0.00384337
0.0015758
0.000426207
0.00353773
0.00420325
-0.00298675
-0.0160207
-0.0287275
-0.0352789
-0.0332864
-0.0296698
-0.0299104
-0.0319178
-0.0332925
-0.0342421
-0.0350286
-0.0356674
-0.0374393
-0.0388738
-0.0370431
-0.0347247
-0.0330173
-0.0313666
-0.030108
-0.0287186
-0.026918
-0.0235428
-0.0188998
-0.0118778
-0.00341112
0.00718075
0.0178779
0.0302121
0.0417416
0.0533491
0.0618405
0.0678465
0.0710576
0.073175
0.0748466
0.0776533
0.0772067
0.0691428
0.0588303
0.0485224
0.040031
0.0331272
0.0287059
0.025873
0.0244556
0.023542
0.0230378
0.0225943
0.0223075
0.0219938
0.0217642
0.0214664
0.0212472
0.0209713
0.0207495
0.020417
0.0200877
0.0196674
0.0192821
0.0188722
0.0185263
0.0181431
0.0178468
0.0174987
0.0172374
0.0169221
0.0166711
0.0163076
0.0159594
0.0154647
0.0150752
0.0145485
0.0141753
0.013666
0.0132664
0.0128001
0.0123706
0.0119727
0.0115334
0.01113
0.0106966
0.0103017
0.00987628
0.00949928
0.0090624
0.00866442
0.00820553
0.00778855
0.00736505
0.00692189
0.00651768
0.00604666
0.00562905
0.00516401
0.00468831
0.00384257
0.00164149
0.000536537
0.0035774
0.00410537
-0.00310488
-0.0160478
-0.0286119
-0.0351139
-0.0332818
-0.0297884
-0.0299914
-0.031957
-0.0333123
-0.0342537
-0.0350608
-0.0357398
-0.0374463
-0.0388114
-0.0369922
-0.0346155
-0.0328447
-0.0312342
-0.0300314
-0.028686
-0.0269098
-0.0235474
-0.0189082
-0.0118914
-0.00341974
0.00717043
0.0178769
0.0302088
0.0417485
0.0533613
0.0618631
0.0678635
0.0710689
0.0731794
0.0748454
0.0775407
0.0770254
0.0690339
0.0587706
0.048491
0.0400088
0.0331117
0.0286929
0.0258652
0.0244503
0.0235398
0.0230363
0.022594
0.0223071
0.021994
0.0217639
0.0214666
0.0212469
0.0209715
0.0207491
0.020417
0.0200874
0.0196673
0.0192819
0.0188724
0.0185261
0.0181434
0.0178466
0.0174989
0.0172371
0.0169222
0.0166708
0.0163075
0.0159591
0.0154647
0.0150749
0.0145486
0.0141751
0.0136662
0.0132663
0.0128001
0.0123704
0.0119727
0.0115333
0.0111301
0.0106964
0.0103019
0.00987617
0.00949943
0.00906233
0.00866451
0.00820543
0.00778868
0.00736493
0.00692206
0.00651758
0.00604678
0.00562894
0.00516432
0.00468838
0.00384102
0.00169209
0.000648654
0.00362322
0.00403535
-0.00319422
-0.0160693
-0.0285264
-0.0349879
-0.0332795
-0.0298954
-0.0300759
-0.0319986
-0.0333334
-0.0342664
-0.0350817
-0.035786
-0.037449
-0.0387536
-0.0369362
-0.0345182
-0.0326999
-0.0311137
-0.0299562
-0.0286555
-0.0269054
-0.0235574
-0.0189212
-0.0119112
-0.00343161
0.00715603
0.0178762
0.0302042
0.0417588
0.0533786
0.0618955
0.0678873
0.0710847
0.0731855
0.074845
0.0774514
0.0768655
0.0689262
0.058706
0.0484561
0.0399812
0.0330918
0.0286756
0.025855
0.0244432
0.0235372
0.0230345
0.0225939
0.0223065
0.0219943
0.0217636
0.0214669
0.0212464
0.0209717
0.0207485
0.0204171
0.020087
0.0196674
0.0192817
0.0188727
0.0185259
0.0181438
0.0178463
0.0174992
0.0172366
0.0169225
0.0166702
0.0163076
0.0159586
0.0154647
0.0150746
0.0145488
0.0141749
0.0136663
0.013266
0.0128003
0.0123702
0.0119729
0.0115331
0.0111303
0.0106962
0.0103021
0.00987597
0.00949966
0.00906217
0.00866467
0.00820526
0.00778889
0.00736474
0.00692231
0.0065174
0.00604697
0.00562877
0.00516476
0.00468844
0.00384027
0.00174603
0.000778939
0.00367776
0.00397655
-0.00326894
-0.016083
-0.0284489
-0.0348799
-0.0332882
-0.0300118
-0.0301718
-0.0320463
-0.0333575
-0.0342809
-0.0350941
-0.0358133
-0.037442
-0.0386886
-0.0368691
-0.0344199
-0.0325626
-0.0309963
-0.0298803
-0.0286273
-0.0269054
-0.0235732
-0.0189392
-0.0119375
-0.00344685
0.00713745
0.0178758
0.0301984
0.0417726
0.0534013
0.061938
0.0679182
0.0711052
0.0731935
0.0748445
0.0773652
0.0767039
0.0688111
0.0586326
0.0484157
0.0399476
0.0330669
0.0286537
0.0258423
0.0244344
0.0235341
0.0230322
0.0225938
0.0223059
0.0219949
0.0217631
0.0214675
0.0212457
0.0209721
0.0207477
0.0204172
0.0200864
0.0196674
0.0192813
0.0188731
0.0185256
0.0181444
0.0178459
0.0174998
0.017236
0.0169228
0.0166694
0.0163076
0.015958
0.0154648
0.0150741
0.0145491
0.0141745
0.0136666
0.0132657
0.0128005
0.0123699
0.0119731
0.0115328
0.0111305
0.0106959
0.0103023
0.00987572
0.00949996
0.00906196
0.00866489
0.00820502
0.00778917
0.00736447
0.00692264
0.00651713
0.00604723
0.00562851
0.00516532
0.00468854
0.00384112
0.00181004
0.000928417
0.00374335
0.00392253
-0.00333784
-0.0160905
-0.028372
-0.0347786
-0.0333076
-0.0301433
-0.0302809
-0.0321017
-0.0333856
-0.0342973
-0.0351022
-0.0358303
-0.0374258
-0.0386139
-0.0367895
-0.034314
-0.0324212
-0.0308753
-0.0298018
-0.0286007
-0.0269097
-0.0235948
-0.0189622
-0.0119702
-0.00346556
0.0071148
0.0178755
0.0301913
0.0417898
0.0534295
0.0619906
0.0679561
0.0711302
0.0732032
0.0748435
0.0772752
0.0765324
0.0686855
0.0585487
0.0483686
0.0399074
0.0330368
0.028627
0.025827
0.0244238
0.0235305
0.0230296
0.0225938
0.0223051
0.0219956
0.0217625
0.0214682
0.0212449
0.0209726
0.0207468
0.0204173
0.0200857
0.0196676
0.0192809
0.0188737
0.0185254
0.0181452
0.0178455
0.0175005
0.0172352
0.0169233
0.0166684
0.0163078
0.0159573
0.0154648
0.0150736
0.0145494
0.014174
0.0136669
0.0132653
0.0128008
0.0123695
0.0119734
0.0115325
0.0111308
0.0106956
0.0103027
0.00987538
0.00950034
0.00906166
0.0086652
0.0082047
0.00778952
0.00736413
0.00692305
0.0065168
0.00604755
0.00562819
0.00516598
0.00468875
0.00384401
0.00188531
0.00109497
0.00382059
0.00387211
-0.00340463
-0.0160942
-0.0282935
-0.034679
-0.0333356
-0.0302892
-0.0304026
-0.032165
-0.0334179
-0.0343155
-0.0351088
-0.0358421
-0.0374022
-0.0385305
-0.0366981
-0.034198
-0.0322698
-0.0307467
-0.0297193
-0.028575
-0.0269179
-0.0236218
-0.0189903
-0.0120094
-0.00348783
0.00708824
0.0178754
0.0301832
0.0418103
0.0534633
0.0620531
0.068001
0.0711597
0.0732146
0.0748414
0.0771795
0.0763497
0.068549
0.058454
0.0483146
0.0398607
0.0330014
0.0285957
0.0258091
0.0244114
0.0235264
0.0230265
0.0225938
0.0223042
0.0219964
0.0217618
0.021469
0.021244
0.0209732
0.0207456
0.0204175
0.0200849
0.0196677
0.0192805
0.0188744
0.018525
0.0181461
0.017845
0.0175014
0.0172342
0.0169239
0.0166672
0.0163079
0.0159564
0.015465
0.0150729
0.0145498
0.0141735
0.0136673
0.0132648
0.0128011
0.0123691
0.0119738
0.0115321
0.0111312
0.0106952
0.0103031
0.009875
0.00950077
0.00906132
0.00866556
0.00820434
0.00778993
0.00736373
0.00692352
0.0065164
0.00604793
0.0056278
0.00516673
0.00468913
0.00384929
0.00197045
0.00127579
0.00390932
0.0038256
-0.00347059
-0.0160958
-0.0282137
-0.0345798
-0.0333708
-0.0304473
-0.0305353
-0.0322355
-0.033454
-0.0343356
-0.0351151
-0.0358512
-0.0373733
-0.0384396
-0.0365967
-0.0340711
-0.032106
-0.0306086
-0.0296317
-0.0285496
-0.02693
-0.0236541
-0.0190234
-0.0120547
-0.00351373
0.00705803
0.017875
0.030174
0.0418337
0.0535028
0.0621254
0.0680528
0.0711936
0.0732277
0.0748382
0.0770781
0.076157
0.0684026
0.058349
0.0482539
0.0398074
0.0329606
0.0285599
0.0257887
0.0243974
0.0235218
0.0230231
0.0225939
0.0223033
0.0219974
0.0217611
0.02147
0.0212429
0.0209739
0.0207442
0.0204177
0.020084
0.019668
0.0192801
0.0188753
0.0185247
0.0181472
0.0178444
0.0175023
0.0172332
0.0169245
0.0166659
0.0163081
0.0159554
0.0154651
0.0150722
0.0145502
0.0141729
0.0136678
0.0132643
0.0128015
0.0123686
0.0119742
0.0115316
0.0111316
0.0106947
0.0103035
0.00987456
0.00950127
0.00906091
0.00866598
0.00820391
0.0077904
0.00736328
0.00692404
0.00651595
0.00604836
0.00562736
0.00516757
0.00468971
0.00385703
0.00206352
0.00146837
0.00400899
0.00378348
-0.00353596
-0.016096
-0.0281332
-0.0344813
-0.0334121
-0.0306155
-0.0306776
-0.0323125
-0.0334937
-0.0343572
-0.035122
-0.0358587
-0.0373407
-0.0383427
-0.0364872
-0.0339331
-0.0319296
-0.0304605
-0.029539
-0.0285245
-0.0269457
-0.0236913
-0.0190613
-0.0121058
-0.00354333
0.00702444
0.0178744
0.0301641
0.0418597
0.0535479
0.0622072
0.0681113
0.0712316
0.0732424
0.0748336
0.0769715
0.0759562
0.0682475
0.0582345
0.0481866
0.039748
0.0329146
0.0285196
0.0257656
0.0243818
0.0235166
0.0230193
0.022594
0.0223022
0.0219985
0.0217603
0.021471
0.0212418
0.0209746
0.0207428
0.020418
0.020083
0.0196682
0.0192796
0.0188762
0.0185244
0.0181484
0.0178438
0.0175034
0.0172321
0.0169252
0.0166644
0.0163083
0.0159543
0.0154652
0.0150715
0.0145507
0.0141723
0.0136683
0.0132637
0.012802
0.0123681
0.0119746
0.0115312
0.0111321
0.0106942
0.010304
0.0098741
0.00950178
0.00906048
0.00866643
0.00820346
0.0077909
0.00736279
0.0069246
0.00651545
0.00604881
0.00562688
0.00516847
0.00469052
0.00386731
0.0021631
0.00167044
0.00411902
0.00374635
-0.00360044
-0.0160953
-0.0280531
-0.0343843
-0.0334588
-0.0307922
-0.0308283
-0.0323951
-0.0335366
-0.0343802
-0.0351298
-0.0358653
-0.0373051
-0.0382411
-0.0363712
-0.0337845
-0.0317409
-0.0303027
-0.0294412
-0.0284994
-0.026965
-0.0237332
-0.0191041
-0.0121626
-0.00357668
0.00698769
0.0178733
0.0301535
0.0418882
0.0535986
0.0622981
0.0681765
0.0712736
0.0732587
0.0748278
0.0768605
0.075749
0.0680849
0.0581114
0.048113
0.0396827
0.0328635
0.0284751
0.0257401
0.0243647
0.0235108
0.0230153
0.022594
0.0223011
0.0219996
0.0217595
0.0214722
0.0212406
0.0209753
0.0207412
0.0204182
0.0200819
0.0196685
0.0192792
0.0188772
0.0185241
0.0181497
0.0178432
0.0175046
0.0172309
0.0169259
0.0166628
0.0163084
0.0159531
0.0154654
0.0150707
0.0145512
0.0141717
0.0136688
0.0132631
0.0128025
0.0123675
0.0119751
0.0115306
0.0111326
0.0106937
0.0103045
0.0098736
0.00950235
0.00906001
0.00866693
0.00820297
0.00779143
0.00736228
0.00692518
0.00651492
0.0060493
0.00562638
0.00516942
0.0046916
0.00388002
0.00226827
0.00188071
0.00423884
0.00371457
-0.00366351
-0.0160938
-0.0279739
-0.0342895
-0.0335106
-0.0309762
-0.0309862
-0.0324827
-0.0335824
-0.0344045
-0.0351385
-0.0358714
-0.0372672
-0.038136
-0.0362498
-0.033626
-0.0315403
-0.0301354
-0.0293386
-0.0284744
-0.0269877
-0.0237795
-0.0191515
-0.0122246
-0.00361381
0.00694805
0.0178715
0.0301424
0.0419188
0.0536551
0.0623978
0.0682483
0.0713194
0.0732763
0.0748207
0.0767458
0.0755367
0.0679159
0.0579805
0.0480334
0.0396119
0.0328074
0.0284267
0.025712
0.0243461
0.0235045
0.0230109
0.022594
0.0222999
0.0220008
0.0217586
0.0214733
0.0212393
0.020976
0.0207395
0.0204185
0.0200808
0.0196688
0.0192787
0.0188783
0.0185238
0.0181511
0.0178427
0.0175058
0.0172298
0.0169266
0.0166611
0.0163086
0.0159519
0.0154656
0.0150699
0.0145518
0.014171
0.0136694
0.0132625
0.012803
0.012367
0.0119756
0.0115301
0.0111331
0.0106932
0.0103051
0.0098731
0.00950291
0.00905955
0.00866743
0.00820248
0.00779198
0.00736175
0.00692579
0.00651437
0.0060498
0.00562585
0.00517041
0.00469297
0.00389514
0.00237814
0.00209787
0.00436798
0.00368859
-0.00372469
-0.0160917
-0.0278966
-0.0341976
-0.0335671
-0.0311663
-0.0311506
-0.0325748
-0.0336308
-0.0344299
-0.0351481
-0.0358769
-0.0372273
-0.0380282
-0.036124
-0.0334584
-0.0313284
-0.0299592
-0.0292315
-0.0284495
-0.027014
-0.0238302
-0.0192036
-0.0122917
-0.00365472
0.00690572
0.0178691
0.0301309
0.0419513
0.053717
0.0625061
0.0683264
0.0713689
0.0732953
0.0748124
0.0766281
0.0753209
0.0677413
0.0578425
0.0479482
0.0395358
0.0327465
0.0283743
0.0256813
0.0243261
0.0234976
0.0230063
0.0225939
0.0222988
0.0220019
0.0217578
0.0214745
0.021238
0.0209768
0.0207377
0.0204187
0.0200797
0.0196691
0.0192782
0.0188795
0.0185236
0.0181525
0.0178421
0.0175071
0.0172286
0.0169273
0.0166593
0.0163088
0.0159507
0.0154657
0.0150691
0.0145523
0.0141704
0.0136699
0.0132619
0.0128035
0.0123664
0.0119761
0.0115296
0.0111336
0.0106927
0.0103056
0.00987258
0.0095035
0.00905906
0.00866796
0.00820196
0.00779254
0.00736121
0.0069264
0.00651381
0.0060503
0.00562532
0.00517142
0.00469467
0.00391253
0.00249204
0.00232117
0.00450605
0.00366865
-0.00378354
-0.0160894
-0.0278216
-0.0341093
-0.0336283
-0.0313617
-0.0313206
-0.0326709
-0.0336816
-0.0344563
-0.0351586
-0.0358819
-0.0371859
-0.0379183
-0.0359944
-0.0332824
-0.0311058
-0.0297747
-0.0291201
-0.0284249
-0.0270438
-0.0238849
-0.01926
-0.0123636
-0.00369943
0.00686094
0.0178658
0.0301191
0.0419854
0.0537845
0.0626225
0.0684108
0.0714217
0.0733156
0.074803
0.076508
0.0751024
0.0675618
0.0576981
0.0478576
0.0394548
0.0326808
0.0283183
0.0256482
0.0243047
0.0234901
0.0230015
0.0225938
0.0222976
0.0220031
0.0217569
0.0214757
0.0212368
0.0209774
0.0207359
0.0204188
0.0200785
0.0196694
0.0192778
0.0188807
0.0185234
0.018154
0.0178416
0.0175084
0.0172274
0.016928
0.0166574
0.0163089
0.0159494
0.0154659
0.0150683
0.0145528
0.0141697
0.0136705
0.0132613
0.012804
0.0123658
0.0119766
0.0115291
0.0111341
0.0106921
0.0103062
0.00987209
0.00950407
0.00905859
0.00866847
0.00820147
0.0077931
0.00736068
0.00692701
0.00651325
0.0060508
0.00562479
0.00517244
0.00469668
0.00393212
0.0026093
0.00254969
0.00465275
0.00365507
-0.00383969
-0.0160869
-0.0277494
-0.0340249
-0.0336938
-0.0315617
-0.0314957
-0.0327709
-0.0337345
-0.0344837
-0.0351699
-0.0358864
-0.0371431
-0.0378069
-0.0358614
-0.0330987
-0.0308731
-0.0295825
-0.0290049
-0.0284006
-0.027077
-0.0239435
-0.0193209
-0.0124402
-0.0037479
0.00681385
0.0178616
0.030107
0.042021
0.0538574
0.0627469
0.0685013
0.0714779
0.0733371
0.0747925
0.076386
0.0748824
0.0673781
0.0575476
0.047762
0.0393692
0.0326106
0.0282587
0.0256128
0.0242821
0.0234821
0.0229964
0.0225936
0.0222964
0.0220043
0.0217561
0.0214769
0.0212355
0.0209781
0.0207341
0.020419
0.0200774
0.0196696
0.0192774
0.0188819
0.0185233
0.0181555
0.0178411
0.0175097
0.0172262
0.0169286
0.0166556
0.016309
0.0159481
0.015466
0.0150675
0.0145533
0.0141691
0.0136711
0.0132607
0.0128045
0.0123653
0.0119771
0.0115285
0.0111347
0.0106916
0.0103067
0.00987158
0.00950466
0.00905811
0.00866901
0.00820096
0.00779366
0.00736015
0.00692761
0.0065127
0.0060513
0.00562426
0.00517347
0.00469903
0.00395373
0.00272946
0.00278302
0.00480772
0.00364794
-0.0038929
-0.0160844
-0.0276803
-0.0339448
-0.0337635
-0.0317657
-0.0316753
-0.0328742
-0.0337893
-0.0345118
-0.0351819
-0.0358903
-0.0370993
-0.0376944
-0.0357257
-0.0329078
-0.0306309
-0.0293833
-0.0288862
-0.0283768
-0.0271138
-0.0240058
-0.0193859
-0.0125211
-0.00380012
0.00676464
0.0178564
0.0300949
0.0420579
0.0539356
0.062879
0.0685978
0.0715371
0.0733597
0.0747811
0.0762627
0.0746616
0.0671907
0.0573916
0.0476616
0.0392792
0.0325359
0.0281957
0.0255749
0.0242583
0.0234735
0.0229913
0.0225933
0.0222952
0.0220055
0.0217553
0.0214781
0.0212343
0.0209786
0.0207322
0.0204191
0.0200762
0.0196699
0.019277
0.0188831
0.0185232
0.018157
0.0178407
0.017511
0.017225
0.0169292
0.0166537
0.016309
0.0159468
0.0154661
0.0150667
0.0145539
0.0141685
0.0136716
0.0132601
0.012805
0.0123648
0.0119776
0.0115281
0.0111352
0.0106911
0.0103073
0.00987111
0.00950521
0.00905767
0.00866951
0.00820049
0.0077942
0.00735964
0.0069282
0.00651216
0.00605178
0.00562374
0.00517449
0.00470172
0.00397725
0.00285202
0.00302043
0.00497072
0.00364749
-0.00394294
-0.0160818
-0.0276148
-0.0338694
-0.0338373
-0.0319732
-0.0318588
-0.0329807
-0.0338459
-0.0345407
-0.0351946
-0.0358938
-0.0370544
-0.0375812
-0.0355877
-0.03271
-0.0303799
-0.0291774
-0.0287644
-0.0283534
-0.027154
-0.0240717
-0.0194551
-0.0126062
-0.00385602
0.00671341
0.0178502
0.0300826
0.0420958
0.054019
0.0630187
0.0687
0.0715993
0.0733834
0.0747688
0.0761384
0.0744408
0.0670004
0.0572304
0.0475566
0.039185
0.032457
0.0281293
0.0255348
0.0242334
0.0234644
0.0229859
0.0225929
0.0222941
0.0220066
0.0217546
0.0214792
0.0212331
0.0209791
0.0207304
0.0204192
0.0200751
0.0196701
0.0192767
0.0188844
0.0185232
0.0181585
0.0178403
0.0175123
0.0172239
0.0169297
0.0166518
0.016309
0.0159455
0.0154662
0.0150659
0.0145544
0.0141679
0.0136722
0.0132596
0.0128055
0.0123642
0.0119781
0.0115276
0.0111357
0.0106906
0.0103078
0.00987064
0.00950578
0.00905723
0.00867002
0.00820002
0.00779474
0.00735915
0.00692877
0.00651163
0.00605225
0.00562324
0.00517552
0.00470474
0.00400249
0.00297661
0.00326159
0.00514144
0.00365369
-0.00398963
-0.0160795
-0.027553
-0.0337989
-0.0339149
-0.0321836
-0.0320458
-0.03309
-0.0339041
-0.0345703
-0.0352078
-0.0358967
-0.0370089
-0.0374677
-0.0354478
-0.032506
-0.0301205
-0.0289655
-0.0286398
-0.0283304
-0.0271977
-0.024141
-0.0195283
-0.0126952
-0.00391556
0.00666035
0.0178428
0.0300704
0.0421347
0.0541076
0.0631657
0.0688079
0.0716643
0.0734081
0.0747557
0.0760136
0.0742205
0.0668075
0.0570645
0.0474473
0.0390869
0.0323739
0.0280599
0.0254925
0.0242074
0.0234548
0.0229804
0.0225924
0.0222929
0.0220077
0.0217539
0.0214803
0.021232
0.0209796
0.0207285
0.0204193
0.0200739
0.0196704
0.0192764
0.0188856
0.0185232
0.01816
0.01784
0.0175136
0.0172229
0.0169301
0.0166499
0.016309
0.0159442
0.0154663
0.0150652
0.0145549
0.0141673
0.0136727
0.0132591
0.012806
0.0123638
0.0119785
0.0115271
0.0111362
0.0106902
0.0103083
0.00987022
0.0095063
0.00905682
0.0086705
0.00819959
0.00779524
0.00735868
0.00692932
0.00651112
0.0060527
0.00562276
0.00517655
0.00470808
0.00402932
0.00310279
0.00350582
0.00531964
0.00366667
-0.00403283
-0.0160774
-0.0274954
-0.0337335
-0.0339961
-0.0323964
-0.0322358
-0.0332018
-0.0339637
-0.0346004
-0.0352215
-0.0358992
-0.0369627
-0.0373542
-0.0353066
-0.0322962
-0.0298533
-0.0287481
-0.0285127
-0.0283081
-0.0272448
-0.0242137
-0.0196052
-0.0127882
-0.00397864
0.00660553
0.0178344
0.0300581
0.0421744
0.0542011
0.0633199
0.0689213
0.071732
0.0734338
0.0747419
0.0758886
0.0740015
0.0666127
0.0568943
0.0473339
0.0389852
0.0322869
0.0279873
0.025448
0.0241804
0.0234447
0.0229748
0.0225918
0.0222918
0.0220087
0.0217532
0.0214814
0.0212308
0.0209799
0.0207266
0.0204193
0.0200728
0.0196706
0.0192761
0.0188868
0.0185233
0.0181614
0.0178397
0.0175148
0.0172219
0.0169305
0.016648
0.016309
0.0159429
0.0154663
0.0150644
0.0145553
0.0141668
0.0136732
0.0132586
0.0128065
0.0123633
0.011979
0.0115267
0.0111367
0.0106898
0.0103088
0.00986979
0.00950684
0.00905642
0.00867099
0.00819916
0.00779574
0.00735823
0.00692985
0.00651064
0.00605313
0.0056223
0.00517758
0.00471175
0.00405754
0.00323022
0.00375284
0.00550497
0.00368634
-0.00407235
-0.0160757
-0.0274421
-0.0336734
-0.0340807
-0.0326113
-0.0324283
-0.033316
-0.0340246
-0.0346311
-0.0352356
-0.0359012
-0.0369161
-0.0372409
-0.0351643
-0.0320812
-0.0295788
-0.0285257
-0.0283834
-0.0282864
-0.0272953
-0.0242895
-0.0196858
-0.0128846
-0.00404519
0.00654912
0.0178249
0.0300458
0.0422146
0.0542994
0.0634809
0.06904
0.0718021
0.0734604
0.0747276
0.0757639
0.0737843
0.0664163
0.0567203
0.0472166
0.0388801
0.032196
0.0279119
0.0254015
0.0241524
0.0234341
0.022969
0.0225911
0.0222907
0.0220097
0.0217526
0.0214824
0.0212298
0.0209802
0.0207247
0.0204193
0.0200716
0.0196707
0.0192758
0.018888
0.0185234
0.0181629
0.0178395
0.017516
0.017221
0.0169309
0.0166461
0.0163089
0.0159417
0.0154663
0.0150637
0.0145558
0.0141662
0.0136737
0.0132581
0.012807
0.0123629
0.0119794
0.0115263
0.0111371
0.0106894
0.0103093
0.00986942
0.00950732
0.00905606
0.00867142
0.00819878
0.0077962
0.00735782
0.00693035
0.00651018
0.00605354
0.00562186
0.0051786
0.00471571
0.00408702
0.00335846
0.00400204
0.0056971
0.00371281
-0.00410809
-0.0160745
-0.0273933
-0.0336187
-0.0341686
-0.0328277
-0.0326229
-0.0334321
-0.0340865
-0.0346623
-0.03525
-0.0359029
-0.0368693
-0.0371284
-0.0350216
-0.0318614
-0.0292977
-0.0282988
-0.028252
-0.0282654
-0.0273491
-0.0243683
-0.0197698
-0.0129845
-0.00411511
0.00649115
0.0178144
0.0300336
0.0422553
0.0544023
0.0636486
0.0691637
0.0718745
0.0734877
0.0747128
0.0756399
0.0735694
0.0662191
0.0565428
0.0470959
0.0387719
0.0321014
0.0278338
0.025353
0.0241235
0.0234231
0.0229632
0.0225903
0.0222897
0.0220106
0.021752
0.0214833
0.0212287
0.0209804
0.0207228
0.0204192
0.0200705
0.0196709
0.0192756
0.0188892
0.0185236
0.0181643
0.0178393
0.0175171
0.0172201
0.0169311
0.0166442
0.0163087
0.0159405
0.0154663
0.0150631
0.0145562
0.0141658
0.0136742
0.0132577
0.0128074
0.0123625
0.0119799
0.0115259
0.0111376
0.010689
0.0103097
0.00986904
0.00950781
0.0090557
0.00867188
0.00819841
0.00779666
0.00735742
0.00693083
0.00650974
0.00605392
0.00562144
0.00517961
0.00471996
0.00411756
0.00348719
0.00425312
0.00589563
0.00374586
-0.00413997
-0.0160738
-0.0273492
-0.0335694
-0.0342595
-0.0330451
-0.032819
-0.0335499
-0.0341494
-0.0346939
-0.0352648
-0.0359041
-0.0368224
-0.0370167
-0.0348788
-0.0316375
-0.0290105
-0.0280682
-0.0281189
-0.0282451
-0.0274062
-0.0244499
-0.019857
-0.0130875
-0.00418828
0.00643181
0.0178028
0.0300214
0.0422961
0.0545096
0.0638226
0.0692922
0.071949
0.0735158
0.0746977
0.0755168
0.0733574
0.0660216
0.0563623
0.046972
0.0386609
0.0320034
0.0277531
0.0253027
0.0240938
0.0234116
0.0229573
0.0225895
0.0222887
0.0220115
0.0217514
0.0214842
0.0212278
0.0209805
0.0207209
0.0204191
0.0200694
0.019671
0.0192754
0.0188903
0.0185238
0.0181657
0.0178392
0.0175182
0.0172193
0.0169313
0.0166424
0.0163086
0.0159393
0.0154663
0.0150624
0.0145566
0.0141653
0.0136747
0.0132573
0.0128079
0.0123621
0.0119803
0.0115256
0.011138
0.0106886
0.0103101
0.00986872
0.00950824
0.0090554
0.00867227
0.00819809
0.00779707
0.00735706
0.00693128
0.00650932
0.00605428
0.00562105
0.00518062
0.00472446
0.004149
0.00361594
0.00450533
0.00610017
0.00378546
-0.00416799
-0.0160737
-0.02731
-0.0335257
-0.034353
-0.0332632
-0.0330162
-0.033669
-0.0342129
-0.0347258
-0.0352798
-0.035905
-0.0367756
-0.0369064
-0.0347364
-0.0314101
-0.0287179
-0.0278343
-0.0279844
-0.0282256
-0.0274664
-0.024534
-0.0199471
-0.0131935
-0.00426446
0.00637119
0.0177902
0.0300093
0.0423372
0.054621
0.0640026
0.0694252
0.0720255
0.0735445
0.0746822
0.0753951
0.073149
0.0658243
0.0561789
0.0468452
0.0385473
0.0319023
0.0276701
0.0252506
0.0240634
0.0233998
0.0229513
0.0225885
0.0222877
0.0220123
0.0217509
0.021485
0.0212268
0.0209806
0.020719
0.0204189
0.0200683
0.0196711
0.0192753
0.0188914
0.0185241
0.018167
0.0178392
0.0175193
0.0172185
0.0169315
0.0166406
0.0163084
0.0159381
0.0154662
0.0150618
0.014557
0.0141649
0.0136751
0.0132569
0.0128083
0.0123617
0.0119807
0.0115252
0.0111384
0.0106883
0.0103106
0.0098684
0.00950868
0.00905508
0.00867269
0.00819778
0.00779748
0.00735672
0.0069317
0.00650893
0.00605461
0.00562068
0.00518162
0.0047292
0.0041811
0.00374435
0.00475823
0.00631019
0.00383125
-0.00419225
-0.0160744
-0.0272758
-0.0334875
-0.0344488
-0.0334812
-0.0332139
-0.033789
-0.0342769
-0.0347579
-0.0352949
-0.0359055
-0.036729
-0.0367975
-0.0345947
-0.0311799
-0.0284207
-0.0275977
-0.0278488
-0.0282069
-0.0275296
-0.0246205
-0.0200398
-0.0133019
-0.00434337
0.00630954
0.0177768
0.0299974
0.0423782
0.0547364
0.0641882
0.0695625
0.0721036
0.0735739
0.0746667
0.0752752
0.0729446
0.0656276
0.0559934
0.0467159
0.0384315
0.0317982
0.0275849
0.025197
0.0240323
0.0233876
0.0229452
0.0225874
0.0222867
0.022013
0.0217504
0.0214857
0.0212259
0.0209805
0.0207171
0.0204186
0.0200672
0.0196711
0.0192751
0.0188924
0.0185243
0.0181682
0.0178391
0.0175202
0.0172178
0.0169315
0.0166387
0.0163081
0.0159369
0.0154661
0.0150612
0.0145573
0.0141645
0.0136756
0.0132565
0.0128087
0.0123614
0.011981
0.011525
0.0111388
0.010688
0.0103109
0.00986814
0.00950907
0.00905483
0.00867305
0.00819752
0.00779787
0.00735642
0.00693211
0.00650857
0.00605494
0.00562034
0.00518262
0.00473415
0.00421373
0.00387191
0.00501145
0.00652546
0.00388349
-0.00421261
-0.016076
-0.0272466
-0.0334551
-0.0345469
-0.0336986
-0.0334119
-0.0339098
-0.0343414
-0.0347901
-0.0353097
-0.0359054
-0.0366827
-0.0366905
-0.0344545
-0.0309475
-0.0281195
-0.0273594
-0.0277126
-0.0281885
-0.0275953
-0.0247092
-0.0201347
-0.0134125
-0.00442505
0.00624663
0.0177626
0.0299856
0.0424191
0.0548556
0.0643793
0.0697032
0.0721829
0.0736037
0.0746514
0.0751579
0.072745
0.0654318
0.055806
0.0465846
0.0383141
0.0316917
0.0274975
0.0251416
0.0240005
0.023375
0.0229391
0.0225863
0.0222858
0.0220136
0.0217499
0.0214864
0.021225
0.0209803
0.0207151
0.0204182
0.020066
0.019671
0.0192748
0.0188933
0.0185245
0.0181693
0.0178389
0.017521
0.017217
0.0169313
0.0166368
0.0163077
0.0159357
0.0154659
0.0150605
0.0145576
0.0141641
0.0136759
0.0132562
0.0128091
0.0123612
0.0119814
0.0115247
0.0111392
0.0106878
0.0103113
0.00986789
0.00950947
0.00905462
0.00867344
0.00819727
0.00779826
0.00735614
0.00693249
0.00650825
0.00605524
0.00562003
0.00518364
0.00473938
0.00424682
0.00399863
0.00526445
0.00674538
0.00394161
-0.00422854
-0.0160778
-0.0272225
-0.0334283
-0.0346468
-0.0339152
-0.0336094
-0.034031
-0.0344062
-0.0348224
-0.0353247
-0.035905
-0.0366369
-0.0365857
-0.0343163
-0.030714
-0.0278154
-0.0271198
-0.0275761
-0.0281711
-0.0276637
-0.0247999
-0.0202319
-0.0135253
-0.00450938
0.00618265
0.0177472
0.0299738
0.0424592
0.0549777
0.064575
0.0698473
0.0722632
0.0736338
0.0746359
0.0750428
0.0725507
0.0652384
0.055618
0.0464516
0.038195
0.0315828
0.0274083
0.0250848
0.0239682
0.0233622
0.022933
0.0225851
0.0222849
0.0220142
0.0217495
0.021487
0.0212243
0.0209801
0.0207133
0.0204179
0.020065
0.019671
0.0192747
0.0188943
0.0185249
0.0181705
0.017839
0.0175218
0.0172164
0.0169312
0.0166351
0.0163074
0.0159346
0.0154657
0.0150599
0.014558
0.0141637
0.0136763
0.0132559
0.0128094
0.012361
0.0119817
0.0115245
0.0111395
0.0106876
0.0103117
0.00986767
0.00950979
0.00905445
0.00867375
0.00819704
0.0077986
0.00735586
0.00693284
0.00650794
0.00605551
0.00561972
0.00518463
0.00474473
0.00428003
0.00412368
0.00551618
0.0069694
0.00400533
-0.00424014
-0.0160797
-0.0272037
-0.0334068
-0.0347481
-0.0341306
-0.0338059
-0.0341521
-0.0344711
-0.0348548
-0.0353399
-0.0359045
-0.0365919
-0.0364835
-0.0341804
-0.0304802
-0.0275093
-0.0268793
-0.0274399
-0.0281549
-0.0277348
-0.0248923
-0.020331
-0.0136402
-0.00459587
0.00611798
0.017731
0.0299619
0.0424985
0.0551022
0.0647748
0.0699947
0.0723445
0.073664
0.0746205
0.0749301
0.0723621
0.0650483
0.0554297
0.0463173
0.0380746
0.0314716
0.0273176
0.0250271
0.0239356
0.0233492
0.0229268
0.0225838
0.022284
0.0220148
0.0217492
0.0214877
0.0212236
0.0209799
0.0207117
0.0204177
0.0200641
0.0196711
0.0192747
0.0188954
0.0185254
0.0181718
0.0178392
0.0175228
0.017216
0.0169312
0.0166335
0.0163071
0.0159336
0.0154656
0.0150595
0.0145582
0.0141634
0.0136767
0.0132557
0.0128098
0.0123607
0.011982
0.0115242
0.0111398
0.0106873
0.010312
0.00986743
0.00951011
0.00905422
0.00867407
0.0081968
0.0077989
0.0073556
0.00693314
0.00650763
0.00605574
0.00561942
0.00518557
0.00475012
0.00431299
0.0042464
0.0057663
0.00719701
0.00407448
-0.00424804
-0.0160826
-0.0271902
-0.033391
-0.0348505
-0.0343436
-0.034001
-0.0342728
-0.0345356
-0.0348867
-0.0353548
-0.0359038
-0.0365479
-0.0363841
-0.0340471
-0.0302463
-0.0272016
-0.026639
-0.0273042
-0.0281398
-0.0278081
-0.0249859
-0.0204315
-0.0137564
-0.00468412
0.00605288
0.017714
0.0299502
0.042537
0.0552291
0.0649782
0.0701446
0.0724264
0.0736946
0.0746056
0.0748207
0.0721797
0.064861
0.0552414
0.0461822
0.0379536
0.0313588
0.0272258
0.0249684
0.0239028
0.023336
0.0229207
0.0225825
0.0222832
0.0220153
0.0217488
0.0214882
0.021223
0.0209797
0.02071
0.0204174
0.0200631
0.019671
0.0192747
0.0188964
0.0185259
0.018173
0.0178394
0.0175237
0.0172156
0.0169312
0.0166319
0.0163068
0.0159327
0.0154655
0.015059
0.0145586
0.0141631
0.0136771
0.0132555
0.0128101
0.0123605
0.0119823
0.011524
0.0111401
0.0106871
0.0103123
0.00986725
0.00951039
0.00905404
0.00867434
0.00819661
0.00779917
0.00735538
0.00693342
0.00650735
0.00605596
0.00561916
0.00518651
0.00475563
0.00434569
0.00436653
0.00601384
0.00742748
0.00414862
-0.00425234
-0.0160863
-0.0271819
-0.0333805
-0.0349535
-0.0345538
-0.0341939
-0.0343925
-0.0345995
-0.0349181
-0.0353695
-0.0359029
-0.036505
-0.0362878
-0.0339171
-0.0300132
-0.0268932
-0.0263993
-0.0271694
-0.0281256
-0.0278835
-0.0250805
-0.0205328
-0.0138734
-0.00477379
0.00598749
0.0176964
0.0299388
0.0425747
0.055358
0.065185
0.0702966
0.0725088
0.0737253
0.0745912
0.0747147
0.0720038
0.0646772
0.0550536
0.0460467
0.0378323
0.0312449
0.027133
0.024909
0.0238698
0.0233226
0.0229146
0.0225811
0.0222823
0.0220157
0.0217484
0.0214887
0.0212224
0.0209793
0.0207082
0.0204169
0.0200621
0.0196709
0.0192746
0.0188973
0.0185263
0.0181741
0.0178395
0.0175245
0.0172152
0.016931
0.0166304
0.0163065
0.0159317
0.0154654
0.0150586
0.0145588
0.0141629
0.0136774
0.0132553
0.0128104
0.0123603
0.0119826
0.0115239
0.0111404
0.010687
0.0103125
0.00986708
0.00951068
0.00905386
0.00867465
0.00819644
0.00779945
0.00735519
0.00693369
0.00650711
0.00605616
0.00561893
0.00518743
0.00476123
0.00437797
0.00448364
0.00625856
0.0076603
0.00422732
-0.00425306
-0.0160908
-0.0271789
-0.0333752
-0.0350568
-0.0347607
-0.0343841
-0.0345109
-0.0346628
-0.034949
-0.035384
-0.0359019
-0.0364634
-0.0361948
-0.0337908
-0.0297817
-0.0265849
-0.0261611
-0.0270358
-0.0281124
-0.0279607
-0.0251759
-0.0206349
-0.0139911
-0.00486467
0.00592188
0.0176782
0.0299276
0.0426112
0.0554884
0.0653946
0.0704504
0.0725912
0.073756
0.0745774
0.0746124
0.0718347
0.0644977
0.0548669
0.0459112
0.037711
0.0311301
0.0270396
0.0248489
0.0238367
0.0233091
0.0229084
0.0225796
0.0222815
0.0220161
0.0217481
0.0214891
0.0212218
0.0209788
0.0207065
0.0204163
0.0200611
0.0196707
0.0192745
0.0188981
0.0185267
0.0181751
0.0178396
0.0175252
0.0172148
0.0169308
0.0166288
0.016306
0.0159308
0.0154652
0.0150582
0.014559
0.0141626
0.0136777
0.0132551
0.0128107
0.0123602
0.0119828
0.0115237
0.0111406
0.0106868
0.0103128
0.00986695
0.00951092
0.00905374
0.0086749
0.00819631
0.00779969
0.00735503
0.00693393
0.00650687
0.00605636
0.00561871
0.00518834
0.00476686
0.00440965
0.00459729
0.00649981
0.007895
0.00431027
-0.00425028
-0.0160958
-0.0271811
-0.0333751
-0.0351601
-0.0349639
-0.0345712
-0.0346278
-0.0347253
-0.0349794
-0.0353983
-0.0359009
-0.0364231
-0.0361055
-0.0336687
-0.0295525
-0.0262774
-0.025925
-0.0269039
-0.0281003
-0.0280397
-0.0252719
-0.0207373
-0.0141091
-0.00495656
0.00585617
0.0176592
0.0299165
0.0426463
0.0556198
0.0656063
0.0706054
0.0726734
0.0737867
0.0745643
0.0745139
0.071673
0.064323
0.0546819
0.0457761
0.0375902
0.0310147
0.0269457
0.0247884
0.0238036
0.0232955
0.0229023
0.022578
0.0222807
0.0220164
0.0217477
0.0214894
0.0212213
0.0209784
0.0207049
0.0204158
0.0200602
0.0196706
0.0192744
0.0188989
0.0185271
0.018176
0.0178398
0.0175259
0.0172146
0.0169305
0.0166274
0.0163056
0.0159299
0.015465
0.0150578
0.0145592
0.0141624
0.013678
0.0132549
0.012811
0.0123601
0.0119831
0.0115236
0.0111409
0.0106867
0.010313
0.00986682
0.00951117
0.00905359
0.00867517
0.00819617
0.00779993
0.00735488
0.00693415
0.00650666
0.00605653
0.00561852
0.00518923
0.00477248
0.00444057
0.00470724
0.00673718
0.00813112
0.00439692
-0.00424407
-0.0161012
-0.0271883
-0.0333799
-0.0352631
-0.0351629
-0.0347547
-0.0347428
-0.0347867
-0.0350092
-0.0354122
-0.0358999
-0.0363844
-0.0360199
-0.033551
-0.0293262
-0.0259716
-0.0256916
-0.0267739
-0.0280891
-0.0281201
-0.0253681
-0.0208397
-0.0142271
-0.00504919
0.00579059
0.0176396
0.0299056
0.0426801
0.055752
0.0658198
0.0707611
0.0727551
0.0738172
0.074552
0.0744195
0.0715189
0.0641535
0.054499
0.0456418
0.0374702
0.0308992
0.0268515
0.0247277
0.0237707
0.0232819
0.0228963
0.0225765
0.0222799
0.0220167
0.0217474
0.0214897
0.0212208
0.0209779
0.0207033
0.0204152
0.0200593
0.0196704
0.0192743
0.0188996
0.0185276
0.0181769
0.01784
0.0175265
0.0172143
0.0169303
0.016626
0.0163052
0.015929
0.0154648
0.0150574
0.0145594
0.0141622
0.0136783
0.0132548
0.0128113
0.01236
0.0119833
0.0115235
0.0111411
0.0106866
0.0103132
0.00986673
0.00951136
0.0090535
0.00867539
0.00819607
0.00780013
0.00735475
0.00693434
0.00650646
0.0060567
0.00561835
0.0051901
0.00477805
0.00447061
0.00481304
0.00696991
0.00836834
0.00448687
-0.00423455
-0.0161072
-0.0272006
-0.0333893
-0.0353654
-0.0353574
-0.0349344
-0.0348556
-0.0348471
-0.0350383
-0.0354258
-0.0358988
-0.0363473
-0.0359382
-0.0334383
-0.0291034
-0.025668
-0.0254615
-0.0266462
-0.0280789
-0.0282017
-0.0254642
-0.0209418
-0.0143448
-0.0051423
0.00572527
0.0176193
0.029895
0.0427122
0.0558844
0.0660344
0.0709173
0.0728362
0.0738474
0.0745405
0.0743294
0.0713728
0.0639895
0.0543186
0.0455087
0.0373513
0.0307837
0.0267574
0.0246669
0.023738
0.0232683
0.0228903
0.0225749
0.0222791
0.0220169
0.0217471
0.0214899
0.0212203
0.0209773
0.0207018
0.0204145
0.0200584
0.0196702
0.0192742
0.0189003
0.018528
0.0181777
0.0178401
0.0175271
0.0172141
0.01693
0.0166247
0.0163047
0.0159282
0.0154647
0.0150571
0.0145595
0.0141621
0.0136785
0.0132546
0.0128115
0.0123599
0.0119835
0.0115234
0.0111413
0.0106865
0.0103134
0.00986664
0.00951157
0.00905338
0.00867563
0.00819597
0.00780032
0.00735464
0.00693452
0.00650629
0.00605685
0.00561819
0.00519093
0.00478356
0.00449963
0.00491449
0.00719769
0.00860613
0.00457956
-0.00422186
-0.0161138
-0.0272177
-0.0334033
-0.0354667
-0.0355469
-0.0351097
-0.0349661
-0.034906
-0.0350666
-0.0354389
-0.0358977
-0.036312
-0.0358606
-0.0333307
-0.0288848
-0.0253675
-0.0252353
-0.026521
-0.0280695
-0.0282845
-0.02556
-0.0210432
-0.0144618
-0.00523565
0.00566038
0.0175984
0.0298846
0.0427427
0.0560166
0.0662497
0.0710734
0.0729163
0.0738774
0.0745299
0.0742438
0.0712348
0.0638314
0.0541413
0.0453772
0.0372339
0.0306686
0.0266635
0.0246063
0.0237055
0.0232547
0.0228844
0.0225733
0.0222784
0.0220171
0.0217468
0.0214901
0.0212199
0.0209768
0.0207004
0.0204139
0.0200575
0.0196699
0.0192742
0.018901
0.0185284
0.0181785
0.0178403
0.0175276
0.017214
0.0169297
0.0166235
0.0163041
0.0159274
0.0154645
0.0150568
0.0145597
0.0141619
0.0136788
0.0132545
0.0128118
0.0123598
0.0119836
0.0115233
0.0111415
0.0106865
0.0103136
0.00986658
0.00951172
0.00905331
0.00867582
0.0081959
0.00780049
0.00735454
0.00693468
0.00650612
0.00605699
0.00561805
0.00519175
0.00478896
0.00452753
0.00501119
0.00741986
0.00884388
0.00467466
-0.00420618
-0.0161208
-0.0272395
-0.0334214
-0.0355668
-0.0357311
-0.0352803
-0.0350738
-0.0349635
-0.0350942
-0.0354517
-0.0358967
-0.0362784
-0.0357872
-0.0332286
-0.0286709
-0.0250707
-0.0250136
-0.0263987
-0.0280611
-0.028368
-0.0256551
-0.0211437
-0.0145777
-0.00532897
0.00559605
0.017577
0.0298745
0.0427713
0.0561482
0.0664652
0.0712289
0.0729953
0.0739068
0.0745201
0.0741627
0.0711051
0.0636797
0.0539675
0.0452477
0.0371183
0.0305544
0.0265701
0.0245458
0.0236735
0.0232412
0.0228785
0.0225716
0.0222776
0.0220172
0.0217465
0.0214902
0.0212196
0.0209763
0.0206991
0.0204132
0.0200566
0.0196697
0.0192741
0.0189016
0.0185288
0.0181793
0.0178405
0.0175281
0.0172139
0.0169294
0.0166224
0.0163036
0.0159266
0.0154643
0.0150565
0.0145598
0.0141618
0.013679
0.0132544
0.012812
0.0123597
0.0119838
0.0115233
0.0111416
0.0106864
0.0103137
0.00986651
0.00951188
0.00905322
0.00867603
0.00819583
0.00780065
0.00735446
0.00693481
0.00650597
0.00605712
0.00561794
0.00519253
0.00479423
0.00455418
0.00510297
0.00763614
0.00908082
0.00477167
-0.00418769
-0.0161282
-0.0272658
-0.0334434
-0.0356653
-0.0359094
-0.0354458
-0.0351786
-0.0350193
-0.0351209
-0.035464
-0.0358957
-0.0362467
-0.0357181
-0.0331323
-0.0284625
-0.0247783
-0.024797
-0.0262796
-0.0280534
-0.028452
-0.0257494
-0.0212428
-0.0146922
-0.00542195
0.00553245
0.0175551
0.0298647
0.0427979
0.0562787
0.0666801
0.0713833
0.0730727
0.0739358
0.0745114
0.0740862
0.0709839
0.0635347
0.0537977
0.0451205
0.037005
0.0304413
0.0264776
0.0244859
0.023642
0.0232278
0.0228728
0.0225699
0.0222769
0.0220173
0.0217462
0.0214903
0.0212192
0.0209757
0.0206979
0.0204124
0.0200558
0.0196695
0.019274
0.0189021
0.0185292
0.01818
0.0178407
0.0175286
0.0172138
0.016929
0.0166214
0.016303
0.0159259
0.0154642
0.0150562
0.0145599
0.0141616
0.0136792
0.0132544
0.0128122
0.0123597
0.011984
0.0115232
0.0111418
0.0106864
0.0103139
0.00986648
0.00951199
0.00905317
0.00867619
0.00819578
0.00780078
0.00735439
0.00693493
0.00650583
0.00605724
0.00561783
0.00519329
0.00479933
0.00457951
0.00518947
0.00784588
0.00931604
0.00487032
-0.00416659
-0.0161358
-0.0272963
-0.0334691
-0.0357619
-0.0360815
-0.0356057
-0.0352803
-0.0350732
-0.0351466
-0.0354758
-0.0358948
-0.0362169
-0.0356534
-0.0330421
-0.02826
-0.0244913
-0.0245861
-0.0261641
-0.0280464
-0.0285363
-0.0258423
-0.0213402
-0.014805
-0.00551424
0.00546972
0.0175328
0.0298551
0.0428224
0.0564077
0.0668939
0.0715363
0.0731485
0.0739642
0.0745038
0.0740144
0.0708713
0.0633967
0.0536324
0.0449961
0.0368942
0.0303297
0.0263861
0.0244266
0.023611
0.0232146
0.0228671
0.0225683
0.0222762
0.0220174
0.0217459
0.0214904
0.021219
0.0209752
0.0206967
0.0204117
0.020055
0.0196692
0.019274
0.0189027
0.0185297
0.0181806
0.0178408
0.017529
0.0172138
0.0169287
0.0166204
0.0163025
0.0159252
0.015464
0.015056
0.01456
0.0141615
0.0136794
0.0132543
0.0128124
0.0123596
0.0119841
0.0115232
0.0111419
0.0106863
0.010314
0.00986643
0.00951211
0.00905309
0.00867637
0.00819573
0.00780091
0.00735434
0.00693503
0.0065057
0.00605734
0.00561774
0.00519401
0.00480426
0.0046034
0.00527054
0.00804868
0.0095486
0.00497003
-0.00414311
-0.0161437
-0.0273307
-0.0334982
-0.0358563
-0.0362467
-0.0357596
-0.0353784
-0.0351251
-0.0351712
-0.0354872
-0.0358941
-0.0361892
-0.0355933
-0.0329582
-0.0280643
-0.0242104
-0.0243815
-0.0260525
-0.0280402
-0.0286204
-0.0259337
-0.0214354
-0.0149156
-0.00560546
0.0054081
0.0175102
0.0298459
0.0428447
0.0565345
0.0671058
0.071687
0.0732223
0.0739918
0.0744974
0.0739472
0.0707676
0.0632662
0.053472
0.044875
0.0367864
0.0302202
0.026296
0.0243681
0.0235808
0.0232016
0.0228615
0.0225666
0.0222755
0.0220174
0.0217456
0.0214905
0.0212187
0.0209747
0.0206957
0.0204109
0.0200543
0.019669
0.0192739
0.0189032
0.0185301
0.0181813
0.017841
0.0175294
0.0172138
0.0169284
0.0166196
0.0163019
0.0159245
0.0154639
0.0150558
0.0145601
0.0141614
0.0136795
0.0132542
0.0128126
0.0123596
0.0119842
0.0115232
0.011142
0.0106863
0.0103141
0.00986643
0.00951218
0.00905307
0.0086765
0.00819571
0.007801
0.00735429
0.00693512
0.00650558
0.00605744
0.00561767
0.0051947
0.00480895
0.00462578
0.00534583
0.0082436
0.00977754
0.00507031
-0.00411752
-0.0161517
-0.0273687
-0.0335302
-0.0359481
-0.0364047
-0.0359069
-0.0354726
-0.0351748
-0.0351948
-0.035498
-0.0358935
-0.0361636
-0.0355377
-0.0328808
-0.027876
-0.0239366
-0.0241841
-0.0259452
-0.0280346
-0.0287039
-0.026023
-0.021528
-0.0150237
-0.00569514
0.00534777
0.0174874
0.029837
0.0428647
0.0566587
0.0673149
0.071835
0.0732937
0.0740186
0.0744921
0.0738849
0.0706728
0.0631436
0.0533172
0.0447577
0.036682
0.0301131
0.0262078
0.0243107
0.0235513
0.0231888
0.0228561
0.0225649
0.0222749
0.0220174
0.0217453
0.0214905
0.0212185
0.0209741
0.0206948
0.0204101
0.0200536
0.0196688
0.0192739
0.0189036
0.0185304
0.0181818
0.0178412
0.0175297
0.0172138
0.0169282
0.0166188
0.0163013
0.0159239
0.0154637
0.0150556
0.0145601
0.0141614
0.0136797
0.0132542
0.0128128
0.0123596
0.0119843
0.0115231
0.0111422
0.0106863
0.0103142
0.0098664
0.00951227
0.00905301
0.00867666
0.00819568
0.0078011
0.00735426
0.00693519
0.00650548
0.00605752
0.00561761
0.00519535
0.00481342
0.00464656
0.00541522
0.00843003
0.0100018
0.00517042
-0.00409007
-0.0161596
-0.0274097
-0.0335647
-0.0360369
-0.036555
-0.0360472
-0.0355628
-0.0352221
-0.0352171
-0.0355083
-0.0358931
-0.0361402
-0.035487
-0.0328102
-0.0276961
-0.0236714
-0.0239947
-0.0258426
-0.0280295
-0.0287863
-0.0261099
-0.0216175
-0.0151288
-0.00578281
0.005289
0.0174646
0.0298286
0.0428822
0.0567794
0.0675202
0.0719793
0.0733624
0.0740444
0.0744879
0.0738276
0.0705871
0.0630293
0.0531687
0.044645
0.0365814
0.0300089
0.0261218
0.0242547
0.0235227
0.0231763
0.0228508
0.0225632
0.0222742
0.0220173
0.0217451
0.0214905
0.0212183
0.0209736
0.0206939
0.0204094
0.0200529
0.0196686
0.0192739
0.018904
0.0185308
0.0181824
0.0178414
0.0175301
0.0172139
0.0169279
0.0166182
0.0163007
0.0159234
0.0154636
0.0150554
0.0145602
0.0141613
0.0136799
0.0132541
0.0128129
0.0123596
0.0119844
0.0115231
0.0111422
0.0106863
0.0103142
0.0098664
0.00951231
0.00905299
0.00867676
0.00819567
0.00780117
0.00735423
0.00693525
0.00650539
0.0060576
0.00561756
0.00519596
0.0048176
0.00466568
0.00547835
0.00860695
0.01022
0.0052697
-0.004061
-0.0161672
-0.0274532
-0.033601
-0.036122
-0.0366972
-0.0361799
-0.0356483
-0.0352668
-0.0352382
-0.035518
-0.0358929
-0.036119
-0.0354411
-0.0327466
-0.0275253
-0.0234161
-0.0238143
-0.0257449
-0.0280248
-0.0288669
-0.0261937
-0.0217032
-0.0152305
-0.005868
0.00523198
0.0174417
0.0298205
0.0428973
0.056896
0.0677203
0.0721192
0.073428
0.074069
0.0744849
0.0737754
0.0705107
0.0629241
0.0530274
0.0445375
0.0364852
0.0299081
0.0260384
0.0242002
0.0234952
0.0231641
0.0228456
0.0225615
0.0222735
0.0220172
0.0217448
0.0214905
0.0212182
0.0209732
0.0206932
0.0204086
0.0200523
0.0196684
0.0192739
0.0189044
0.0185312
0.0181829
0.0178416
0.0175304
0.017214
0.0169277
0.0166176
0.0163001
0.0159228
0.0154635
0.0150553
0.0145603
0.0141612
0.01368
0.0132541
0.0128131
0.0123595
0.0119845
0.0115231
0.0111423
0.0106863
0.0103143
0.00986639
0.00951236
0.00905294
0.00867689
0.00819565
0.00780124
0.00735421
0.00693529
0.0065053
0.00605767
0.00561753
0.00519653
0.0048215
0.00468305
0.00553513
0.0087736
0.0104305
0.00536726
-0.00403052
-0.0161742
-0.0274983
-0.0336384
-0.0362029
-0.036831
-0.0363045
-0.0357291
-0.0353088
-0.0352581
-0.0355272
-0.035893
-0.0361002
-0.0354001
-0.0326902
-0.0273648
-0.0231726
-0.0236438
-0.0256526
-0.0280201
-0.0289447
-0.0262735
-0.0217847
-0.0153284
-0.00595031
0.00517695
0.017419
0.0298129
0.0429098
0.0570075
0.0679138
0.0722533
0.0734898
0.0740921
0.0744829
0.0737286
0.0704439
0.0628286
0.0528943
0.0444362
0.036394
0.029811
0.0259579
0.0241475
0.0234687
0.0231523
0.0228406
0.0225598
0.0222728
0.0220171
0.0217445
0.0214905
0.021218
0.0209727
0.0206925
0.0204079
0.0200517
0.0196683
0.0192739
0.0189048
0.0185315
0.0181833
0.0178418
0.0175307
0.0172141
0.0169275
0.0166171
0.0162995
0.0159223
0.0154634
0.0150551
0.0145603
0.0141612
0.0136801
0.0132541
0.0128132
0.0123596
0.0119846
0.0115231
0.0111424
0.0106863
0.0103143
0.00986641
0.00951237
0.00905293
0.00867697
0.00819565
0.00780128
0.0073542
0.00693531
0.00650523
0.00605773
0.0056175
0.00519706
0.00482507
0.00469862
0.00558526
0.00892884
0.0106314
0.00546222
-0.00399856
-0.01618
-0.0275441
-0.0336756
-0.0362791
-0.0369562
-0.0364208
-0.035805
-0.035348
-0.0352766
-0.0355358
-0.0358933
-0.0360837
-0.0353642
-0.0326411
-0.0272156
-0.0229428
-0.023484
-0.0255659
-0.0280149
-0.0290186
-0.0263482
-0.0218616
-0.0154224
-0.00602961
0.00512391
0.0173964
0.0298054
0.0429198
0.0571131
0.0680991
0.0723804
0.0735474
0.0741136
0.074482
0.0736876
0.0703873
0.0627441
0.0527708
0.0443422
0.0363084
0.0297179
0.0258805
0.0240966
0.0234432
0.0231408
0.0228356
0.0225581
0.0222721
0.0220169
0.0217443
0.0214904
0.0212179
0.0209724
0.020692
0.0204072
0.0200512
0.0196681
0.0192739
0.0189051
0.0185319
0.0181837
0.017842
0.0175309
0.0172143
0.0169273
0.0166167
0.016299
0.0159219
0.0154633
0.015055
0.0145603
0.0141611
0.0136802
0.0132541
0.0128133
0.0123595
0.0119846
0.0115231
0.0111424
0.0106863
0.0103144
0.0098664
0.0095124
0.00905288
0.00867708
0.00819564
0.00780133
0.0073542
0.00693533
0.00650517
0.00605778
0.0056175
0.00519753
0.00482831
0.00471231
0.00562879
0.00907212
0.0108209
0.00555354
-0.0039643
-0.0161839
-0.0275889
-0.0337111
-0.0363505
-0.0370733
-0.0365293
-0.0358759
-0.0353847
-0.0352937
-0.035544
-0.0358939
-0.0360698
-0.0353334
-0.0325995
-0.0270788
-0.0227287
-0.0233357
-0.0254842
-0.0280083
-0.0290872
-0.0264161
-0.0219336
-0.0155126
-0.00610639
0.00507268
0.0173739
0.0297981
0.042927
0.0572123
0.0682742
0.072499
0.0735999
0.0741331
0.0744819
0.0736533
0.0703423
0.0626718
0.0526591
0.0442568
0.0362291
0.0296283
0.0258056
0.0240474
0.0234187
0.0231295
0.0228307
0.0225563
0.0222713
0.0220166
0.021744
0.0214904
0.0212179
0.020972
0.0206915
0.0204066
0.0200508
0.019668
0.019274
0.0189054
0.0185322
0.0181841
0.0178421
0.0175312
0.0172144
0.0169271
0.0166164
0.0162985
0.0159215
0.0154633
0.0150549
0.0145604
0.0141611
0.0136803
0.0132541
0.0128134
0.0123596
0.0119847
0.0115231
0.0111424
0.0106864
0.0103143
0.00986643
0.00951237
0.00905289
0.00867712
0.00819566
0.00780134
0.0073542
0.00693533
0.00650511
0.00605783
0.00561749
0.00519795
0.00483117
0.00472412
0.0056656
0.00920316
0.0109973
0.00564125
-0.00392591
-0.0161841
-0.0276307
-0.0337433
-0.0364179
-0.0371842
-0.0366314
-0.0359426
-0.035419
-0.0353098
-0.0355518
-0.0358949
-0.0360585
-0.0353079
-0.0325652
-0.0269543
-0.0225319
-0.023199
-0.0254053
-0.0279991
-0.0291489
-0.0264754
-0.0220018
-0.0156009
-0.0061822
0.0050226
0.0173512
0.0297906
0.0429316
0.0573047
0.0684379
0.0726077
0.0736466
0.0741503
0.0744827
0.073627
0.0703115
0.0626139
0.0525612
0.0441817
0.0361551
0.0295402
0.0257316
0.0239992
0.0233947
0.0231183
0.0228258
0.0225544
0.0222705
0.0220164
0.0217438
0.0214903
0.0212178
0.0209717
0.0206912
0.020406
0.0200504
0.0196679
0.0192741
0.0189057
0.0185325
0.0181844
0.0178423
0.0175314
0.0172146
0.016927
0.0166162
0.0162981
0.0159212
0.0154632
0.0150549
0.0145604
0.0141611
0.0136804
0.013254
0.0128135
0.0123596
0.0119847
0.0115231
0.0111424
0.0106864
0.0103143
0.00986642
0.00951236
0.00905284
0.0086772
0.00819566
0.00780136
0.00735421
0.00693532
0.00650506
0.00605787
0.0056175
0.00519832
0.00483364
0.00473398
0.00569608
0.00932399
0.0111609
0.00572766
-0.00387886
-0.0161784
-0.0276684
-0.0337712
-0.0364836
-0.0372947
-0.0367307
-0.0360066
-0.0354517
-0.0353252
-0.0355592
-0.0358963
-0.0360498
-0.0352875
-0.032538
-0.0268404
-0.0223516
-0.0230721
-0.0253241
-0.0279852
-0.0292024
-0.0265245
-0.0220686
-0.0156931
-0.00626052
0.00497229
0.0173277
0.0297824
0.0429337
0.0573923
0.068591
0.0727058
0.0736875
0.0741654
0.0744843
0.0736115
0.0702998
0.0625723
0.0524781
0.0441185
0.0360836
0.0294483
0.0256549
0.0239504
0.0233704
0.023107
0.0228207
0.0225523
0.0222696
0.022016
0.0217435
0.0214902
0.0212178
0.0209715
0.0206909
0.0204055
0.0200502
0.0196679
0.0192742
0.0189059
0.0185327
0.0181847
0.0178425
0.0175316
0.0172148
0.0169269
0.016616
0.0162977
0.0159209
0.0154632
0.0150548
0.0145605
0.0141611
0.0136805
0.013254
0.0128136
0.0123596
0.0119847
0.0115231
0.0111424
0.0106864
0.0103143
0.00986646
0.00951229
0.00905285
0.00867721
0.00819569
0.00780134
0.00735423
0.0069353
0.00650502
0.0060579
0.00561752
0.00519862
0.0048357
0.00474196
0.00572053
0.00944131
0.0113183
0.00581896
-0.00381343
-0.0161648
-0.027704
-0.0337951
-0.0365538
-0.0374162
-0.0368335
-0.0360697
-0.0354835
-0.0353402
-0.0355663
-0.0358982
-0.0360437
-0.0352722
-0.0325174
-0.0267301
-0.0221808
-0.0229488
-0.0252311
-0.0279642
-0.0292493
-0.0265642
-0.02214
-0.0158009
-0.0063476
0.00491963
0.0173027
0.0297732
0.0429337
0.0574819
0.0687406
0.0727958
0.0737243
0.0741792
0.0744869
0.073611
0.0703161
0.062548
0.0524071
0.0440672
0.0360084
0.0293406
0.0255692
0.023899
0.0233452
0.023095
0.0228154
0.0225501
0.0222687
0.0220157
0.0217433
0.0214901
0.0212179
0.0209713
0.0206907
0.0204052
0.02005
0.0196678
0.0192743
0.0189061
0.018533
0.018185
0.0178426
0.0175317
0.017215
0.0169269
0.016616
0.0162974
0.0159208
0.0154632
0.0150549
0.0145604
0.0141611
0.0136805
0.013254
0.0128136
0.0123596
0.0119847
0.0115231
0.0111424
0.0106864
0.0103143
0.00986646
0.00951226
0.00905279
0.00867727
0.00819569
0.00780134
0.00735426
0.00693527
0.00650499
0.00605792
0.00561755
0.00519886
0.00483734
0.00474811
0.00574052
0.00957526
0.0114894
0.00592603
-0.00371772
-0.0161463
-0.027748
-0.03382
-0.0366415
-0.0375692
-0.036949
-0.0361348
-0.0355152
-0.035355
-0.0355731
-0.0359004
-0.03604
-0.0352618
-0.0325023
-0.0266038
-0.021998
-0.0228165
-0.0251145
-0.0279393
-0.0293002
-0.0265999
-0.0222287
-0.0159446
-0.00645228
0.00486201
0.0172757
0.0297629
0.0429325
0.0575931
0.0689099
0.0728865
0.0737613
0.0741939
0.0744912
0.0736282
0.0703673
0.062536
0.0523367
0.0440223
0.0359164
0.0291969
0.0254655
0.0238423
0.0233182
0.0230825
0.0228098
0.0225478
0.0222678
0.0220153
0.0217432
0.0214901
0.0212179
0.0209712
0.0206907
0.0204049
0.0200499
0.0196678
0.0192744
0.0189063
0.0185332
0.0181851
0.0178427
0.0175319
0.0172151
0.0169269
0.0166159
0.0162972
0.0159206
0.0154632
0.0150549
0.0145605
0.0141611
0.0136805
0.013254
0.0128136
0.0123596
0.0119847
0.0115231
0.0111424
0.0106865
0.0103142
0.0098665
0.00951218
0.00905279
0.00867725
0.00819573
0.0078013
0.00735429
0.00693523
0.00650496
0.00605793
0.00561759
0.00519904
0.00483855
0.00475257
0.00575866
0.00976952
0.0117238
0.00605499
-0.00359727
-0.016143
-0.0278286
-0.0338524
-0.0367728
-0.0377824
-0.0370828
-0.0362033
-0.0355459
-0.0353687
-0.0355791
-0.0359027
-0.0360382
-0.0352556
-0.0324916
-0.0264184
-0.0217527
-0.0226683
-0.024979
-0.0279303
-0.0293838
-0.0266383
-0.0223606
-0.0161523
-0.00657959
0.00479809
0.0172477
0.0297523
0.0429316
0.0577685
0.0691499
0.0729957
0.0738032
0.0742121
0.0744985
0.0736497
0.0704407
0.0625124
0.0522367
0.0439764
0.0357818
0.0289892
0.0253388
0.0237789
0.0232905
0.0230703
0.0228047
0.0225458
0.022267
0.0220151
0.0217431
0.0214901
0.021218
0.0209712
0.0206907
0.0204048
0.0200499
0.0196679
0.0192745
0.0189064
0.0185333
0.0181853
0.0178429
0.017532
0.0172152
0.0169269
0.0166159
0.0162971
0.0159205
0.0154632
0.0150548
0.0145605
0.014161
0.0136806
0.013254
0.0128137
0.0123597
0.0119846
0.0115231
0.0111423
0.0106865
0.0103141
0.00986655
0.00951208
0.00905279
0.0086772
0.00819578
0.00780125
0.00735432
0.0069352
0.00650493
0.00605794
0.00561762
0.00519917
0.00483934
0.00475546
0.00577733
0.010036
0.0120502
0.00617372
-0.0034845
-0.0161838
-0.0279521
-0.0338714
-0.0369663
-0.0380405
-0.0372019
-0.0362618
-0.0355709
-0.0353787
-0.0355832
-0.0359043
-0.0360378
-0.0352529
-0.0324855
-0.0261594
-0.0214199
-0.0225387
-0.0248577
-0.0279663
-0.0295077
-0.0266593
-0.022554
-0.0164081
-0.00669601
0.00474193
0.0172239
0.0297438
0.0429325
0.0580216
0.0694804
0.0731181
0.0738448
0.0742297
0.074507
0.0736518
0.0705093
0.0624516
0.0520992
0.0439505
0.0355864
0.0287333
0.0252228
0.0237231
0.0232669
0.023061
0.0228012
0.0225445
0.0222667
0.022015
0.0217432
0.0214902
0.0212182
0.0209713
0.0206908
0.0204048
0.0200499
0.019668
0.0192747
0.0189065
0.0185335
0.0181854
0.017843
0.0175321
0.0172153
0.0169269
0.016616
0.016297
0.0159204
0.0154633
0.0150548
0.0145606
0.0141609
0.0136806
0.0132539
0.0128136
0.0123597
0.0119845
0.0115232
0.0111422
0.0106866
0.010314
0.00986661
0.00951198
0.00905285
0.0086771
0.00819583
0.0078012
0.00735434
0.00693518
0.0065049
0.00605795
0.00561763
0.00519925
0.00483971
0.0047569
0.00579016
)
;

boundaryField
{
    inlet
    {
        type            cyclic;
    }
    outlet
    {
        type            cyclic;
    }
    bottomWall
    {
        type            zeroGradient;
    }
    topWall
    {
        type            zeroGradient;
    }
    frontAndBack
    {
        type            empty;
    }
}


// ************************************************************************* //
