/*--------------------------------*- C++ -*----------------------------------*\
  =========                 |
  \\      /  F ield         | OpenFOAM: The Open Source CFD Toolbox
   \\    /   O peration     | Website:  https://openfoam.org
    \\  /    A nd           | Version:  11
     \\/     M anipulation  |
\*---------------------------------------------------------------------------*/
FoamFile
{
    format      ascii;
    class       volVectorField;
    location    "600";
    object      wallShearStress;
}
// * * * * * * * * * * * * * * * * * * * * * * * * * * * * * * * * * * * * * //

dimensions      [0 2 -2 0 0 0 0];

internalField   uniform (0 0 0);

boundaryField
{
    inlet
    {
        type            cyclic;
    }
    outlet
    {
        type            cyclic;
    }
    bottomWall
    {
        type            calculated;
        value           nonuniform List<vector> 
100
(
(-0.303064 -0.000121379 0)
(-0.303158 3.04385e-05 0)
(-0.302084 4.69265e-05 0)
(-0.30219 -1.31626e-05 0)
(-0.302083 -1.50995e-05 0)
(-0.303184 -6.14352e-05 0)
(-0.303133 -4.69399e-05 0)
(-0.303376 6.6974e-05 0)
(-0.30216 0.000120178 0)
(-0.30178 4.82711e-05 0)
(-0.301665 2.04718e-05 0)
(-0.30163 9.11431e-06 0)
(-0.301617 3.18325e-06 0)
(-0.301598 -5.79127e-05 0)
(-0.302034 -5.72345e-05 0)
(-0.30202 -3.81674e-05 0)
(-0.303167 -5.50811e-05 0)
(-0.303582 -2.66763e-05 0)
(-0.303679 -2.11607e-05 0)
(-0.303175 -2.66651e-05 0)
(-0.303378 -1.71769e-05 0)
(-0.303453 -7.02996e-06 0)
(-0.303485 -2.57838e-06 0)
(-0.303501 -8.29732e-07 0)
(-0.303509 -5.62772e-08 0)
(-0.303512 -3.08836e-08 0)
(-0.30351 -8.86609e-08 0)
(-0.303506 -9.10067e-08 0)
(-0.303503 1.30559e-08 0)
(-0.303501 6.11538e-08 0)
(-0.3035 4.60708e-08 0)
(-0.303501 -2.05015e-08 0)
(-0.303501 -2.48266e-07 0)
(-0.303501 -5.27736e-07 0)
(-0.303499 -6.75931e-07 0)
(-0.303495 -5.75104e-07 0)
(-0.303492 -3.25893e-07 0)
(-0.303491 -2.45112e-07 0)
(-0.303492 9.16392e-05 0)
(-0.302197 0.000130849 0)
(-0.301795 5.42521e-05 0)
(-0.301676 2.29868e-05 0)
(-0.301642 1.03775e-05 0)
(-0.301632 4.52716e-06 0)
(-0.301627 1.80391e-06 0)
(-0.301622 7.2575e-07 0)
(-0.30162 3.32789e-07 0)
(-0.301618 2.27424e-07 0)
(-0.301618 1.60775e-07 0)
(-0.301619 1.19624e-07 0)
(-0.301619 5.77767e-08 0)
(-0.30162 5.30358e-08 0)
(-0.30162 1.48397e-08 0)
(-0.301621 2.89407e-08 0)
(-0.301621 2.88839e-09 0)
(-0.301621 2.91565e-08 0)
(-0.301622 5.78564e-09 0)
(-0.301622 2.87951e-08 0)
(-0.301622 1.13408e-08 0)
(-0.301622 2.4235e-08 0)
(-0.301622 1.45289e-08 0)
(-0.301623 2.12828e-08 0)
(-0.301623 4.37433e-09 0)
(-0.301623 1.65371e-08 0)
(-0.301624 -4.64439e-09 0)
(-0.301624 1.6076e-08 0)
(-0.301624 -4.65062e-09 0)
(-0.301625 2.2192e-08 0)
(-0.301625 -1.52063e-10 0)
(-0.301626 2.24325e-08 0)
(-0.301626 4.56742e-09 0)
(-0.301626 1.52857e-08 0)
(-0.301625 6.24594e-09 0)
(-0.301625 1.08679e-08 0)
(-0.301626 2.93616e-09 0)
(-0.301626 8.40474e-09 0)
(-0.301626 -1.00314e-09 0)
(-0.301626 8.38985e-09 0)
(-0.301626 -3.45761e-09 0)
(-0.301626 6.63864e-09 0)
(-0.301626 -4.47683e-09 0)
(-0.301626 4.5206e-09 0)
(-0.301626 -5.52463e-09 0)
(-0.301626 3.61278e-09 0)
(-0.301626 -6.27037e-09 0)
(-0.301626 2.89955e-09 0)
(-0.301626 -7.26786e-09 0)
(-0.301626 4.48836e-09 0)
(-0.301625 -9.15206e-09 0)
(-0.301625 1.22407e-09 0)
(-0.301625 -7.14589e-09 0)
(-0.301625 1.69634e-09 0)
(-0.301625 -6.59446e-09 0)
(-0.301625 2.68767e-09 0)
(-0.301625 -8.54793e-09 0)
(-0.301625 -2.77488e-09 0)
(-0.301625 -3.00786e-08 0)
(-0.301625 -8.78328e-08 0)
(-0.301623 -5.03266e-07 0)
(-0.301602 -8.56077e-05 0)
)
;
    }
    topWall
    {
        type            calculated;
        value           nonuniform List<vector> 
100
(
(-0.303442 -9.29225e-05 0)
(-0.302159 -0.000127176 0)
(-0.301786 7.4807e-06 0)
(-0.302116 3.51904e-05 0)
(-0.30207 2.93951e-05 0)
(-0.303134 5.01316e-05 0)
(-0.30354 2.42737e-05 0)
(-0.303627 1.98714e-05 0)
(-0.303167 2.60371e-05 0)
(-0.303355 1.7221e-05 0)
(-0.303417 7.26066e-06 0)
(-0.303439 2.94846e-06 0)
(-0.303448 1.11971e-06 0)
(-0.303455 2.0022e-07 0)
(-0.303463 -2.72492e-07 0)
(-0.30347 -4.68957e-07 0)
(-0.303476 -5.59518e-07 0)
(-0.30348 -3.62181e-07 0)
(-0.30348 -9.10573e-05 0)
(-0.302186 -0.000128313 0)
(-0.301789 6.88556e-06 0)
(-0.302106 3.48417e-05 0)
(-0.302054 2.88821e-05 0)
(-0.303128 4.9926e-05 0)
(-0.303532 2.40567e-05 0)
(-0.303622 1.96226e-05 0)
(-0.303163 2.56699e-05 0)
(-0.303356 1.67583e-05 0)
(-0.303421 6.82186e-06 0)
(-0.303446 2.62108e-06 0)
(-0.303456 1.02391e-06 0)
(-0.30346 2.9209e-07 0)
(-0.303462 -9.05077e-05 0)
(-0.302175 -0.000128831 0)
(-0.301797 -5.18987e-05 0)
(-0.30169 -2.11293e-05 0)
(-0.30166 -9.12002e-06 0)
(-0.301651 -3.15603e-06 0)
(-0.301633 5.77448e-05 0)
(-0.302064 5.67193e-05 0)
(-0.302043 3.76583e-05 0)
(-0.30312 5.42673e-05 0)
(-0.303524 2.59949e-05 0)
(-0.303612 2.04721e-05 0)
(-0.303152 2.607e-05 0)
(-0.303342 1.69034e-05 0)
(-0.303407 6.83925e-06 0)
(-0.303431 2.64798e-06 0)
(-0.303442 1.05477e-06 0)
(-0.303447 4.0235e-07 0)
(-0.303449 1.37815e-07 0)
(-0.303451 4.15531e-08 0)
(-0.303452 -4.35903e-09 0)
(-0.303453 -9.78432e-09 0)
(-0.303453 -2.09671e-08 0)
(-0.303454 -1.8917e-08 0)
(-0.303454 -1.60246e-08 0)
(-0.303455 -3.58271e-09 0)
(-0.303455 3.96498e-09 0)
(-0.303455 6.03267e-09 0)
(-0.303455 -4.37819e-09 0)
(-0.303455 -1.35499e-08 0)
(-0.303456 -2.21471e-08 0)
(-0.303456 -2.10981e-08 0)
(-0.303457 -2.73386e-08 0)
(-0.303457 -1.91133e-08 0)
(-0.303458 -2.24271e-08 0)
(-0.303458 -1.63769e-08 0)
(-0.303458 -1.08572e-08 0)
(-0.303458 2.83248e-09 0)
(-0.303458 1.35673e-08 0)
(-0.303458 1.51471e-08 0)
(-0.303458 1.43398e-08 0)
(-0.303458 1.16096e-10 0)
(-0.303458 1.00153e-08 0)
(-0.303458 -1.09373e-09 0)
(-0.303458 5.97603e-09 0)
(-0.303458 1.99115e-09 0)
(-0.303458 1.41566e-09 0)
(-0.303458 7.53197e-09 0)
(-0.303458 -2.65229e-09 0)
(-0.303457 8.47247e-09 0)
(-0.303457 -1.1984e-09 0)
(-0.303457 6.92247e-09 0)
(-0.303457 -9.80284e-10 0)
(-0.303457 8.43457e-09 0)
(-0.303457 -2.93494e-09 0)
(-0.303457 1.00933e-08 0)
(-0.303457 -5.13658e-09 0)
(-0.303457 6.33216e-09 0)
(-0.303457 -2.56987e-09 0)
(-0.303457 1.27115e-09 0)
(-0.303457 3.68167e-10 0)
(-0.303457 1.09167e-09 0)
(-0.303457 -9.51499e-10 0)
(-0.303457 -3.79402e-09 0)
(-0.303457 -1.89509e-08 0)
(-0.303457 -6.1205e-08 0)
(-0.303458 -1.80718e-07 0)
(-0.303459 -2.34228e-06 0)
)
;
    }
    frontAndBack
    {
        type            empty;
    }
}


// ************************************************************************* //
