/*--------------------------------*- C++ -*----------------------------------*\
  =========                 |
  \\      /  F ield         | OpenFOAM: The Open Source CFD Toolbox
   \\    /   O peration     | Website:  https://openfoam.org
    \\  /    A nd           | Version:  11
     \\/     M anipulation  |
\*---------------------------------------------------------------------------*/
FoamFile
{
    format      ascii;
    class       volScalarField;
    location    "800";
    object      k;
}
// * * * * * * * * * * * * * * * * * * * * * * * * * * * * * * * * * * * * * //

dimensions      [0 2 -2 0 0 0 0];

internalField   nonuniform List<scalar> 
5000
(
1.1122
1.03226
1.04135
1.08045
1.08367
1.11389
1.03277
1.02842
1.041
1.04205
1.04315
1.04361
1.04373
1.04369
1.08215
1.08437
1.11401
1.11616
1.11661
1.0335
1.02859
1.02846
1.02852
1.02854
1.02854
1.02854
1.02853
1.02852
1.0285
1.02849
1.02848
1.02849
1.0285
1.02852
1.02853
1.02854
1.02854
1.02853
1.02864
1.04076
1.04187
1.043
1.04347
1.04362
1.04368
1.04371
1.04373
1.04375
1.04376
1.04376
1.04376
1.04377
1.04377
1.04377
1.04377
1.04377
1.04377
1.04377
1.04377
1.04377
1.04377
1.04377
1.04377
1.04377
1.04377
1.04377
1.04378
1.04378
1.04378
1.04378
1.04378
1.04378
1.04378
1.04378
1.04378
1.04378
1.04378
1.04378
1.04378
1.04378
1.04378
1.04378
1.04378
1.04378
1.04378
1.04378
1.04378
1.04378
1.04378
1.04378
1.04378
1.04378
1.04379
1.04378
1.04378
1.04378
1.04378
1.04378
1.04377
1.04375
0.945124
0.936972
0.933072
0.937532
0.938513
0.944807
0.937016
0.935758
0.932995
0.932528
0.932714
0.932859
0.932913
0.932855
0.93789
0.938755
0.944903
0.946299
0.946646
0.937501
0.935927
0.935736
0.935719
0.935714
0.935705
0.935699
0.935696
0.935697
0.935694
0.935695
0.93569
0.935691
0.935691
0.935698
0.935705
0.935713
0.935718
0.935713
0.935711
0.933
0.932515
0.932686
0.932826
0.932884
0.932906
0.932916
0.932922
0.932925
0.932926
0.932926
0.932926
0.932926
0.932926
0.932926
0.932926
0.932926
0.932927
0.932927
0.932927
0.932928
0.932928
0.932929
0.93293
0.93293
0.932931
0.932931
0.932932
0.932932
0.932932
0.932933
0.932933
0.932933
0.932934
0.932934
0.932935
0.932935
0.932936
0.932936
0.932936
0.932937
0.932937
0.932937
0.932937
0.932937
0.932937
0.932937
0.932937
0.932937
0.932937
0.932937
0.932937
0.932937
0.932937
0.932937
0.932937
0.932936
0.932936
0.932935
0.932928
0.932868
0.883008
0.882532
0.880764
0.880785
0.880724
0.882387
0.88252
0.8826
0.880794
0.880436
0.880461
0.880524
0.880568
0.88057
0.880928
0.88086
0.882488
0.882944
0.883061
0.882771
0.882795
0.882826
0.882861
0.882884
0.882892
0.882894
0.882892
0.882892
0.882889
0.882887
0.882884
0.882883
0.882883
0.882889
0.882897
0.882905
0.88291
0.882906
0.882832
0.880926
0.880505
0.880493
0.880539
0.880573
0.88059
0.880598
0.8806
0.8806
0.8806
0.8806
0.8806
0.880599
0.880599
0.880599
0.880599
0.880599
0.880599
0.8806
0.8806
0.880601
0.880601
0.880602
0.880602
0.880602
0.880603
0.880603
0.880603
0.880604
0.880604
0.880604
0.880605
0.880605
0.880606
0.880606
0.880607
0.880607
0.880607
0.880607
0.880607
0.880607
0.880607
0.880607
0.880607
0.880607
0.880607
0.880607
0.880607
0.880607
0.880606
0.880606
0.880606
0.880606
0.880605
0.880605
0.880605
0.880605
0.880605
0.880604
0.880604
0.880602
0.836143
0.836212
0.835765
0.835505
0.835382
0.835749
0.83615
0.836305
0.835785
0.835701
0.835733
0.835781
0.835823
0.835827
0.835637
0.835496
0.835838
0.835923
0.835956
0.836286
0.836453
0.836515
0.836562
0.836595
0.836615
0.836625
0.836629
0.836631
0.836629
0.836628
0.836626
0.836626
0.836626
0.836629
0.836634
0.836639
0.836643
0.836641
0.836583
0.835963
0.835813
0.835802
0.835826
0.835851
0.835868
0.835877
0.835881
0.835882
0.835883
0.835883
0.835884
0.835884
0.835884
0.835884
0.835884
0.835884
0.835884
0.835884
0.835885
0.835885
0.835886
0.835886
0.835886
0.835887
0.835887
0.835887
0.835888
0.835888
0.835888
0.835889
0.835889
0.835889
0.83589
0.83589
0.83589
0.83589
0.83589
0.83589
0.83589
0.83589
0.83589
0.83589
0.83589
0.83589
0.835889
0.835889
0.835889
0.835889
0.835888
0.835888
0.835887
0.835887
0.835887
0.835886
0.835886
0.835886
0.835886
0.835886
0.835886
0.835877
0.793567
0.793576
0.793482
0.793354
0.793292
0.793338
0.793485
0.79355
0.793456
0.793466
0.793501
0.793542
0.79358
0.793587
0.793465
0.793388
0.793417
0.793407
0.793415
0.793575
0.793657
0.793697
0.793735
0.793769
0.793793
0.793809
0.793817
0.793822
0.793824
0.793825
0.793824
0.793825
0.793825
0.793827
0.79383
0.793833
0.793835
0.793835
0.793802
0.793645
0.793602
0.793595
0.793609
0.793628
0.793644
0.793654
0.79366
0.793663
0.793665
0.793666
0.793667
0.793668
0.793668
0.793668
0.793669
0.793669
0.793669
0.793669
0.79367
0.79367
0.793671
0.793671
0.793671
0.793672
0.793672
0.793672
0.793673
0.793673
0.793673
0.793674
0.793674
0.793674
0.793674
0.793674
0.793675
0.793675
0.793675
0.793675
0.793675
0.793674
0.793674
0.793674
0.793674
0.793673
0.793673
0.793672
0.793672
0.793671
0.793671
0.79367
0.79367
0.793669
0.793669
0.793669
0.793668
0.793668
0.793668
0.793668
0.793668
0.793651
0.753026
0.753002
0.752968
0.752912
0.752879
0.752865
0.752897
0.752914
0.752907
0.752926
0.752951
0.752983
0.753016
0.753029
0.752984
0.752952
0.752931
0.752913
0.752914
0.752966
0.752995
0.753017
0.753045
0.753074
0.753099
0.753117
0.753129
0.753137
0.753142
0.753145
0.753146
0.753148
0.753149
0.75315
0.753152
0.753155
0.753157
0.753157
0.75314
0.753097
0.753075
0.753065
0.753069
0.753081
0.753094
0.753104
0.753111
0.753116
0.753119
0.753121
0.753122
0.753124
0.753124
0.753125
0.753125
0.753126
0.753126
0.753127
0.753127
0.753128
0.753128
0.753129
0.753129
0.753129
0.75313
0.75313
0.75313
0.753131
0.753131
0.753131
0.753131
0.753131
0.753132
0.753132
0.753132
0.753132
0.753132
0.753132
0.753131
0.753131
0.753131
0.75313
0.75313
0.753129
0.753129
0.753128
0.753128
0.753127
0.753126
0.753126
0.753125
0.753125
0.753124
0.753124
0.753123
0.753123
0.753123
0.753123
0.753123
0.753106
0.713888
0.71386
0.713833
0.713799
0.713774
0.713753
0.71375
0.71375
0.713752
0.713762
0.713778
0.713801
0.713828
0.713843
0.713834
0.713821
0.713803
0.713791
0.71379
0.713804
0.713813
0.713825
0.713846
0.71387
0.713893
0.713912
0.713926
0.713936
0.713943
0.713948
0.713951
0.713954
0.713956
0.713958
0.713959
0.713962
0.713964
0.713965
0.713956
0.713937
0.713918
0.713904
0.713901
0.713907
0.713916
0.713925
0.713932
0.713937
0.713941
0.713944
0.713946
0.713947
0.713948
0.713949
0.71395
0.713951
0.713951
0.713952
0.713953
0.713953
0.713954
0.713954
0.713955
0.713955
0.713956
0.713956
0.713956
0.713956
0.713957
0.713957
0.713957
0.713957
0.713957
0.713957
0.713957
0.713957
0.713957
0.713957
0.713957
0.713956
0.713956
0.713956
0.713955
0.713954
0.713954
0.713953
0.713952
0.713952
0.713951
0.71395
0.713949
0.713949
0.713948
0.713948
0.713947
0.713947
0.713946
0.713946
0.713947
0.713933
0.675975
0.675952
0.675927
0.6759
0.675878
0.675857
0.675845
0.675839
0.675837
0.67584
0.675848
0.675864
0.675886
0.675901
0.675904
0.6759
0.675889
0.675881
0.675879
0.675882
0.675885
0.675893
0.675908
0.675928
0.675948
0.675966
0.675981
0.675993
0.676001
0.676008
0.676013
0.676017
0.676019
0.676022
0.676024
0.676026
0.676028
0.67603
0.676026
0.676013
0.675996
0.675981
0.675974
0.675976
0.675981
0.675988
0.675994
0.675999
0.676003
0.676006
0.676009
0.67601
0.676012
0.676013
0.676014
0.676015
0.676016
0.676017
0.676018
0.676018
0.676019
0.67602
0.67602
0.676021
0.676021
0.676021
0.676022
0.676022
0.676022
0.676023
0.676023
0.676023
0.676023
0.676023
0.676023
0.676023
0.676023
0.676022
0.676022
0.676022
0.676021
0.676021
0.67602
0.676019
0.676019
0.676018
0.676017
0.676016
0.676015
0.676014
0.676013
0.676013
0.676012
0.676011
0.676011
0.676011
0.67601
0.67601
0.67601
0.676001
0.639276
0.639258
0.639237
0.639214
0.639192
0.639173
0.639158
0.639149
0.639145
0.639143
0.639146
0.639156
0.639172
0.639186
0.639193
0.639193
0.639187
0.639182
0.63918
0.63918
0.639181
0.639186
0.639197
0.639213
0.63923
0.639247
0.639262
0.639274
0.639284
0.639291
0.639297
0.639302
0.639306
0.639309
0.639311
0.639314
0.639316
0.639318
0.639317
0.639308
0.639294
0.63928
0.639272
0.639269
0.639272
0.639276
0.639281
0.639286
0.63929
0.639293
0.639296
0.639298
0.6393
0.639301
0.639303
0.639304
0.639305
0.639306
0.639307
0.639308
0.639308
0.639309
0.63931
0.63931
0.639311
0.639311
0.639312
0.639312
0.639312
0.639312
0.639313
0.639313
0.639313
0.639313
0.639313
0.639313
0.639313
0.639312
0.639312
0.639312
0.639311
0.63931
0.63931
0.639309
0.639308
0.639307
0.639306
0.639305
0.639304
0.639303
0.639302
0.639302
0.639301
0.6393
0.6393
0.639299
0.639299
0.639298
0.639299
0.639292
0.603851
0.603837
0.60382
0.6038
0.60378
0.603762
0.603747
0.603737
0.60373
0.603725
0.603725
0.603731
0.603742
0.603753
0.60376
0.603763
0.60376
0.603757
0.603755
0.603754
0.603755
0.603758
0.603766
0.603778
0.603792
0.603807
0.603821
0.603833
0.603843
0.603852
0.603859
0.603864
0.603869
0.603872
0.603876
0.603878
0.603881
0.603884
0.603883
0.603878
0.603867
0.603855
0.603846
0.603842
0.603842
0.603845
0.603848
0.603852
0.603856
0.603859
0.603862
0.603864
0.603866
0.603868
0.60387
0.603871
0.603872
0.603873
0.603875
0.603876
0.603876
0.603877
0.603878
0.603879
0.603879
0.60388
0.60388
0.603881
0.603881
0.603881
0.603882
0.603882
0.603882
0.603882
0.603882
0.603882
0.603882
0.603881
0.603881
0.60388
0.60388
0.603879
0.603878
0.603877
0.603877
0.603876
0.603875
0.603873
0.603872
0.603871
0.60387
0.60387
0.603869
0.603868
0.603867
0.603867
0.603866
0.603866
0.603866
0.603862
0.569798
0.569787
0.569774
0.569757
0.56974
0.569722
0.569708
0.569697
0.569688
0.569682
0.56968
0.569682
0.569689
0.569698
0.569704
0.569707
0.569707
0.569705
0.569703
0.569702
0.569702
0.569705
0.56971
0.569719
0.569731
0.569744
0.569757
0.569768
0.569778
0.569787
0.569794
0.569801
0.569806
0.56981
0.569813
0.569817
0.56982
0.569822
0.569823
0.56982
0.569813
0.569803
0.569795
0.56979
0.569788
0.569789
0.569791
0.569794
0.569797
0.5698
0.569803
0.569805
0.569807
0.569809
0.569811
0.569813
0.569814
0.569815
0.569817
0.569818
0.569819
0.56982
0.569821
0.569822
0.569822
0.569823
0.569823
0.569824
0.569824
0.569825
0.569825
0.569825
0.569825
0.569825
0.569825
0.569825
0.569825
0.569825
0.569825
0.569824
0.569824
0.569823
0.569822
0.569821
0.56982
0.569819
0.569818
0.569817
0.569816
0.569815
0.569814
0.569813
0.569812
0.569811
0.56981
0.56981
0.569809
0.569809
0.569809
0.569806
0.537239
0.537231
0.53722
0.537206
0.537191
0.537176
0.537162
0.537151
0.537142
0.537134
0.53713
0.537129
0.537133
0.537139
0.537145
0.537148
0.537149
0.537148
0.537146
0.537145
0.537145
0.537147
0.53715
0.537157
0.537166
0.537177
0.537189
0.537199
0.537209
0.537218
0.537225
0.537232
0.537237
0.537242
0.537246
0.53725
0.537253
0.537256
0.537257
0.537256
0.537251
0.537244
0.537236
0.537231
0.537229
0.537228
0.537229
0.537231
0.537234
0.537236
0.537239
0.537241
0.537243
0.537245
0.537247
0.537249
0.53725
0.537252
0.537253
0.537255
0.537256
0.537257
0.537258
0.537259
0.53726
0.53726
0.537261
0.537262
0.537262
0.537263
0.537263
0.537263
0.537264
0.537264
0.537264
0.537264
0.537264
0.537264
0.537263
0.537263
0.537262
0.537262
0.537261
0.53726
0.537259
0.537258
0.537256
0.537255
0.537254
0.537253
0.537252
0.537251
0.53725
0.537249
0.537248
0.537248
0.537247
0.537247
0.537247
0.537245
0.506308
0.506302
0.506293
0.506282
0.506269
0.506256
0.506243
0.506232
0.506223
0.506215
0.506209
0.506207
0.506208
0.506212
0.506216
0.506219
0.50622
0.506219
0.506218
0.506217
0.506217
0.506218
0.506221
0.506226
0.506233
0.506242
0.506251
0.506261
0.50627
0.506279
0.506286
0.506293
0.506298
0.506303
0.506308
0.506311
0.506315
0.506318
0.50632
0.50632
0.506317
0.506311
0.506305
0.5063
0.506297
0.506296
0.506296
0.506297
0.506299
0.506301
0.506304
0.506306
0.506308
0.50631
0.506312
0.506314
0.506315
0.506317
0.506319
0.50632
0.506321
0.506323
0.506324
0.506325
0.506326
0.506327
0.506328
0.506328
0.506329
0.506329
0.50633
0.50633
0.506331
0.506331
0.506331
0.506331
0.506331
0.506331
0.506331
0.50633
0.50633
0.506329
0.506328
0.506327
0.506326
0.506325
0.506324
0.506323
0.506322
0.506321
0.506319
0.506318
0.506317
0.506316
0.506316
0.506315
0.506314
0.506314
0.506314
0.506312
0.477146
0.477141
0.477135
0.477126
0.477115
0.477103
0.477092
0.477081
0.477072
0.477064
0.477058
0.477054
0.477053
0.477055
0.477058
0.47706
0.477061
0.477061
0.47706
0.477059
0.477059
0.477059
0.477061
0.477065
0.47707
0.477077
0.477085
0.477094
0.477102
0.47711
0.477117
0.477124
0.477129
0.477134
0.477139
0.477143
0.477146
0.47715
0.477152
0.477153
0.477151
0.477148
0.477143
0.477138
0.477135
0.477133
0.477133
0.477133
0.477135
0.477136
0.477138
0.47714
0.477142
0.477144
0.477146
0.477148
0.47715
0.477151
0.477153
0.477155
0.477156
0.477158
0.477159
0.47716
0.477161
0.477162
0.477163
0.477164
0.477165
0.477165
0.477166
0.477167
0.477167
0.477168
0.477168
0.477168
0.477168
0.477168
0.477168
0.477168
0.477167
0.477166
0.477166
0.477165
0.477164
0.477163
0.477161
0.47716
0.477159
0.477158
0.477157
0.477155
0.477154
0.477154
0.477153
0.477152
0.477151
0.477151
0.477151
0.477149
0.449895
0.449891
0.449886
0.449879
0.44987
0.44986
0.44985
0.44984
0.449832
0.449824
0.449817
0.449812
0.44981
0.44981
0.449811
0.449813
0.449814
0.449814
0.449813
0.449812
0.449812
0.449812
0.449813
0.449815
0.449819
0.449825
0.449832
0.449839
0.449846
0.449853
0.44986
0.449866
0.449872
0.449877
0.449882
0.449886
0.449889
0.449892
0.449895
0.449897
0.449896
0.449894
0.44989
0.449886
0.449883
0.449881
0.44988
0.44988
0.449881
0.449882
0.449883
0.449885
0.449887
0.449889
0.449891
0.449893
0.449895
0.449896
0.449898
0.4499
0.449902
0.449903
0.449904
0.449906
0.449907
0.449908
0.449909
0.44991
0.449911
0.449912
0.449913
0.449914
0.449914
0.449915
0.449915
0.449916
0.449916
0.449916
0.449916
0.449916
0.449915
0.449915
0.449914
0.449913
0.449912
0.449911
0.44991
0.449909
0.449907
0.449906
0.449905
0.449904
0.449903
0.449902
0.449901
0.4499
0.449899
0.449899
0.449899
0.449898
0.424692
0.424689
0.424685
0.42468
0.424672
0.424664
0.424655
0.424646
0.424638
0.42463
0.424623
0.424618
0.424615
0.424614
0.424614
0.424615
0.424615
0.424615
0.424614
0.424614
0.424613
0.424613
0.424613
0.424615
0.424618
0.424622
0.424628
0.424634
0.42464
0.424646
0.424652
0.424658
0.424663
0.424668
0.424673
0.424677
0.42468
0.424684
0.424687
0.424688
0.424689
0.424687
0.424685
0.424681
0.424679
0.424677
0.424675
0.424675
0.424675
0.424676
0.424677
0.424678
0.42468
0.424682
0.424684
0.424686
0.424688
0.424689
0.424691
0.424693
0.424695
0.424696
0.424698
0.4247
0.424701
0.424702
0.424704
0.424705
0.424706
0.424707
0.424708
0.424709
0.42471
0.424711
0.424711
0.424712
0.424712
0.424712
0.424712
0.424712
0.424712
0.424711
0.424711
0.42471
0.424709
0.424708
0.424707
0.424705
0.424704
0.424703
0.424702
0.4247
0.424699
0.424698
0.424697
0.424697
0.424696
0.424695
0.424695
0.424694
0.401666
0.401664
0.401661
0.401656
0.401651
0.401643
0.401636
0.401628
0.40162
0.401613
0.401607
0.401601
0.401597
0.401595
0.401594
0.401594
0.401594
0.401593
0.401593
0.401592
0.401592
0.401591
0.401591
0.401592
0.401594
0.401597
0.401602
0.401607
0.401612
0.401617
0.401623
0.401628
0.401633
0.401638
0.401642
0.401646
0.401649
0.401652
0.401655
0.401657
0.401658
0.401657
0.401656
0.401653
0.401651
0.401649
0.401647
0.401646
0.401646
0.401647
0.401648
0.401649
0.40165
0.401652
0.401654
0.401655
0.401657
0.401659
0.401661
0.401663
0.401665
0.401667
0.401669
0.40167
0.401672
0.401673
0.401675
0.401676
0.401678
0.401679
0.40168
0.401681
0.401682
0.401683
0.401684
0.401685
0.401685
0.401686
0.401686
0.401686
0.401686
0.401685
0.401685
0.401684
0.401683
0.401682
0.401681
0.401679
0.401678
0.401677
0.401676
0.401674
0.401673
0.401672
0.401671
0.40167
0.40167
0.401669
0.401669
0.401668
0.380934
0.380933
0.38093
0.380927
0.380922
0.380916
0.380909
0.380903
0.380896
0.380889
0.380883
0.380877
0.380873
0.38087
0.380868
0.380867
0.380867
0.380866
0.380865
0.380865
0.380864
0.380863
0.380863
0.380864
0.380865
0.380867
0.380871
0.380875
0.380879
0.380884
0.380888
0.380893
0.380897
0.380902
0.380906
0.380909
0.380912
0.380915
0.380918
0.38092
0.380922
0.380921
0.38092
0.380918
0.380916
0.380915
0.380913
0.380912
0.380912
0.380912
0.380912
0.380913
0.380914
0.380916
0.380918
0.380919
0.380921
0.380923
0.380925
0.380927
0.380929
0.380931
0.380933
0.380935
0.380937
0.380938
0.38094
0.380942
0.380943
0.380945
0.380946
0.380947
0.380949
0.38095
0.380951
0.380952
0.380952
0.380953
0.380953
0.380953
0.380953
0.380953
0.380952
0.380952
0.380951
0.38095
0.380949
0.380948
0.380946
0.380945
0.380944
0.380943
0.380941
0.38094
0.380939
0.380938
0.380938
0.380937
0.380937
0.380936
0.362599
0.362597
0.362596
0.362593
0.362589
0.362584
0.362578
0.362573
0.362567
0.362561
0.362554
0.362549
0.362545
0.362541
0.362539
0.362537
0.362536
0.362535
0.362534
0.362533
0.362533
0.362532
0.362532
0.362532
0.362532
0.362534
0.362536
0.362539
0.362543
0.362547
0.362551
0.362555
0.362559
0.362562
0.362566
0.362569
0.362572
0.362575
0.362578
0.36258
0.362581
0.362582
0.362581
0.36258
0.362578
0.362576
0.362575
0.362574
0.362573
0.362573
0.362573
0.362574
0.362575
0.362576
0.362578
0.362579
0.362581
0.362583
0.362585
0.362587
0.36259
0.362592
0.362594
0.362596
0.362598
0.3626
0.362601
0.362603
0.362605
0.362607
0.362608
0.36261
0.362611
0.362613
0.362614
0.362615
0.362616
0.362617
0.362617
0.362617
0.362617
0.362617
0.362617
0.362616
0.362615
0.362614
0.362613
0.362612
0.362611
0.36261
0.362608
0.362607
0.362606
0.362605
0.362604
0.362603
0.362602
0.362601
0.362601
0.3626
0.346746
0.346745
0.346743
0.346741
0.346738
0.346734
0.346729
0.346724
0.346719
0.346713
0.346708
0.346702
0.346698
0.346694
0.346691
0.346689
0.346687
0.346686
0.346685
0.346684
0.346683
0.346683
0.346682
0.346682
0.346682
0.346683
0.346685
0.346687
0.34669
0.346693
0.346696
0.346699
0.346703
0.346706
0.346709
0.346712
0.346715
0.346718
0.34672
0.346722
0.346724
0.346724
0.346724
0.346723
0.346722
0.34672
0.346719
0.346717
0.346717
0.346716
0.346716
0.346717
0.346718
0.346719
0.34672
0.346722
0.346724
0.346726
0.346728
0.34673
0.346732
0.346735
0.346737
0.346739
0.346741
0.346743
0.346745
0.346747
0.346749
0.346751
0.346753
0.346755
0.346756
0.346758
0.346759
0.346761
0.346762
0.346763
0.346763
0.346764
0.346764
0.346764
0.346763
0.346763
0.346762
0.346761
0.34676
0.346759
0.346758
0.346756
0.346755
0.346754
0.346753
0.346752
0.346751
0.34675
0.346749
0.346748
0.346748
0.346747
0.333444
0.333443
0.333442
0.33344
0.333438
0.333434
0.33343
0.333426
0.333421
0.333416
0.333411
0.333406
0.333402
0.333398
0.333395
0.333392
0.33339
0.333389
0.333387
0.333386
0.333385
0.333385
0.333384
0.333384
0.333384
0.333384
0.333385
0.333387
0.333389
0.333391
0.333394
0.333396
0.333399
0.333402
0.333405
0.333407
0.33341
0.333412
0.333414
0.333416
0.333418
0.333418
0.333418
0.333418
0.333417
0.333415
0.333414
0.333413
0.333412
0.333411
0.333411
0.333411
0.333412
0.333413
0.333414
0.333416
0.333418
0.33342
0.333422
0.333424
0.333427
0.333429
0.333431
0.333434
0.333436
0.333438
0.333441
0.333443
0.333445
0.333447
0.333449
0.333451
0.333453
0.333455
0.333456
0.333458
0.333459
0.33346
0.333461
0.333461
0.333462
0.333462
0.333461
0.333461
0.33346
0.333459
0.333458
0.333457
0.333456
0.333455
0.333454
0.333452
0.333451
0.33345
0.333449
0.333448
0.333447
0.333446
0.333446
0.333445
0.322747
0.322746
0.322745
0.322744
0.322742
0.322739
0.322736
0.322732
0.322728
0.322723
0.322718
0.322714
0.322709
0.322705
0.322702
0.322699
0.322697
0.322695
0.322694
0.322692
0.322692
0.322691
0.32269
0.32269
0.322689
0.32269
0.32269
0.322691
0.322693
0.322694
0.322696
0.322698
0.3227
0.322703
0.322705
0.322707
0.322709
0.322711
0.322713
0.322715
0.322716
0.322717
0.322717
0.322717
0.322716
0.322715
0.322713
0.322712
0.322711
0.322711
0.32271
0.32271
0.322711
0.322712
0.322713
0.322715
0.322716
0.322719
0.322721
0.322723
0.322726
0.322728
0.322731
0.322733
0.322736
0.322738
0.322741
0.322743
0.322746
0.322748
0.32275
0.322752
0.322754
0.322756
0.322758
0.32276
0.322761
0.322762
0.322763
0.322764
0.322764
0.322764
0.322764
0.322764
0.322763
0.322762
0.322761
0.32276
0.322759
0.322758
0.322756
0.322755
0.322754
0.322753
0.322752
0.322751
0.32275
0.322749
0.322749
0.322748
0.314693
0.314692
0.314691
0.31469
0.314688
0.314686
0.314684
0.31468
0.314677
0.314672
0.314668
0.314663
0.314659
0.314655
0.314651
0.314648
0.314646
0.314644
0.314643
0.314641
0.314641
0.31464
0.314639
0.314639
0.314638
0.314638
0.314638
0.314639
0.31464
0.314641
0.314642
0.314643
0.314645
0.314647
0.314648
0.31465
0.314652
0.314654
0.314656
0.314657
0.314658
0.314659
0.314659
0.314659
0.314658
0.314657
0.314656
0.314655
0.314654
0.314653
0.314653
0.314653
0.314653
0.314654
0.314655
0.314657
0.314659
0.314661
0.314663
0.314666
0.314668
0.314671
0.314674
0.314676
0.314679
0.314682
0.314684
0.314687
0.31469
0.314692
0.314694
0.314697
0.314699
0.314701
0.314703
0.314705
0.314706
0.314707
0.314708
0.314709
0.31471
0.31471
0.31471
0.314709
0.314709
0.314708
0.314707
0.314706
0.314705
0.314704
0.314702
0.314701
0.3147
0.314699
0.314698
0.314697
0.314696
0.314695
0.314695
0.314694
0.309308
0.309307
0.309306
0.309305
0.309304
0.309302
0.3093
0.309297
0.309294
0.30929
0.309285
0.309281
0.309277
0.309273
0.309269
0.309266
0.309264
0.309262
0.30926
0.309259
0.309258
0.309257
0.309257
0.309256
0.309256
0.309255
0.309255
0.309255
0.309256
0.309256
0.309257
0.309258
0.309259
0.30926
0.309261
0.309263
0.309264
0.309266
0.309267
0.309269
0.30927
0.309271
0.309271
0.309271
0.30927
0.309269
0.309268
0.309267
0.309266
0.309265
0.309264
0.309264
0.309264
0.309265
0.309266
0.309268
0.30927
0.309272
0.309275
0.309277
0.30928
0.309283
0.309286
0.309289
0.309292
0.309294
0.309297
0.3093
0.309303
0.309305
0.309308
0.30931
0.309313
0.309315
0.309317
0.309319
0.30932
0.309322
0.309323
0.309324
0.309324
0.309324
0.309324
0.309324
0.309324
0.309323
0.309322
0.309321
0.30932
0.309318
0.309317
0.309316
0.309315
0.309314
0.309312
0.309312
0.309311
0.30931
0.309309
0.309309
0.306607
0.306607
0.306606
0.306605
0.306604
0.306602
0.3066
0.306598
0.306594
0.306591
0.306587
0.306582
0.306578
0.306574
0.306571
0.306568
0.306565
0.306563
0.306562
0.306561
0.30656
0.306559
0.306559
0.306558
0.306558
0.306557
0.306557
0.306556
0.306556
0.306556
0.306556
0.306557
0.306557
0.306558
0.306559
0.30656
0.306562
0.306563
0.306564
0.306565
0.306566
0.306567
0.306567
0.306567
0.306566
0.306566
0.306564
0.306563
0.306562
0.306561
0.30656
0.30656
0.30656
0.306561
0.306562
0.306564
0.306566
0.306569
0.306571
0.306574
0.306577
0.30658
0.306583
0.306586
0.306589
0.306592
0.306595
0.306598
0.306601
0.306604
0.306606
0.306609
0.306611
0.306613
0.306616
0.306617
0.306619
0.306621
0.306622
0.306623
0.306623
0.306624
0.306624
0.306623
0.306623
0.306622
0.306621
0.30662
0.306619
0.306618
0.306617
0.306615
0.306614
0.306613
0.306612
0.306611
0.30661
0.306609
0.306609
0.306608
0.30661
0.306609
0.306609
0.306608
0.306607
0.306605
0.306603
0.306601
0.306598
0.306594
0.30659
0.306586
0.306582
0.306578
0.306575
0.306572
0.306569
0.306567
0.306566
0.306565
0.306564
0.306564
0.306563
0.306563
0.306562
0.306562
0.306561
0.30656
0.30656
0.306559
0.306559
0.306559
0.306559
0.30656
0.30656
0.306561
0.306562
0.306563
0.306564
0.306565
0.306566
0.306567
0.306567
0.306567
0.306566
0.306565
0.306564
0.306563
0.306562
0.306561
0.30656
0.30656
0.30656
0.306561
0.306562
0.306564
0.306566
0.306569
0.306572
0.306575
0.306578
0.306581
0.306584
0.306587
0.306591
0.306594
0.306597
0.3066
0.306603
0.306605
0.306608
0.306611
0.306613
0.306615
0.306618
0.30662
0.306621
0.306623
0.306624
0.306625
0.306626
0.306626
0.306626
0.306626
0.306625
0.306625
0.306624
0.306623
0.306622
0.30662
0.306619
0.306618
0.306617
0.306616
0.306614
0.306614
0.306613
0.306612
0.306611
0.306611
0.309316
0.309315
0.309315
0.309314
0.309313
0.309312
0.30931
0.309307
0.309304
0.3093
0.309296
0.309292
0.309288
0.309284
0.309281
0.309278
0.309276
0.309274
0.309273
0.309272
0.309272
0.309272
0.309271
0.309271
0.30927
0.309269
0.309268
0.309267
0.309266
0.309265
0.309265
0.309264
0.309264
0.309264
0.309265
0.309266
0.309266
0.309267
0.309268
0.309269
0.30927
0.30927
0.309271
0.30927
0.30927
0.309269
0.309267
0.309266
0.309265
0.309264
0.309263
0.309263
0.309263
0.309264
0.309266
0.309268
0.30927
0.309273
0.309276
0.309279
0.309283
0.309286
0.309289
0.309292
0.309296
0.309299
0.309302
0.309305
0.309308
0.309311
0.309313
0.309316
0.309319
0.309321
0.309323
0.309325
0.309327
0.309328
0.30933
0.309331
0.309331
0.309332
0.309332
0.309331
0.309331
0.30933
0.309329
0.309328
0.309327
0.309326
0.309325
0.309324
0.309322
0.309321
0.30932
0.309319
0.309318
0.309318
0.309317
0.309317
0.314706
0.314706
0.314705
0.314704
0.314703
0.314702
0.3147
0.314697
0.314693
0.31469
0.314686
0.314682
0.314678
0.314674
0.314671
0.314668
0.314666
0.314665
0.314664
0.314664
0.314663
0.314663
0.314663
0.314663
0.314662
0.314661
0.31466
0.314658
0.314657
0.314656
0.314654
0.314654
0.314653
0.314654
0.314654
0.314655
0.314655
0.314656
0.314657
0.314658
0.314658
0.314659
0.314659
0.314658
0.314658
0.314656
0.314655
0.314654
0.314652
0.314651
0.314651
0.314651
0.314651
0.314652
0.314654
0.314656
0.314659
0.314662
0.314665
0.314669
0.314672
0.314676
0.314679
0.314682
0.314686
0.314689
0.314692
0.314695
0.314698
0.314701
0.314704
0.314706
0.314709
0.314711
0.314713
0.314715
0.314717
0.314718
0.31472
0.314721
0.314721
0.314722
0.314722
0.314721
0.314721
0.31472
0.314719
0.314718
0.314717
0.314716
0.314715
0.314714
0.314712
0.314711
0.31471
0.314709
0.314709
0.314708
0.314707
0.314707
0.322765
0.322765
0.322764
0.322763
0.322762
0.32276
0.322758
0.322755
0.322751
0.322747
0.322743
0.322739
0.322735
0.322731
0.322728
0.322726
0.322724
0.322723
0.322723
0.322723
0.322723
0.322723
0.322723
0.322723
0.322722
0.322721
0.322719
0.322717
0.322716
0.322714
0.322713
0.322712
0.322711
0.322711
0.322712
0.322712
0.322713
0.322714
0.322714
0.322715
0.322716
0.322716
0.322716
0.322715
0.322714
0.322713
0.322712
0.32271
0.322709
0.322708
0.322707
0.322707
0.322708
0.32271
0.322712
0.322714
0.322717
0.322721
0.322724
0.322728
0.322731
0.322735
0.322738
0.322742
0.322745
0.322748
0.322751
0.322755
0.322757
0.32276
0.322763
0.322765
0.322768
0.32277
0.322772
0.322774
0.322776
0.322777
0.322778
0.322779
0.32278
0.32278
0.32278
0.32278
0.32278
0.322779
0.322778
0.322777
0.322776
0.322775
0.322774
0.322772
0.322771
0.32277
0.322769
0.322768
0.322767
0.322767
0.322766
0.322766
0.333467
0.333466
0.333466
0.333465
0.333463
0.333461
0.333458
0.333455
0.333451
0.333446
0.333442
0.333438
0.333434
0.33343
0.333428
0.333426
0.333425
0.333424
0.333424
0.333425
0.333425
0.333426
0.333426
0.333425
0.333424
0.333422
0.333421
0.333419
0.333417
0.333415
0.333413
0.333412
0.333412
0.333412
0.333412
0.333413
0.333413
0.333414
0.333415
0.333415
0.333416
0.333416
0.333416
0.333415
0.333414
0.333413
0.333411
0.333409
0.333408
0.333407
0.333407
0.333407
0.333408
0.33341
0.333412
0.333415
0.333419
0.333422
0.333426
0.33343
0.333433
0.333437
0.333441
0.333444
0.333448
0.333451
0.333454
0.333457
0.33346
0.333463
0.333465
0.333468
0.33347
0.333472
0.333474
0.333476
0.333477
0.333479
0.33348
0.333481
0.333481
0.333482
0.333482
0.333481
0.333481
0.33348
0.333479
0.333478
0.333477
0.333476
0.333475
0.333474
0.333472
0.333471
0.33347
0.33347
0.333469
0.333468
0.333468
0.333467
0.346772
0.346772
0.346771
0.34677
0.346768
0.346766
0.346762
0.346758
0.346754
0.346749
0.346744
0.34674
0.346736
0.346733
0.34673
0.346729
0.346728
0.346729
0.346729
0.346731
0.346731
0.346732
0.346732
0.346731
0.34673
0.346728
0.346726
0.346723
0.346721
0.346719
0.346717
0.346716
0.346716
0.346716
0.346717
0.346717
0.346718
0.346719
0.346719
0.34672
0.34672
0.34672
0.34672
0.346719
0.346718
0.346716
0.346714
0.346713
0.346711
0.34671
0.34671
0.346711
0.346712
0.346715
0.346718
0.346721
0.346725
0.346729
0.346732
0.346736
0.34674
0.346744
0.346748
0.346751
0.346755
0.346758
0.346761
0.346764
0.346767
0.346769
0.346772
0.346774
0.346776
0.346778
0.34678
0.346782
0.346783
0.346785
0.346786
0.346786
0.346787
0.346787
0.346787
0.346787
0.346786
0.346785
0.346784
0.346783
0.346782
0.346781
0.34678
0.346779
0.346778
0.346777
0.346776
0.346775
0.346774
0.346774
0.346773
0.346773
0.362629
0.362629
0.362628
0.362626
0.362624
0.362621
0.362617
0.362612
0.362607
0.362601
0.362596
0.362592
0.362588
0.362585
0.362583
0.362583
0.362583
0.362584
0.362585
0.362587
0.362588
0.362589
0.362589
0.362588
0.362586
0.362584
0.362581
0.362578
0.362575
0.362573
0.362571
0.36257
0.362571
0.362571
0.362572
0.362573
0.362574
0.362574
0.362575
0.362576
0.362576
0.362576
0.362575
0.362574
0.362572
0.362571
0.362569
0.362567
0.362565
0.362565
0.362565
0.362566
0.362568
0.362571
0.362574
0.362578
0.362582
0.362587
0.362591
0.362595
0.362599
0.362603
0.362606
0.36261
0.362613
0.362616
0.362619
0.362622
0.362625
0.362627
0.36263
0.362632
0.362634
0.362636
0.362637
0.362639
0.36264
0.362641
0.362642
0.362643
0.362643
0.362643
0.362643
0.362643
0.362642
0.362642
0.362641
0.36264
0.362639
0.362638
0.362636
0.362635
0.362634
0.362633
0.362632
0.362631
0.362631
0.36263
0.36263
0.362629
0.380967
0.380967
0.380966
0.380964
0.380961
0.380957
0.380952
0.380946
0.38094
0.380935
0.38093
0.380925
0.380921
0.380919
0.380918
0.380918
0.380919
0.380921
0.380923
0.380925
0.380927
0.380928
0.380927
0.380926
0.380923
0.38092
0.380917
0.380914
0.380911
0.380909
0.380907
0.380906
0.380907
0.380908
0.380909
0.38091
0.380911
0.380912
0.380913
0.380913
0.380914
0.380913
0.380912
0.380911
0.380909
0.380907
0.380904
0.380903
0.380901
0.380901
0.380902
0.380904
0.380906
0.38091
0.380914
0.380918
0.380922
0.380927
0.380931
0.380936
0.38094
0.380944
0.380947
0.380951
0.380954
0.380957
0.38096
0.380962
0.380965
0.380967
0.380969
0.380971
0.380973
0.380975
0.380977
0.380978
0.380979
0.38098
0.380981
0.380981
0.380982
0.380982
0.380981
0.380981
0.38098
0.38098
0.380979
0.380978
0.380977
0.380976
0.380974
0.380973
0.380972
0.380971
0.38097
0.38097
0.380969
0.380968
0.380968
0.380967
0.401702
0.401701
0.4017
0.401697
0.401694
0.401689
0.401683
0.401676
0.401669
0.401663
0.401658
0.401653
0.40165
0.401648
0.401648
0.401649
0.401651
0.401653
0.401657
0.401659
0.401661
0.401662
0.401661
0.401659
0.401656
0.401652
0.401648
0.401645
0.401642
0.401639
0.401638
0.401638
0.401639
0.401641
0.401643
0.401644
0.401645
0.401645
0.401646
0.401647
0.401647
0.401646
0.401645
0.401643
0.401641
0.401638
0.401636
0.401634
0.401633
0.401633
0.401635
0.401637
0.401641
0.401645
0.401649
0.401654
0.401659
0.401664
0.401668
0.401673
0.401677
0.401681
0.401684
0.401688
0.401691
0.401694
0.401696
0.401699
0.401701
0.401703
0.401705
0.401707
0.401709
0.40171
0.401712
0.401713
0.401714
0.401715
0.401715
0.401716
0.401716
0.401716
0.401715
0.401715
0.401714
0.401714
0.401713
0.401712
0.401711
0.401709
0.401708
0.401707
0.401706
0.401705
0.401704
0.401704
0.401703
0.401703
0.401702
0.401702
0.424729
0.424729
0.424727
0.424724
0.424719
0.424713
0.424706
0.424698
0.42469
0.424684
0.424678
0.424674
0.424671
0.42467
0.424671
0.424673
0.424676
0.42468
0.424684
0.424687
0.424689
0.42469
0.424688
0.424685
0.424681
0.424676
0.424672
0.424668
0.424665
0.424663
0.424662
0.424663
0.424665
0.424667
0.424669
0.424671
0.424672
0.424672
0.424673
0.424674
0.424674
0.424673
0.424671
0.424669
0.424666
0.424663
0.424661
0.424659
0.424658
0.424659
0.424661
0.424665
0.424669
0.424674
0.424679
0.424684
0.42469
0.424695
0.424699
0.424704
0.424708
0.424712
0.424715
0.424718
0.424721
0.424724
0.424727
0.424729
0.424731
0.424733
0.424735
0.424736
0.424738
0.424739
0.42474
0.424741
0.424742
0.424743
0.424743
0.424744
0.424744
0.424743
0.424743
0.424743
0.424742
0.424741
0.42474
0.424739
0.424738
0.424737
0.424736
0.424735
0.424734
0.424733
0.424732
0.424731
0.424731
0.42473
0.42473
0.424729
0.449934
0.449933
0.449931
0.449927
0.44992
0.449913
0.449904
0.449895
0.449887
0.44988
0.449875
0.449871
0.449869
0.449869
0.449872
0.449875
0.449879
0.449884
0.449889
0.449893
0.449894
0.449894
0.449891
0.449887
0.449882
0.449877
0.449872
0.449868
0.449865
0.449863
0.449863
0.449864
0.449867
0.449871
0.449873
0.449875
0.449875
0.449876
0.449877
0.449878
0.449877
0.449876
0.449874
0.44987
0.449867
0.449864
0.449862
0.44986
0.44986
0.449862
0.449865
0.44987
0.449875
0.449881
0.449886
0.449892
0.449898
0.449903
0.449908
0.449912
0.449916
0.44992
0.449923
0.449926
0.449929
0.449931
0.449934
0.449936
0.449938
0.449939
0.449941
0.449942
0.449944
0.449945
0.449946
0.449947
0.449947
0.449948
0.449948
0.449948
0.449948
0.449948
0.449948
0.449947
0.449946
0.449945
0.449944
0.449943
0.449942
0.449941
0.44994
0.449939
0.449938
0.449937
0.449937
0.449936
0.449935
0.449935
0.449934
0.449934
0.477187
0.477186
0.477182
0.477177
0.477169
0.477159
0.477149
0.477139
0.477131
0.477124
0.477119
0.477116
0.477115
0.477117
0.47712
0.477125
0.477131
0.477136
0.477142
0.477146
0.477147
0.477145
0.477141
0.477136
0.47713
0.477123
0.477118
0.477114
0.477111
0.47711
0.477111
0.477114
0.477118
0.477122
0.477125
0.477126
0.477127
0.477128
0.477129
0.477129
0.477129
0.477127
0.477124
0.47712
0.477116
0.477113
0.47711
0.477109
0.47711
0.477113
0.477117
0.477123
0.477129
0.477136
0.477142
0.477149
0.477154
0.477159
0.477164
0.477169
0.477173
0.477176
0.477179
0.477182
0.477185
0.477187
0.477189
0.477191
0.477192
0.477194
0.477195
0.477196
0.477197
0.477198
0.477199
0.4772
0.4772
0.477201
0.477201
0.477201
0.477201
0.4772
0.4772
0.477199
0.477199
0.477198
0.477197
0.477196
0.477195
0.477194
0.477193
0.477192
0.477191
0.47719
0.477189
0.477189
0.477188
0.477187
0.477187
0.477186
0.50635
0.506349
0.506344
0.506337
0.506327
0.506315
0.506303
0.506293
0.506284
0.506277
0.506273
0.506271
0.506272
0.506275
0.506281
0.506287
0.506294
0.506301
0.506307
0.506311
0.506311
0.506307
0.506302
0.506294
0.506287
0.50628
0.506275
0.506271
0.506268
0.506268
0.50627
0.506275
0.50628
0.506285
0.506288
0.506289
0.506289
0.50629
0.506291
0.506292
0.506291
0.506287
0.506283
0.506279
0.506275
0.506272
0.506269
0.506269
0.506271
0.506275
0.506281
0.506288
0.506296
0.506303
0.50631
0.506316
0.506322
0.506327
0.506332
0.506336
0.50634
0.506343
0.506346
0.506349
0.506351
0.506353
0.506355
0.506356
0.506358
0.506359
0.50636
0.506361
0.506362
0.506363
0.506363
0.506364
0.506364
0.506364
0.506364
0.506364
0.506364
0.506364
0.506363
0.506362
0.506362
0.506361
0.50636
0.506359
0.506358
0.506357
0.506356
0.506355
0.506354
0.506353
0.506352
0.506352
0.506351
0.506351
0.50635
0.50635
0.537283
0.537281
0.537275
0.537265
0.537252
0.537238
0.537225
0.537214
0.537206
0.5372
0.537196
0.537196
0.537199
0.537204
0.537212
0.53722
0.537228
0.537235
0.537242
0.537245
0.537243
0.537238
0.53723
0.53722
0.537212
0.537205
0.537199
0.537195
0.537194
0.537195
0.537199
0.537205
0.537213
0.537218
0.53722
0.53722
0.53722
0.537221
0.537223
0.537223
0.537221
0.537217
0.537212
0.537207
0.537202
0.537199
0.537197
0.537198
0.537202
0.537208
0.537215
0.537224
0.537232
0.53724
0.537247
0.537254
0.537259
0.537265
0.537269
0.537273
0.537276
0.537279
0.537282
0.537284
0.537286
0.537288
0.53729
0.537291
0.537292
0.537293
0.537294
0.537295
0.537296
0.537296
0.537297
0.537297
0.537297
0.537297
0.537297
0.537297
0.537297
0.537296
0.537296
0.537295
0.537294
0.537293
0.537292
0.537291
0.53729
0.537289
0.537288
0.537288
0.537287
0.537286
0.537285
0.537285
0.537284
0.537284
0.537283
0.537283
0.569844
0.569841
0.569833
0.569821
0.569805
0.569788
0.569774
0.569763
0.569755
0.56975
0.569748
0.56975
0.569755
0.569763
0.569773
0.569782
0.569792
0.5698
0.569806
0.569808
0.569804
0.569796
0.569785
0.569774
0.569764
0.569757
0.569752
0.569749
0.569748
0.569751
0.569757
0.569766
0.569775
0.56978
0.569782
0.569781
0.56978
0.569782
0.569784
0.569784
0.56978
0.569774
0.569768
0.569762
0.569758
0.569755
0.569754
0.569756
0.569762
0.56977
0.569779
0.569789
0.569798
0.569807
0.569814
0.569821
0.569826
0.569831
0.569835
0.569839
0.569842
0.569844
0.569847
0.569849
0.56985
0.569852
0.569853
0.569854
0.569855
0.569856
0.569857
0.569857
0.569858
0.569858
0.569859
0.569859
0.569859
0.569859
0.569859
0.569859
0.569858
0.569858
0.569857
0.569856
0.569856
0.569855
0.569854
0.569853
0.569852
0.569851
0.56985
0.569849
0.569848
0.569848
0.569847
0.569847
0.569846
0.569846
0.569845
0.569844
0.6039
0.603897
0.603885
0.603869
0.603849
0.60383
0.603816
0.603805
0.603799
0.603795
0.603795
0.6038
0.603808
0.603819
0.603831
0.603842
0.603852
0.603861
0.603866
0.603866
0.603859
0.603847
0.603834
0.60382
0.60381
0.603803
0.603798
0.603796
0.603797
0.603802
0.603811
0.603823
0.603833
0.603838
0.603837
0.603835
0.603834
0.603837
0.603839
0.603839
0.603834
0.603825
0.603817
0.603812
0.603807
0.603805
0.603805
0.60381
0.603818
0.603828
0.60384
0.603851
0.603861
0.603869
0.603876
0.603882
0.603888
0.603892
0.603896
0.603899
0.603901
0.603904
0.603906
0.603907
0.603909
0.60391
0.603911
0.603912
0.603913
0.603913
0.603914
0.603914
0.603915
0.603915
0.603915
0.603915
0.603915
0.603915
0.603915
0.603915
0.603914
0.603914
0.603913
0.603913
0.603912
0.603911
0.60391
0.603909
0.603908
0.603907
0.603906
0.603906
0.603905
0.603904
0.603904
0.603903
0.603903
0.603902
0.603902
0.603901
0.63933
0.639325
0.63931
0.639288
0.639265
0.639244
0.639229
0.639221
0.639217
0.639215
0.639218
0.639226
0.639238
0.639252
0.639265
0.639277
0.639287
0.639296
0.6393
0.639298
0.639287
0.63927
0.639254
0.639238
0.639227
0.639221
0.639219
0.639218
0.63922
0.639229
0.639241
0.639255
0.639266
0.63927
0.639267
0.639263
0.639263
0.639267
0.63927
0.639267
0.63926
0.639248
0.639239
0.639234
0.639231
0.639229
0.639231
0.639238
0.639249
0.639262
0.639276
0.639288
0.639298
0.639306
0.639313
0.639318
0.639323
0.639327
0.63933
0.639332
0.639335
0.639337
0.639338
0.639339
0.639341
0.639342
0.639342
0.639343
0.639344
0.639344
0.639345
0.639345
0.639345
0.639345
0.639345
0.639345
0.639345
0.639345
0.639345
0.639345
0.639344
0.639344
0.639343
0.639343
0.639342
0.639341
0.63934
0.639339
0.639339
0.639338
0.639337
0.639336
0.639335
0.639335
0.639334
0.639334
0.639334
0.639333
0.639333
0.639331
0.676037
0.67603
0.67601
0.675981
0.675954
0.675931
0.675916
0.675911
0.675912
0.675913
0.675918
0.67593
0.675946
0.675963
0.675979
0.675991
0.676001
0.67601
0.676011
0.676005
0.67599
0.675967
0.675948
0.675929
0.675918
0.675914
0.675916
0.675916
0.675921
0.675933
0.67595
0.675967
0.675977
0.675978
0.675974
0.675969
0.67597
0.675977
0.675979
0.675972
0.675961
0.675945
0.675934
0.67593
0.675931
0.67593
0.675934
0.675944
0.675959
0.675975
0.67599
0.676002
0.676012
0.67602
0.676026
0.676031
0.676035
0.676038
0.67604
0.676042
0.676044
0.676046
0.676047
0.676048
0.676049
0.676049
0.67605
0.676051
0.676051
0.676051
0.676052
0.676052
0.676052
0.676052
0.676052
0.676052
0.676052
0.676052
0.676052
0.676051
0.676051
0.676051
0.67605
0.676049
0.676049
0.676048
0.676047
0.676046
0.676046
0.676045
0.676044
0.676043
0.676043
0.676042
0.676042
0.676042
0.676041
0.676041
0.67604
0.676038
0.713963
0.713952
0.713928
0.713886
0.713855
0.71383
0.713814
0.713813
0.713827
0.713833
0.713842
0.71386
0.713881
0.7139
0.713916
0.713929
0.713938
0.713945
0.713941
0.713929
0.713912
0.713878
0.713854
0.713833
0.71382
0.713818
0.713832
0.713836
0.713845
0.713862
0.713883
0.713902
0.713909
0.713905
0.713901
0.713897
0.713901
0.713911
0.713913
0.713894
0.713876
0.713856
0.71384
0.713838
0.71385
0.713853
0.713859
0.713874
0.713894
0.713913
0.713928
0.71394
0.71395
0.713956
0.713961
0.713965
0.713968
0.71397
0.713972
0.713974
0.713975
0.713976
0.713977
0.713978
0.713978
0.713979
0.713979
0.71398
0.71398
0.71398
0.71398
0.71398
0.713981
0.713981
0.713981
0.713981
0.713981
0.71398
0.71398
0.71398
0.71398
0.713979
0.713979
0.713978
0.713977
0.713977
0.713976
0.713975
0.713975
0.713974
0.713973
0.713973
0.713972
0.713972
0.713971
0.713971
0.713971
0.71397
0.713969
0.713966
0.753135
0.753107
0.753081
0.75301
0.752967
0.752948
0.752927
0.752929
0.752983
0.753006
0.753022
0.753046
0.753072
0.753094
0.753109
0.75312
0.753128
0.753133
0.75312
0.753086
0.75307
0.753008
0.752972
0.752956
0.752935
0.752935
0.752986
0.753007
0.753022
0.753045
0.753071
0.753092
0.753091
0.753065
0.753066
0.753066
0.753075
0.753091
0.753089
0.753038
0.753004
0.752984
0.75296
0.752958
0.753008
0.753027
0.753039
0.75306
0.753085
0.753105
0.753121
0.753132
0.75314
0.753145
0.753149
0.753151
0.753153
0.753155
0.753156
0.753157
0.753158
0.753159
0.753159
0.75316
0.75316
0.753161
0.753161
0.753161
0.753161
0.753162
0.753162
0.753162
0.753162
0.753162
0.753162
0.753162
0.753162
0.753162
0.753162
0.753161
0.753161
0.753161
0.75316
0.75316
0.753159
0.753159
0.753158
0.753158
0.753157
0.753156
0.753156
0.753155
0.753155
0.753154
0.753154
0.753154
0.753153
0.753153
0.753152
0.753147
0.79376
0.793642
0.793611
0.793474
0.793392
0.793432
0.793408
0.793413
0.793573
0.793651
0.793682
0.793717
0.793748
0.793769
0.793783
0.793792
0.793797
0.793799
0.79377
0.793626
0.793607
0.793481
0.793404
0.793443
0.793416
0.793416
0.793572
0.793648
0.793677
0.79371
0.793741
0.793762
0.793744
0.793609
0.793609
0.793618
0.793634
0.793655
0.793649
0.793526
0.793444
0.793476
0.793445
0.793444
0.793599
0.793672
0.793699
0.79373
0.793759
0.793781
0.793795
0.793804
0.793809
0.793812
0.793815
0.793816
0.793817
0.793818
0.793819
0.79382
0.79382
0.793821
0.793821
0.793821
0.793822
0.793822
0.793822
0.793822
0.793822
0.793823
0.793823
0.793823
0.793823
0.793823
0.793823
0.793823
0.793823
0.793823
0.793823
0.793823
0.793822
0.793822
0.793822
0.793821
0.793821
0.793821
0.79382
0.79382
0.793819
0.793819
0.793818
0.793818
0.793817
0.793817
0.793817
0.793816
0.793816
0.793815
0.793814
0.793808
0.836472
0.83596
0.835864
0.835673
0.835498
0.835848
0.835874
0.835886
0.836214
0.83643
0.836494
0.83654
0.836574
0.836594
0.836603
0.836607
0.836608
0.836606
0.836551
0.835962
0.835872
0.835689
0.835516
0.835859
0.835878
0.835883
0.836206
0.836418
0.836479
0.836523
0.836557
0.836574
0.836529
0.835948
0.835873
0.835888
0.835914
0.835939
0.835934
0.835747
0.835561
0.835896
0.835913
0.83592
0.836241
0.836451
0.836509
0.836552
0.836584
0.836604
0.836615
0.836621
0.836623
0.836625
0.836626
0.836626
0.836627
0.836627
0.836628
0.836628
0.836628
0.836629
0.836629
0.836629
0.836629
0.836629
0.83663
0.83663
0.83663
0.83663
0.83663
0.83663
0.836631
0.836631
0.836631
0.836631
0.836631
0.836631
0.836631
0.836631
0.836631
0.83663
0.83663
0.83663
0.83663
0.836629
0.836629
0.836629
0.836628
0.836628
0.836627
0.836627
0.836627
0.836626
0.836626
0.836626
0.836626
0.836625
0.836623
0.836615
0.882792
0.881071
0.880704
0.881053
0.88081
0.882391
0.882696
0.882759
0.8825
0.882847
0.882942
0.882993
0.883022
0.883033
0.883035
0.883032
0.883029
0.88302
0.882947
0.881112
0.880729
0.88108
0.880835
0.882401
0.882695
0.882749
0.882482
0.882824
0.882913
0.88296
0.882989
0.882998
0.882932
0.881104
0.880728
0.880745
0.880788
0.880818
0.880813
0.881158
0.880883
0.882441
0.882736
0.882795
0.882529
0.882869
0.882957
0.883003
0.88303
0.883044
0.883049
0.883051
0.883051
0.883051
0.883051
0.883051
0.883051
0.883051
0.883052
0.883052
0.883052
0.883053
0.883053
0.883053
0.883053
0.883053
0.883053
0.883053
0.883054
0.883054
0.883054
0.883054
0.883055
0.883055
0.883055
0.883055
0.883056
0.883056
0.883056
0.883056
0.883055
0.883055
0.883055
0.883055
0.883055
0.883055
0.883054
0.883054
0.883054
0.883054
0.883053
0.883053
0.883053
0.883053
0.883053
0.883052
0.883052
0.883051
0.883049
0.88304
0.936865
0.933774
0.932861
0.937896
0.938367
0.944405
0.945581
0.945865
0.937006
0.936462
0.936422
0.936431
0.936436
0.936433
0.936425
0.936416
0.936408
0.936395
0.936393
0.933785
0.932903
0.937945
0.938418
0.944433
0.945589
0.945862
0.936988
0.936437
0.936391
0.936396
0.936401
0.936395
0.936394
0.933806
0.932986
0.933124
0.933242
0.933282
0.933217
0.938113
0.938468
0.944457
0.945617
0.945897
0.93703
0.936479
0.936433
0.936438
0.936443
0.936443
0.93644
0.936438
0.936437
0.936436
0.936436
0.936435
0.936435
0.936436
0.936436
0.936437
0.936437
0.936437
0.936438
0.936438
0.936438
0.936438
0.936438
0.936438
0.936439
0.936439
0.936439
0.93644
0.936441
0.936441
0.936441
0.936441
0.936442
0.936442
0.936442
0.936442
0.936442
0.936442
0.936442
0.936442
0.936442
0.936442
0.936442
0.936442
0.936442
0.936441
0.936441
0.936441
0.936441
0.936441
0.936441
0.936441
0.93644
0.936439
0.936437
0.936438
1.034
1.04152
1.042
1.08117
1.08378
1.1134
1.11566
1.11614
1.03385
1.02902
1.02887
1.02892
1.02893
1.02894
1.02894
1.02894
1.02895
1.02893
1.02905
1.04116
1.04202
1.08128
1.08392
1.11349
1.1157
1.11617
1.03379
1.02895
1.0288
1.02885
1.02887
1.02886
1.02899
1.04125
1.04223
1.04328
1.0437
1.0438
1.04373
1.08185
1.08401
1.11348
1.11568
1.11616
1.03386
1.02902
1.02886
1.0289
1.02893
1.02893
1.02893
1.02893
1.02893
1.02893
1.02893
1.02893
1.02893
1.02893
1.02894
1.02894
1.02894
1.02894
1.02894
1.02894
1.02894
1.02894
1.02894
1.02894
1.02894
1.02894
1.02894
1.02894
1.02894
1.02894
1.02894
1.02894
1.02894
1.02894
1.02894
1.02894
1.02894
1.02894
1.02894
1.02894
1.02894
1.02894
1.02894
1.02895
1.02894
1.02894
1.02894
1.02894
1.02894
1.02894
1.02894
1.02894
1.02894
1.02894
1.02894
1.02895
)
;

boundaryField
{
    inlet
    {
        type            cyclic;
    }
    outlet
    {
        type            cyclic;
    }
    bottomWall
    {
        type            kqRWallFunction;
        value           nonuniform List<scalar> 
100
(
1.1122
1.03226
1.04135
1.08045
1.08367
1.11389
1.03277
1.02842
1.041
1.04205
1.04315
1.04361
1.04373
1.04369
1.08215
1.08437
1.11401
1.11616
1.11661
1.0335
1.02859
1.02846
1.02852
1.02854
1.02854
1.02854
1.02853
1.02852
1.0285
1.02849
1.02848
1.02849
1.0285
1.02852
1.02853
1.02854
1.02854
1.02853
1.02864
1.04076
1.04187
1.043
1.04347
1.04362
1.04368
1.04371
1.04373
1.04375
1.04376
1.04376
1.04376
1.04377
1.04377
1.04377
1.04377
1.04377
1.04377
1.04377
1.04377
1.04377
1.04377
1.04377
1.04377
1.04377
1.04377
1.04377
1.04378
1.04378
1.04378
1.04378
1.04378
1.04378
1.04378
1.04378
1.04378
1.04378
1.04378
1.04378
1.04378
1.04378
1.04378
1.04378
1.04378
1.04378
1.04378
1.04378
1.04378
1.04378
1.04378
1.04378
1.04378
1.04378
1.04379
1.04378
1.04378
1.04378
1.04378
1.04378
1.04377
1.04375
)
;
    }
    topWall
    {
        type            kqRWallFunction;
        value           nonuniform List<scalar> 
100
(
1.034
1.04152
1.042
1.08117
1.08378
1.1134
1.11566
1.11614
1.03385
1.02902
1.02887
1.02892
1.02893
1.02894
1.02894
1.02894
1.02895
1.02893
1.02905
1.04116
1.04202
1.08128
1.08392
1.11349
1.1157
1.11617
1.03379
1.02895
1.0288
1.02885
1.02887
1.02886
1.02899
1.04125
1.04223
1.04328
1.0437
1.0438
1.04373
1.08185
1.08401
1.11348
1.11568
1.11616
1.03386
1.02902
1.02886
1.0289
1.02893
1.02893
1.02893
1.02893
1.02893
1.02893
1.02893
1.02893
1.02893
1.02893
1.02894
1.02894
1.02894
1.02894
1.02894
1.02894
1.02894
1.02894
1.02894
1.02894
1.02894
1.02894
1.02894
1.02894
1.02894
1.02894
1.02894
1.02894
1.02894
1.02894
1.02894
1.02894
1.02894
1.02894
1.02894
1.02894
1.02894
1.02894
1.02894
1.02895
1.02894
1.02894
1.02894
1.02894
1.02894
1.02894
1.02894
1.02894
1.02894
1.02894
1.02894
1.02895
)
;
    }
    frontAndBack
    {
        type            empty;
    }
}


// ************************************************************************* //
