/*--------------------------------*- C++ -*----------------------------------*\
  =========                 |
  \\      /  F ield         | OpenFOAM: The Open Source CFD Toolbox
   \\    /   O peration     | Website:  https://openfoam.org
    \\  /    A nd           | Version:  11
     \\/     M anipulation  |
\*---------------------------------------------------------------------------*/
FoamFile
{
    format      ascii;
    class       volScalarField;
    location    "800";
    object      nut;
}
// * * * * * * * * * * * * * * * * * * * * * * * * * * * * * * * * * * * * * //

dimensions      [0 2 -1 0 0 0 0];

internalField   nonuniform List<scalar> 
5000
(
7.86127e-05
6.59327e-05
7.26622e-05
7.56504e-05
7.57203e-05
7.86046e-05
6.59349e-05
6.55789e-05
7.26789e-05
7.23046e-05
7.22706e-05
7.22726e-05
7.22753e-05
7.22836e-05
7.56201e-05
7.57217e-05
7.86114e-05
7.89945e-05
7.90556e-05
6.59543e-05
6.55831e-05
6.55701e-05
6.55738e-05
6.55764e-05
6.55776e-05
6.55781e-05
6.55776e-05
6.55772e-05
6.55766e-05
6.55766e-05
6.55762e-05
6.55764e-05
6.55763e-05
6.55765e-05
6.55762e-05
6.5576e-05
6.55756e-05
6.55754e-05
6.55752e-05
7.2705e-05
7.23119e-05
7.22728e-05
7.2274e-05
7.22765e-05
7.22773e-05
7.22771e-05
7.22769e-05
7.22769e-05
7.2277e-05
7.22772e-05
7.22774e-05
7.22775e-05
7.22776e-05
7.22777e-05
7.22777e-05
7.22778e-05
7.22778e-05
7.22779e-05
7.22779e-05
7.22778e-05
7.22778e-05
7.22778e-05
7.22779e-05
7.22779e-05
7.2278e-05
7.22781e-05
7.22781e-05
7.22782e-05
7.22782e-05
7.22783e-05
7.22783e-05
7.22783e-05
7.22783e-05
7.22782e-05
7.22783e-05
7.22783e-05
7.22784e-05
7.22784e-05
7.22784e-05
7.22784e-05
7.22784e-05
7.22785e-05
7.22785e-05
7.22785e-05
7.22785e-05
7.22785e-05
7.22785e-05
7.22786e-05
7.22786e-05
7.22786e-05
7.22786e-05
7.22786e-05
7.22786e-05
7.22786e-05
7.22786e-05
7.22785e-05
7.22785e-05
7.22784e-05
7.22779e-05
7.22879e-05
0.000163345
0.000157648
0.000160169
0.000162094
0.000162466
0.000163867
0.000157696
0.000156855
0.000160074
0.000160241
0.000160262
0.000160279
0.000160287
0.000160255
0.000162099
0.00016248
0.000163873
0.000164288
0.000164391
0.000157804
0.000156935
0.00015685
0.000156851
0.000156856
0.000156858
0.000156859
0.000156859
0.00015686
0.000156859
0.00015686
0.00015686
0.00015686
0.00015686
0.000156861
0.000156861
0.000156862
0.000156862
0.000156859
0.000156791
0.000160081
0.000160246
0.000160263
0.000160278
0.000160287
0.000160291
0.000160293
0.000160294
0.000160295
0.000160296
0.000160296
0.000160296
0.000160296
0.000160296
0.000160296
0.000160297
0.000160297
0.000160297
0.000160297
0.000160297
0.000160297
0.000160297
0.000160297
0.000160297
0.000160297
0.000160297
0.000160297
0.000160297
0.000160297
0.000160297
0.000160297
0.000160297
0.000160298
0.000160298
0.000160298
0.000160298
0.000160298
0.000160298
0.000160298
0.000160298
0.000160298
0.000160298
0.000160298
0.000160298
0.000160298
0.000160298
0.000160298
0.000160298
0.000160298
0.000160298
0.000160298
0.000160298
0.000160298
0.000160298
0.000160298
0.000160298
0.000160298
0.000160298
0.000160297
0.000160295
0.000160265
0.000253051
0.000251758
0.000251868
0.000252393
0.000252529
0.000253155
0.000251743
0.000251393
0.000251798
0.000251798
0.0002518
0.000251816
0.000251829
0.000251802
0.00025238
0.000252538
0.000253164
0.00025342
0.000253496
0.000251841
0.000251464
0.000251424
0.000251435
0.000251448
0.000251456
0.00025146
0.000251462
0.000251464
0.000251464
0.000251466
0.000251466
0.000251467
0.000251467
0.000251468
0.000251468
0.000251469
0.000251469
0.000251466
0.00025141
0.000251839
0.000251825
0.000251816
0.000251827
0.000251837
0.000251844
0.000251847
0.00025185
0.000251852
0.000251854
0.000251855
0.000251855
0.000251856
0.000251856
0.000251856
0.000251856
0.000251857
0.000251857
0.000251857
0.000251857
0.000251857
0.000251857
0.000251857
0.000251857
0.000251857
0.000251858
0.000251858
0.000251858
0.000251858
0.000251858
0.000251858
0.000251858
0.000251858
0.000251858
0.000251858
0.000251858
0.000251858
0.000251858
0.000251858
0.000251859
0.000251859
0.000251858
0.000251858
0.000251858
0.000251858
0.000251858
0.000251858
0.000251858
0.000251858
0.000251858
0.000251858
0.000251858
0.000251858
0.000251858
0.000251858
0.000251857
0.000251857
0.000251857
0.000251857
0.000251854
0.000251819
0.000340711
0.000340458
0.000340342
0.000340414
0.000340436
0.000340646
0.000340405
0.000340317
0.000340292
0.000340268
0.000340274
0.000340292
0.000340308
0.000340294
0.000340413
0.000340446
0.000340656
0.000340761
0.000340799
0.000340463
0.000340363
0.000340359
0.000340376
0.000340392
0.000340404
0.000340411
0.000340416
0.00034042
0.000340422
0.000340425
0.000340427
0.000340428
0.000340429
0.00034043
0.00034043
0.00034043
0.000340431
0.00034043
0.000340395
0.000340359
0.000340316
0.000340307
0.000340317
0.000340327
0.000340335
0.000340341
0.000340345
0.000340348
0.000340351
0.000340353
0.000340354
0.000340355
0.000340355
0.000340356
0.000340356
0.000340356
0.000340357
0.000340357
0.000340357
0.000340357
0.000340358
0.000340358
0.000340358
0.000340358
0.000340358
0.000340358
0.000340359
0.000340359
0.000340359
0.000340359
0.000340359
0.000340359
0.000340359
0.000340359
0.000340359
0.000340359
0.00034036
0.00034036
0.00034036
0.00034036
0.00034036
0.000340359
0.000340359
0.000340359
0.000340359
0.000340359
0.000340359
0.000340359
0.000340358
0.000340358
0.000340358
0.000340358
0.000340358
0.000340358
0.000340357
0.000340357
0.000340357
0.000340357
0.000340354
0.000340326
0.000422802
0.000422747
0.000422683
0.000422668
0.00042266
0.000422714
0.000422685
0.000422665
0.000422632
0.000422622
0.000422632
0.000422649
0.000422665
0.000422661
0.000422669
0.000422666
0.00042272
0.000422752
0.000422768
0.000422713
0.000422694
0.000422701
0.000422717
0.000422733
0.000422747
0.000422757
0.000422764
0.00042277
0.000422775
0.000422779
0.000422782
0.000422784
0.000422786
0.000422787
0.000422787
0.000422788
0.000422789
0.000422789
0.000422767
0.000422717
0.000422688
0.000422682
0.000422688
0.000422697
0.000422705
0.000422711
0.000422716
0.00042272
0.000422724
0.000422726
0.000422728
0.000422729
0.00042273
0.000422731
0.000422732
0.000422732
0.000422733
0.000422733
0.000422734
0.000422734
0.000422734
0.000422735
0.000422735
0.000422735
0.000422735
0.000422736
0.000422736
0.000422736
0.000422736
0.000422737
0.000422737
0.000422737
0.000422737
0.000422737
0.000422737
0.000422737
0.000422737
0.000422738
0.000422738
0.000422737
0.000422737
0.000422737
0.000422737
0.000422737
0.000422737
0.000422736
0.000422736
0.000422736
0.000422736
0.000422735
0.000422735
0.000422735
0.000422734
0.000422734
0.000422734
0.000422734
0.000422734
0.000422733
0.000422731
0.000422711
0.000498569
0.000498547
0.000498514
0.000498493
0.000498481
0.000498487
0.000498482
0.000498473
0.000498456
0.000498454
0.000498463
0.000498477
0.000498492
0.000498494
0.000498487
0.000498479
0.000498486
0.000498492
0.000498498
0.000498492
0.000498489
0.000498496
0.000498509
0.000498524
0.000498538
0.00049855
0.000498559
0.000498566
0.000498572
0.000498578
0.000498582
0.000498586
0.000498588
0.00049859
0.000498591
0.000498592
0.000498594
0.000498594
0.00049858
0.000498551
0.000498532
0.000498526
0.00049853
0.000498536
0.000498542
0.000498548
0.000498553
0.000498558
0.000498561
0.000498564
0.000498567
0.000498568
0.00049857
0.000498571
0.000498572
0.000498573
0.000498574
0.000498575
0.000498575
0.000498576
0.000498576
0.000498577
0.000498577
0.000498578
0.000498578
0.000498579
0.000498579
0.000498579
0.00049858
0.00049858
0.00049858
0.00049858
0.000498581
0.000498581
0.000498581
0.000498581
0.000498581
0.000498581
0.000498581
0.000498581
0.000498581
0.000498581
0.000498581
0.000498581
0.00049858
0.00049858
0.00049858
0.000498579
0.000498579
0.000498578
0.000498578
0.000498578
0.000498577
0.000498577
0.000498577
0.000498576
0.000498576
0.000498575
0.000498574
0.00049856
0.00056812
0.000568103
0.000568082
0.000568063
0.000568051
0.000568044
0.000568037
0.000568027
0.000568016
0.000568014
0.00056802
0.000568031
0.000568044
0.000568048
0.000568043
0.000568037
0.000568035
0.000568033
0.000568035
0.000568034
0.000568033
0.000568037
0.000568047
0.00056806
0.000568074
0.000568086
0.000568096
0.000568105
0.000568112
0.000568119
0.000568124
0.000568129
0.000568132
0.000568135
0.000568136
0.000568138
0.00056814
0.000568142
0.000568132
0.000568114
0.0005681
0.000568093
0.000568094
0.000568097
0.000568102
0.000568107
0.000568112
0.000568117
0.000568121
0.000568124
0.000568127
0.000568129
0.000568131
0.000568132
0.000568134
0.000568135
0.000568136
0.000568137
0.000568138
0.000568139
0.00056814
0.00056814
0.000568141
0.000568142
0.000568142
0.000568143
0.000568143
0.000568144
0.000568144
0.000568145
0.000568145
0.000568145
0.000568146
0.000568146
0.000568146
0.000568147
0.000568147
0.000568147
0.000568147
0.000568147
0.000568147
0.000568147
0.000568146
0.000568146
0.000568146
0.000568145
0.000568145
0.000568144
0.000568144
0.000568143
0.000568143
0.000568142
0.000568142
0.000568141
0.000568141
0.00056814
0.00056814
0.000568139
0.000568138
0.000568128
0.000631846
0.000631832
0.000631814
0.000631797
0.000631785
0.000631774
0.000631765
0.000631753
0.000631743
0.00063174
0.000631743
0.00063175
0.00063176
0.000631766
0.000631764
0.00063176
0.000631756
0.000631752
0.000631752
0.000631751
0.000631749
0.000631752
0.000631759
0.00063177
0.000631782
0.000631794
0.000631805
0.000631814
0.000631823
0.00063183
0.000631836
0.000631842
0.000631846
0.000631849
0.000631852
0.000631854
0.000631857
0.000631858
0.000631852
0.00063184
0.000631829
0.000631821
0.000631819
0.00063182
0.000631824
0.000631828
0.000631832
0.000631837
0.000631841
0.000631844
0.000631847
0.000631849
0.000631851
0.000631853
0.000631855
0.000631857
0.000631858
0.000631859
0.000631861
0.000631862
0.000631863
0.000631864
0.000631865
0.000631866
0.000631866
0.000631867
0.000631868
0.000631869
0.000631869
0.00063187
0.00063187
0.000631871
0.000631871
0.000631872
0.000631872
0.000631873
0.000631873
0.000631873
0.000631873
0.000631873
0.000631873
0.000631873
0.000631873
0.000631872
0.000631872
0.000631871
0.000631871
0.00063187
0.00063187
0.000631869
0.000631868
0.000631868
0.000631867
0.000631866
0.000631866
0.000631865
0.000631865
0.000631864
0.000631863
0.000631856
0.000690224
0.000690212
0.000690195
0.00069018
0.000690167
0.000690155
0.000690144
0.000690132
0.000690122
0.000690117
0.000690117
0.000690121
0.000690129
0.000690134
0.000690134
0.000690131
0.000690128
0.000690124
0.000690123
0.000690121
0.000690119
0.00069012
0.000690125
0.000690134
0.000690145
0.000690156
0.000690167
0.000690176
0.000690185
0.000690193
0.0006902
0.000690206
0.000690212
0.000690215
0.000690218
0.000690221
0.000690224
0.000690227
0.000690223
0.000690214
0.000690205
0.000690197
0.000690194
0.000690193
0.000690195
0.000690198
0.000690202
0.000690206
0.00069021
0.000690213
0.000690216
0.000690219
0.000690221
0.000690223
0.000690225
0.000690227
0.000690229
0.00069023
0.000690232
0.000690233
0.000690235
0.000690236
0.000690237
0.000690238
0.000690239
0.00069024
0.000690241
0.000690242
0.000690243
0.000690244
0.000690245
0.000690245
0.000690246
0.000690247
0.000690247
0.000690248
0.000690248
0.000690249
0.000690249
0.000690249
0.000690249
0.000690249
0.000690249
0.000690248
0.000690248
0.000690247
0.000690246
0.000690246
0.000690245
0.000690244
0.000690243
0.000690243
0.000690242
0.000690241
0.00069024
0.00069024
0.000690239
0.000690239
0.000690238
0.000690232
0.000743737
0.000743727
0.000743712
0.000743697
0.000743684
0.000743672
0.000743661
0.000743648
0.000743637
0.00074363
0.000743629
0.000743631
0.000743636
0.00074364
0.00074364
0.000743639
0.000743636
0.000743632
0.000743631
0.000743629
0.000743626
0.000743626
0.000743629
0.000743636
0.000743646
0.000743656
0.000743666
0.000743676
0.000743685
0.000743694
0.000743701
0.000743708
0.000743713
0.000743718
0.000743721
0.000743724
0.000743728
0.000743731
0.000743728
0.000743722
0.000743715
0.000743708
0.000743703
0.000743702
0.000743702
0.000743704
0.000743707
0.000743711
0.000743714
0.000743717
0.00074372
0.000743723
0.000743726
0.000743728
0.00074373
0.000743732
0.000743734
0.000743736
0.000743738
0.00074374
0.000743742
0.000743743
0.000743745
0.000743746
0.000743748
0.000743749
0.00074375
0.000743751
0.000743752
0.000743753
0.000743755
0.000743756
0.000743757
0.000743757
0.000743758
0.000743759
0.00074376
0.00074376
0.00074376
0.000743761
0.000743761
0.000743761
0.00074376
0.00074376
0.000743759
0.000743759
0.000743758
0.000743757
0.000743756
0.000743755
0.000743754
0.000743754
0.000743753
0.000743752
0.000743751
0.00074375
0.00074375
0.000743749
0.000743748
0.000743744
0.000792846
0.000792837
0.000792824
0.00079281
0.000792798
0.000792785
0.000792773
0.00079276
0.000792749
0.000792741
0.000792738
0.000792738
0.00079274
0.000792743
0.000792744
0.000792744
0.000792742
0.000792738
0.000792736
0.000792733
0.00079273
0.000792729
0.000792731
0.000792736
0.000792745
0.000792754
0.000792764
0.000792773
0.000792782
0.000792791
0.000792798
0.000792805
0.000792811
0.000792816
0.00079282
0.000792824
0.000792827
0.00079283
0.00079283
0.000792825
0.00079282
0.000792813
0.000792809
0.000792806
0.000792805
0.000792806
0.000792809
0.000792812
0.000792815
0.000792818
0.000792821
0.000792823
0.000792826
0.000792829
0.000792831
0.000792833
0.000792836
0.000792838
0.00079284
0.000792842
0.000792844
0.000792846
0.000792848
0.00079285
0.000792851
0.000792853
0.000792854
0.000792856
0.000792857
0.000792859
0.00079286
0.000792862
0.000792863
0.000792864
0.000792865
0.000792866
0.000792867
0.000792868
0.000792868
0.000792869
0.000792869
0.000792869
0.000792868
0.000792868
0.000792868
0.000792867
0.000792866
0.000792865
0.000792864
0.000792863
0.000792862
0.000792861
0.00079286
0.000792859
0.000792858
0.000792857
0.000792857
0.000792856
0.000792855
0.000792852
0.000837971
0.000837964
0.000837952
0.00083794
0.000837927
0.000837915
0.000837903
0.00083789
0.000837878
0.00083787
0.000837865
0.000837863
0.000837864
0.000837865
0.000837866
0.000837866
0.000837864
0.000837861
0.000837858
0.000837856
0.000837853
0.00083785
0.000837851
0.000837855
0.000837862
0.00083787
0.000837879
0.000837888
0.000837897
0.000837905
0.000837913
0.00083792
0.000837926
0.000837932
0.000837936
0.00083794
0.000837944
0.000837947
0.000837947
0.000837944
0.00083794
0.000837935
0.00083793
0.000837926
0.000837925
0.000837925
0.000837927
0.000837929
0.000837932
0.000837935
0.000837937
0.00083794
0.000837943
0.000837945
0.000837948
0.000837951
0.000837953
0.000837956
0.000837958
0.00083796
0.000837963
0.000837965
0.000837967
0.000837969
0.000837971
0.000837973
0.000837975
0.000837977
0.000837979
0.000837981
0.000837982
0.000837984
0.000837986
0.000837987
0.000837989
0.00083799
0.000837991
0.000837992
0.000837993
0.000837993
0.000837994
0.000837994
0.000837994
0.000837993
0.000837993
0.000837992
0.000837991
0.00083799
0.000837989
0.000837988
0.000837987
0.000837986
0.000837984
0.000837983
0.000837982
0.000837981
0.000837981
0.00083798
0.000837979
0.000837976
0.000879486
0.000879479
0.000879469
0.000879458
0.000879446
0.000879434
0.000879422
0.000879409
0.000879397
0.000879388
0.000879382
0.000879378
0.000879378
0.000879378
0.000879379
0.000879379
0.000879377
0.000879374
0.000879371
0.000879369
0.000879365
0.000879362
0.000879362
0.000879365
0.00087937
0.000879377
0.000879385
0.000879394
0.000879402
0.000879411
0.000879418
0.000879425
0.000879432
0.000879437
0.000879441
0.000879445
0.000879449
0.000879453
0.000879454
0.000879452
0.000879449
0.000879444
0.00087944
0.000879436
0.000879434
0.000879433
0.000879434
0.000879436
0.000879438
0.000879441
0.000879443
0.000879446
0.000879448
0.000879451
0.000879454
0.000879457
0.000879459
0.000879462
0.000879465
0.000879468
0.00087947
0.000879473
0.000879475
0.000879478
0.00087948
0.000879483
0.000879485
0.000879487
0.00087949
0.000879492
0.000879494
0.000879496
0.000879498
0.0008795
0.000879502
0.000879503
0.000879505
0.000879506
0.000879507
0.000879508
0.000879508
0.000879509
0.000879509
0.000879508
0.000879508
0.000879507
0.000879506
0.000879505
0.000879504
0.000879502
0.000879501
0.0008795
0.000879499
0.000879497
0.000879496
0.000879495
0.000879494
0.000879494
0.000879493
0.00087949
0.000917707
0.000917702
0.000917693
0.000917683
0.000917672
0.00091766
0.000917648
0.000917635
0.000917623
0.000917614
0.000917607
0.000917602
0.0009176
0.000917599
0.000917599
0.000917599
0.000917597
0.000917595
0.000917592
0.000917589
0.000917585
0.000917582
0.000917581
0.000917583
0.000917587
0.000917593
0.0009176
0.000917608
0.000917616
0.000917624
0.000917631
0.000917638
0.000917644
0.00091765
0.000917654
0.000917658
0.000917662
0.000917666
0.000917667
0.000917666
0.000917664
0.000917661
0.000917656
0.000917652
0.000917649
0.000917648
0.000917649
0.00091765
0.000917651
0.000917654
0.000917656
0.000917658
0.000917661
0.000917663
0.000917666
0.000917669
0.000917672
0.000917675
0.000917678
0.000917681
0.000917684
0.000917687
0.00091769
0.000917693
0.000917696
0.000917699
0.000917702
0.000917704
0.000917707
0.00091771
0.000917712
0.000917715
0.000917717
0.00091772
0.000917722
0.000917724
0.000917726
0.000917727
0.000917729
0.00091773
0.00091773
0.000917731
0.000917731
0.000917731
0.00091773
0.000917729
0.000917728
0.000917727
0.000917726
0.000917724
0.000917723
0.000917721
0.00091772
0.000917719
0.000917718
0.000917716
0.000917715
0.000917715
0.000917713
0.000917712
0.000952892
0.000952887
0.00095288
0.000952871
0.000952861
0.00095285
0.000952838
0.000952825
0.000952813
0.000952803
0.000952796
0.00095279
0.000952786
0.000952785
0.000952784
0.000952783
0.000952782
0.000952779
0.000952776
0.000952773
0.000952769
0.000952766
0.000952764
0.000952765
0.000952768
0.000952773
0.000952779
0.000952786
0.000952793
0.000952801
0.000952808
0.000952815
0.000952821
0.000952826
0.00095283
0.000952835
0.000952838
0.000952842
0.000952844
0.000952844
0.000952842
0.000952839
0.000952836
0.000952832
0.000952828
0.000952826
0.000952826
0.000952826
0.000952828
0.000952829
0.000952831
0.000952833
0.000952836
0.000952839
0.000952841
0.000952845
0.000952848
0.000952851
0.000952854
0.000952858
0.000952861
0.000952865
0.000952868
0.000952871
0.000952875
0.000952878
0.000952881
0.000952884
0.000952888
0.000952891
0.000952894
0.000952897
0.0009529
0.000952903
0.000952905
0.000952908
0.00095291
0.000952912
0.000952914
0.000952915
0.000952916
0.000952916
0.000952917
0.000952916
0.000952916
0.000952915
0.000952914
0.000952913
0.000952911
0.00095291
0.000952908
0.000952907
0.000952905
0.000952904
0.000952902
0.000952901
0.0009529
0.000952899
0.000952898
0.000952896
0.000985229
0.000985225
0.000985218
0.00098521
0.000985201
0.000985191
0.00098518
0.000985167
0.000985155
0.000985145
0.000985137
0.00098513
0.000985126
0.000985123
0.000985121
0.00098512
0.000985119
0.000985116
0.000985113
0.00098511
0.000985106
0.000985103
0.0009851
0.0009851
0.000985102
0.000985106
0.000985111
0.000985117
0.000985124
0.000985131
0.000985138
0.000985144
0.00098515
0.000985155
0.000985159
0.000985163
0.000985167
0.000985171
0.000985172
0.000985173
0.000985172
0.00098517
0.000985167
0.000985163
0.000985159
0.000985156
0.000985155
0.000985155
0.000985156
0.000985157
0.000985159
0.000985161
0.000985163
0.000985166
0.000985169
0.000985172
0.000985175
0.000985179
0.000985182
0.000985186
0.00098519
0.000985194
0.000985198
0.000985201
0.000985205
0.000985209
0.000985213
0.000985216
0.00098522
0.000985224
0.000985227
0.000985231
0.000985235
0.000985238
0.000985241
0.000985244
0.000985247
0.000985249
0.000985251
0.000985253
0.000985254
0.000985254
0.000985255
0.000985255
0.000985254
0.000985253
0.000985252
0.000985251
0.000985249
0.000985248
0.000985246
0.000985244
0.000985243
0.000985241
0.00098524
0.000985238
0.000985237
0.000985236
0.000985235
0.000985234
0.00101483
0.00101483
0.00101482
0.00101482
0.00101481
0.0010148
0.00101479
0.00101478
0.00101477
0.00101476
0.00101475
0.00101474
0.00101473
0.00101473
0.00101473
0.00101473
0.00101472
0.00101472
0.00101472
0.00101472
0.00101471
0.00101471
0.00101471
0.0010147
0.00101471
0.00101471
0.00101471
0.00101472
0.00101472
0.00101473
0.00101474
0.00101474
0.00101475
0.00101475
0.00101476
0.00101476
0.00101476
0.00101477
0.00101477
0.00101477
0.00101477
0.00101477
0.00101476
0.00101476
0.00101476
0.00101475
0.00101475
0.00101475
0.00101475
0.00101475
0.00101475
0.00101476
0.00101476
0.00101476
0.00101476
0.00101477
0.00101477
0.00101477
0.00101478
0.00101478
0.00101479
0.00101479
0.00101479
0.0010148
0.0010148
0.00101481
0.00101481
0.00101482
0.00101482
0.00101482
0.00101483
0.00101483
0.00101484
0.00101484
0.00101484
0.00101485
0.00101485
0.00101485
0.00101486
0.00101486
0.00101486
0.00101486
0.00101486
0.00101486
0.00101486
0.00101486
0.00101486
0.00101486
0.00101486
0.00101485
0.00101485
0.00101485
0.00101485
0.00101485
0.00101485
0.00101484
0.00101484
0.00101484
0.00101484
0.00101484
0.00104174
0.00104174
0.00104174
0.00104173
0.00104172
0.00104172
0.00104171
0.00104169
0.00104168
0.00104167
0.00104166
0.00104166
0.00104165
0.00104164
0.00104164
0.00104164
0.00104164
0.00104163
0.00104163
0.00104163
0.00104162
0.00104162
0.00104162
0.00104162
0.00104162
0.00104162
0.00104162
0.00104163
0.00104163
0.00104164
0.00104164
0.00104165
0.00104165
0.00104166
0.00104166
0.00104166
0.00104167
0.00104167
0.00104167
0.00104167
0.00104167
0.00104167
0.00104167
0.00104167
0.00104166
0.00104166
0.00104166
0.00104165
0.00104165
0.00104165
0.00104165
0.00104166
0.00104166
0.00104166
0.00104166
0.00104167
0.00104167
0.00104168
0.00104168
0.00104168
0.00104169
0.00104169
0.0010417
0.0010417
0.00104171
0.00104171
0.00104172
0.00104172
0.00104173
0.00104173
0.00104174
0.00104174
0.00104175
0.00104175
0.00104175
0.00104176
0.00104176
0.00104177
0.00104177
0.00104177
0.00104177
0.00104177
0.00104177
0.00104177
0.00104177
0.00104177
0.00104177
0.00104177
0.00104177
0.00104177
0.00104176
0.00104176
0.00104176
0.00104176
0.00104176
0.00104176
0.00104175
0.00104175
0.00104175
0.00104175
0.00106592
0.00106592
0.00106592
0.00106591
0.0010659
0.0010659
0.00106589
0.00106588
0.00106587
0.00106585
0.00106585
0.00106584
0.00106583
0.00106582
0.00106582
0.00106582
0.00106581
0.00106581
0.00106581
0.00106581
0.0010658
0.0010658
0.0010658
0.00106579
0.00106579
0.00106579
0.0010658
0.0010658
0.0010658
0.00106581
0.00106581
0.00106582
0.00106582
0.00106583
0.00106583
0.00106583
0.00106584
0.00106584
0.00106584
0.00106584
0.00106584
0.00106584
0.00106584
0.00106584
0.00106583
0.00106583
0.00106583
0.00106582
0.00106582
0.00106582
0.00106582
0.00106582
0.00106583
0.00106583
0.00106583
0.00106583
0.00106584
0.00106584
0.00106585
0.00106585
0.00106586
0.00106586
0.00106587
0.00106587
0.00106588
0.00106588
0.00106589
0.0010659
0.0010659
0.00106591
0.00106591
0.00106592
0.00106592
0.00106593
0.00106593
0.00106594
0.00106594
0.00106594
0.00106595
0.00106595
0.00106595
0.00106595
0.00106595
0.00106595
0.00106595
0.00106595
0.00106595
0.00106595
0.00106595
0.00106594
0.00106594
0.00106594
0.00106594
0.00106594
0.00106593
0.00106593
0.00106593
0.00106593
0.00106593
0.00106593
0.00108725
0.00108725
0.00108724
0.00108724
0.00108723
0.00108723
0.00108722
0.00108721
0.0010872
0.00108719
0.00108718
0.00108717
0.00108716
0.00108716
0.00108715
0.00108715
0.00108714
0.00108714
0.00108714
0.00108714
0.00108713
0.00108713
0.00108712
0.00108712
0.00108712
0.00108712
0.00108712
0.00108713
0.00108713
0.00108713
0.00108714
0.00108714
0.00108715
0.00108715
0.00108715
0.00108716
0.00108716
0.00108716
0.00108716
0.00108716
0.00108716
0.00108716
0.00108716
0.00108716
0.00108715
0.00108715
0.00108715
0.00108714
0.00108714
0.00108714
0.00108714
0.00108714
0.00108714
0.00108715
0.00108715
0.00108715
0.00108716
0.00108716
0.00108717
0.00108717
0.00108718
0.00108718
0.00108719
0.0010872
0.0010872
0.00108721
0.00108721
0.00108722
0.00108723
0.00108723
0.00108724
0.00108724
0.00108725
0.00108725
0.00108726
0.00108726
0.00108727
0.00108727
0.00108728
0.00108728
0.00108728
0.00108728
0.00108728
0.00108728
0.00108728
0.00108728
0.00108728
0.00108728
0.00108728
0.00108727
0.00108727
0.00108727
0.00108727
0.00108727
0.00108726
0.00108726
0.00108726
0.00108726
0.00108726
0.00108726
0.00110555
0.00110555
0.00110555
0.00110554
0.00110554
0.00110553
0.00110552
0.00110552
0.00110551
0.0011055
0.00110549
0.00110548
0.00110547
0.00110546
0.00110546
0.00110545
0.00110545
0.00110544
0.00110544
0.00110544
0.00110543
0.00110543
0.00110543
0.00110543
0.00110543
0.00110542
0.00110543
0.00110543
0.00110543
0.00110543
0.00110544
0.00110544
0.00110544
0.00110545
0.00110545
0.00110545
0.00110545
0.00110546
0.00110546
0.00110546
0.00110546
0.00110546
0.00110546
0.00110545
0.00110545
0.00110544
0.00110544
0.00110544
0.00110544
0.00110543
0.00110543
0.00110543
0.00110544
0.00110544
0.00110544
0.00110545
0.00110545
0.00110545
0.00110546
0.00110547
0.00110547
0.00110548
0.00110548
0.00110549
0.0011055
0.0011055
0.00110551
0.00110552
0.00110552
0.00110553
0.00110554
0.00110554
0.00110555
0.00110555
0.00110556
0.00110557
0.00110557
0.00110557
0.00110558
0.00110558
0.00110558
0.00110558
0.00110559
0.00110559
0.00110559
0.00110558
0.00110558
0.00110558
0.00110558
0.00110558
0.00110557
0.00110557
0.00110557
0.00110557
0.00110557
0.00110556
0.00110556
0.00110556
0.00110556
0.00110556
0.0011206
0.0011206
0.0011206
0.0011206
0.00112059
0.00112059
0.00112058
0.00112057
0.00112056
0.00112055
0.00112054
0.00112053
0.00112053
0.00112052
0.00112051
0.00112051
0.0011205
0.0011205
0.0011205
0.00112049
0.00112049
0.00112049
0.00112048
0.00112048
0.00112048
0.00112048
0.00112048
0.00112048
0.00112048
0.00112048
0.00112049
0.00112049
0.00112049
0.00112049
0.0011205
0.0011205
0.0011205
0.0011205
0.0011205
0.0011205
0.0011205
0.0011205
0.0011205
0.0011205
0.0011205
0.00112049
0.00112049
0.00112048
0.00112048
0.00112048
0.00112048
0.00112048
0.00112048
0.00112048
0.00112048
0.00112049
0.00112049
0.0011205
0.00112051
0.00112051
0.00112052
0.00112052
0.00112053
0.00112054
0.00112055
0.00112055
0.00112056
0.00112057
0.00112057
0.00112058
0.00112059
0.00112059
0.0011206
0.00112061
0.00112061
0.00112062
0.00112062
0.00112063
0.00112063
0.00112063
0.00112064
0.00112064
0.00112064
0.00112064
0.00112064
0.00112064
0.00112064
0.00112064
0.00112063
0.00112063
0.00112063
0.00112063
0.00112062
0.00112062
0.00112062
0.00112062
0.00112062
0.00112061
0.00112061
0.00112061
0.00113217
0.00113217
0.00113217
0.00113216
0.00113216
0.00113216
0.00113215
0.00113214
0.00113213
0.00113212
0.00113211
0.0011321
0.00113209
0.00113209
0.00113208
0.00113207
0.00113207
0.00113207
0.00113206
0.00113206
0.00113206
0.00113205
0.00113205
0.00113205
0.00113205
0.00113205
0.00113205
0.00113205
0.00113205
0.00113205
0.00113205
0.00113205
0.00113205
0.00113205
0.00113206
0.00113206
0.00113206
0.00113206
0.00113206
0.00113206
0.00113206
0.00113206
0.00113206
0.00113206
0.00113206
0.00113205
0.00113205
0.00113204
0.00113204
0.00113204
0.00113204
0.00113204
0.00113204
0.00113204
0.00113204
0.00113205
0.00113205
0.00113206
0.00113206
0.00113207
0.00113208
0.00113208
0.00113209
0.0011321
0.00113211
0.00113211
0.00113212
0.00113213
0.00113214
0.00113214
0.00113215
0.00113216
0.00113216
0.00113217
0.00113218
0.00113218
0.00113219
0.00113219
0.0011322
0.0011322
0.0011322
0.00113221
0.00113221
0.00113221
0.00113221
0.0011322
0.0011322
0.0011322
0.0011322
0.0011322
0.00113219
0.00113219
0.00113219
0.00113219
0.00113219
0.00113218
0.00113218
0.00113218
0.00113218
0.00113218
0.00114003
0.00114002
0.00114002
0.00114002
0.00114002
0.00114001
0.00114001
0.00114
0.00113999
0.00113998
0.00113997
0.00113996
0.00113995
0.00113995
0.00113994
0.00113993
0.00113993
0.00113992
0.00113992
0.00113992
0.00113992
0.00113991
0.00113991
0.00113991
0.00113991
0.00113991
0.0011399
0.0011399
0.0011399
0.0011399
0.0011399
0.0011399
0.00113991
0.00113991
0.00113991
0.00113991
0.00113991
0.00113991
0.00113991
0.00113992
0.00113992
0.00113991
0.00113991
0.00113991
0.00113991
0.0011399
0.0011399
0.00113989
0.00113989
0.00113989
0.00113989
0.00113989
0.00113989
0.00113989
0.00113989
0.0011399
0.0011399
0.00113991
0.00113992
0.00113992
0.00113993
0.00113994
0.00113994
0.00113995
0.00113996
0.00113997
0.00113998
0.00113998
0.00113999
0.00114
0.00114001
0.00114001
0.00114002
0.00114003
0.00114003
0.00114004
0.00114005
0.00114005
0.00114005
0.00114006
0.00114006
0.00114006
0.00114006
0.00114006
0.00114006
0.00114006
0.00114006
0.00114006
0.00114006
0.00114005
0.00114005
0.00114005
0.00114005
0.00114004
0.00114004
0.00114004
0.00114004
0.00114004
0.00114004
0.00114004
0.001144
0.001144
0.001144
0.001144
0.00114399
0.00114399
0.00114399
0.00114398
0.00114397
0.00114396
0.00114395
0.00114394
0.00114393
0.00114392
0.00114392
0.00114391
0.00114391
0.0011439
0.0011439
0.0011439
0.00114389
0.00114389
0.00114389
0.00114389
0.00114389
0.00114389
0.00114388
0.00114388
0.00114388
0.00114388
0.00114388
0.00114388
0.00114388
0.00114388
0.00114388
0.00114388
0.00114388
0.00114389
0.00114389
0.00114389
0.00114389
0.00114389
0.00114388
0.00114388
0.00114388
0.00114387
0.00114387
0.00114387
0.00114386
0.00114386
0.00114386
0.00114386
0.00114386
0.00114386
0.00114386
0.00114387
0.00114387
0.00114388
0.00114389
0.00114389
0.0011439
0.00114391
0.00114392
0.00114393
0.00114393
0.00114394
0.00114395
0.00114396
0.00114397
0.00114397
0.00114398
0.00114399
0.001144
0.001144
0.00114401
0.00114402
0.00114402
0.00114403
0.00114403
0.00114403
0.00114404
0.00114404
0.00114404
0.00114404
0.00114404
0.00114404
0.00114404
0.00114404
0.00114403
0.00114403
0.00114403
0.00114403
0.00114402
0.00114402
0.00114402
0.00114402
0.00114402
0.00114401
0.00114401
0.00114401
0.00114401
0.00114401
0.00114401
0.001144
0.001144
0.001144
0.00114399
0.00114399
0.00114398
0.00114397
0.00114396
0.00114395
0.00114394
0.00114393
0.00114392
0.00114392
0.00114391
0.00114391
0.00114391
0.0011439
0.0011439
0.0011439
0.0011439
0.0011439
0.0011439
0.00114389
0.00114389
0.00114389
0.00114389
0.00114388
0.00114388
0.00114388
0.00114388
0.00114388
0.00114388
0.00114388
0.00114389
0.00114389
0.00114389
0.00114389
0.00114389
0.00114389
0.00114389
0.00114388
0.00114388
0.00114388
0.00114387
0.00114387
0.00114386
0.00114386
0.00114386
0.00114386
0.00114386
0.00114386
0.00114386
0.00114387
0.00114388
0.00114388
0.00114389
0.0011439
0.00114391
0.00114391
0.00114392
0.00114393
0.00114394
0.00114395
0.00114395
0.00114396
0.00114397
0.00114398
0.00114399
0.00114399
0.001144
0.00114401
0.00114401
0.00114402
0.00114403
0.00114403
0.00114404
0.00114404
0.00114404
0.00114404
0.00114404
0.00114405
0.00114404
0.00114404
0.00114404
0.00114404
0.00114404
0.00114404
0.00114403
0.00114403
0.00114403
0.00114403
0.00114402
0.00114402
0.00114402
0.00114402
0.00114402
0.00114402
0.00114004
0.00114004
0.00114004
0.00114004
0.00114004
0.00114003
0.00114003
0.00114002
0.00114001
0.00114
0.00113999
0.00113998
0.00113998
0.00113997
0.00113996
0.00113995
0.00113995
0.00113995
0.00113994
0.00113994
0.00113994
0.00113994
0.00113994
0.00113994
0.00113993
0.00113993
0.00113993
0.00113992
0.00113992
0.00113992
0.00113992
0.00113992
0.00113991
0.00113991
0.00113992
0.00113992
0.00113992
0.00113992
0.00113992
0.00113992
0.00113992
0.00113992
0.00113992
0.00113991
0.00113991
0.00113991
0.0011399
0.0011399
0.00113989
0.00113989
0.00113989
0.00113989
0.00113989
0.00113989
0.0011399
0.0011399
0.00113991
0.00113992
0.00113992
0.00113993
0.00113994
0.00113995
0.00113995
0.00113996
0.00113997
0.00113998
0.00113999
0.00114
0.00114
0.00114001
0.00114002
0.00114003
0.00114003
0.00114004
0.00114005
0.00114005
0.00114006
0.00114006
0.00114007
0.00114007
0.00114008
0.00114008
0.00114008
0.00114008
0.00114008
0.00114008
0.00114008
0.00114007
0.00114007
0.00114007
0.00114007
0.00114006
0.00114006
0.00114006
0.00114006
0.00114006
0.00114005
0.00114005
0.00114005
0.00114005
0.00113219
0.00113219
0.00113219
0.00113219
0.00113219
0.00113218
0.00113218
0.00113217
0.00113216
0.00113216
0.00113215
0.00113214
0.00113213
0.00113212
0.00113211
0.00113211
0.0011321
0.0011321
0.0011321
0.0011321
0.0011321
0.0011321
0.00113209
0.00113209
0.00113209
0.00113209
0.00113208
0.00113208
0.00113208
0.00113207
0.00113207
0.00113207
0.00113207
0.00113207
0.00113207
0.00113207
0.00113207
0.00113207
0.00113207
0.00113207
0.00113207
0.00113207
0.00113207
0.00113207
0.00113206
0.00113206
0.00113205
0.00113205
0.00113205
0.00113204
0.00113204
0.00113204
0.00113204
0.00113204
0.00113205
0.00113205
0.00113206
0.00113207
0.00113208
0.00113208
0.00113209
0.0011321
0.00113211
0.00113212
0.00113212
0.00113213
0.00113214
0.00113215
0.00113216
0.00113216
0.00113217
0.00113218
0.00113219
0.00113219
0.0011322
0.00113221
0.00113221
0.00113222
0.00113222
0.00113222
0.00113223
0.00113223
0.00113223
0.00113223
0.00113223
0.00113223
0.00113223
0.00113223
0.00113222
0.00113222
0.00113222
0.00113222
0.00113221
0.00113221
0.00113221
0.00113221
0.00113221
0.00113221
0.00113221
0.0011322
0.00112064
0.00112064
0.00112064
0.00112063
0.00112063
0.00112063
0.00112062
0.00112061
0.00112061
0.0011206
0.00112059
0.00112058
0.00112057
0.00112056
0.00112056
0.00112055
0.00112055
0.00112055
0.00112054
0.00112054
0.00112054
0.00112054
0.00112054
0.00112054
0.00112054
0.00112053
0.00112053
0.00112053
0.00112052
0.00112052
0.00112051
0.00112051
0.00112051
0.00112051
0.00112051
0.00112051
0.00112051
0.00112051
0.00112052
0.00112052
0.00112051
0.00112051
0.00112051
0.00112051
0.00112051
0.0011205
0.0011205
0.00112049
0.00112049
0.00112048
0.00112048
0.00112048
0.00112049
0.00112049
0.00112049
0.0011205
0.00112051
0.00112051
0.00112052
0.00112053
0.00112054
0.00112055
0.00112055
0.00112056
0.00112057
0.00112058
0.00112059
0.00112059
0.0011206
0.00112061
0.00112062
0.00112062
0.00112063
0.00112064
0.00112064
0.00112065
0.00112065
0.00112066
0.00112066
0.00112067
0.00112067
0.00112067
0.00112067
0.00112067
0.00112067
0.00112067
0.00112067
0.00112067
0.00112067
0.00112066
0.00112066
0.00112066
0.00112066
0.00112066
0.00112065
0.00112065
0.00112065
0.00112065
0.00112065
0.00112065
0.00110559
0.00110559
0.00110559
0.00110559
0.00110559
0.00110558
0.00110557
0.00110557
0.00110556
0.00110555
0.00110554
0.00110553
0.00110553
0.00110552
0.00110551
0.00110551
0.00110551
0.0011055
0.0011055
0.0011055
0.0011055
0.0011055
0.0011055
0.0011055
0.0011055
0.00110549
0.00110549
0.00110548
0.00110548
0.00110547
0.00110547
0.00110547
0.00110547
0.00110547
0.00110547
0.00110547
0.00110547
0.00110547
0.00110547
0.00110547
0.00110547
0.00110547
0.00110547
0.00110546
0.00110546
0.00110546
0.00110545
0.00110545
0.00110544
0.00110544
0.00110544
0.00110544
0.00110544
0.00110545
0.00110545
0.00110546
0.00110546
0.00110547
0.00110548
0.00110549
0.0011055
0.0011055
0.00110551
0.00110552
0.00110553
0.00110553
0.00110554
0.00110555
0.00110556
0.00110556
0.00110557
0.00110558
0.00110558
0.00110559
0.0011056
0.0011056
0.00110561
0.00110561
0.00110562
0.00110562
0.00110562
0.00110562
0.00110563
0.00110563
0.00110563
0.00110563
0.00110562
0.00110562
0.00110562
0.00110562
0.00110562
0.00110561
0.00110561
0.00110561
0.00110561
0.00110561
0.00110561
0.0011056
0.0011056
0.0011056
0.0010873
0.0010873
0.0010873
0.00108729
0.00108729
0.00108728
0.00108728
0.00108727
0.00108726
0.00108725
0.00108724
0.00108724
0.00108723
0.00108722
0.00108722
0.00108721
0.00108721
0.00108721
0.00108721
0.00108721
0.00108721
0.00108721
0.00108721
0.00108721
0.0010872
0.0010872
0.00108719
0.00108719
0.00108718
0.00108718
0.00108718
0.00108717
0.00108717
0.00108717
0.00108717
0.00108718
0.00108718
0.00108718
0.00108718
0.00108718
0.00108718
0.00108718
0.00108717
0.00108717
0.00108717
0.00108716
0.00108716
0.00108715
0.00108715
0.00108715
0.00108715
0.00108715
0.00108715
0.00108716
0.00108716
0.00108717
0.00108717
0.00108718
0.00108719
0.0010872
0.0010872
0.00108721
0.00108722
0.00108723
0.00108723
0.00108724
0.00108725
0.00108726
0.00108726
0.00108727
0.00108728
0.00108728
0.00108729
0.0010873
0.0010873
0.00108731
0.00108731
0.00108732
0.00108732
0.00108732
0.00108733
0.00108733
0.00108733
0.00108733
0.00108733
0.00108733
0.00108733
0.00108733
0.00108732
0.00108732
0.00108732
0.00108732
0.00108732
0.00108731
0.00108731
0.00108731
0.00108731
0.00108731
0.00108731
0.00108731
0.00106597
0.00106597
0.00106597
0.00106597
0.00106597
0.00106596
0.00106595
0.00106594
0.00106594
0.00106593
0.00106592
0.00106591
0.0010659
0.0010659
0.00106589
0.00106589
0.00106589
0.00106589
0.00106589
0.00106589
0.00106589
0.00106589
0.00106589
0.00106589
0.00106588
0.00106588
0.00106587
0.00106587
0.00106586
0.00106586
0.00106585
0.00106585
0.00106585
0.00106585
0.00106585
0.00106585
0.00106586
0.00106586
0.00106586
0.00106586
0.00106586
0.00106585
0.00106585
0.00106585
0.00106584
0.00106584
0.00106583
0.00106583
0.00106583
0.00106583
0.00106583
0.00106583
0.00106583
0.00106584
0.00106584
0.00106585
0.00106586
0.00106586
0.00106587
0.00106588
0.00106589
0.00106589
0.0010659
0.00106591
0.00106592
0.00106592
0.00106593
0.00106594
0.00106594
0.00106595
0.00106595
0.00106596
0.00106597
0.00106597
0.00106598
0.00106598
0.00106599
0.00106599
0.00106599
0.001066
0.001066
0.001066
0.001066
0.001066
0.001066
0.001066
0.001066
0.001066
0.001066
0.001066
0.001066
0.00106599
0.00106599
0.00106599
0.00106599
0.00106599
0.00106599
0.00106598
0.00106598
0.00106598
0.0010418
0.0010418
0.0010418
0.00104179
0.00104179
0.00104178
0.00104177
0.00104177
0.00104176
0.00104175
0.00104174
0.00104173
0.00104173
0.00104172
0.00104172
0.00104172
0.00104172
0.00104172
0.00104172
0.00104172
0.00104172
0.00104172
0.00104172
0.00104172
0.00104171
0.00104171
0.0010417
0.00104169
0.00104169
0.00104168
0.00104168
0.00104168
0.00104168
0.00104168
0.00104168
0.00104168
0.00104169
0.00104169
0.00104169
0.00104169
0.00104169
0.00104168
0.00104168
0.00104168
0.00104167
0.00104167
0.00104166
0.00104166
0.00104166
0.00104166
0.00104166
0.00104166
0.00104166
0.00104167
0.00104168
0.00104168
0.00104169
0.0010417
0.0010417
0.00104171
0.00104172
0.00104173
0.00104173
0.00104174
0.00104175
0.00104175
0.00104176
0.00104177
0.00104177
0.00104178
0.00104178
0.00104179
0.00104179
0.0010418
0.0010418
0.00104181
0.00104181
0.00104182
0.00104182
0.00104182
0.00104182
0.00104183
0.00104183
0.00104183
0.00104183
0.00104183
0.00104183
0.00104183
0.00104182
0.00104182
0.00104182
0.00104182
0.00104182
0.00104182
0.00104181
0.00104181
0.00104181
0.00104181
0.00104181
0.00104181
0.00101489
0.00101489
0.00101489
0.00101488
0.00101488
0.00101487
0.00101486
0.00101485
0.00101484
0.00101484
0.00101483
0.00101482
0.00101482
0.00101481
0.00101481
0.00101481
0.00101481
0.00101481
0.00101481
0.00101481
0.00101481
0.00101481
0.00101481
0.00101481
0.0010148
0.0010148
0.00101479
0.00101479
0.00101478
0.00101478
0.00101478
0.00101477
0.00101477
0.00101478
0.00101478
0.00101478
0.00101478
0.00101478
0.00101478
0.00101478
0.00101478
0.00101478
0.00101477
0.00101477
0.00101477
0.00101476
0.00101476
0.00101475
0.00101475
0.00101475
0.00101475
0.00101476
0.00101476
0.00101477
0.00101477
0.00101478
0.00101479
0.00101479
0.0010148
0.00101481
0.00101482
0.00101482
0.00101483
0.00101484
0.00101484
0.00101485
0.00101485
0.00101486
0.00101487
0.00101487
0.00101488
0.00101488
0.00101489
0.00101489
0.0010149
0.0010149
0.0010149
0.00101491
0.00101491
0.00101491
0.00101491
0.00101492
0.00101492
0.00101492
0.00101492
0.00101492
0.00101492
0.00101491
0.00101491
0.00101491
0.00101491
0.00101491
0.00101491
0.00101491
0.0010149
0.0010149
0.0010149
0.0010149
0.0010149
0.0010149
0.000985288
0.000985286
0.000985283
0.000985279
0.000985273
0.000985264
0.000985254
0.000985245
0.000985236
0.000985227
0.000985219
0.000985213
0.000985209
0.000985207
0.000985206
0.000985207
0.000985208
0.00098521
0.000985212
0.000985213
0.000985214
0.000985213
0.00098521
0.000985206
0.0009852
0.000985194
0.000985188
0.000985182
0.000985178
0.000985174
0.000985173
0.000985173
0.000985174
0.000985176
0.000985178
0.000985179
0.00098518
0.00098518
0.000985181
0.000985181
0.00098518
0.000985177
0.000985174
0.00098517
0.000985165
0.000985161
0.000985156
0.000985153
0.000985152
0.000985153
0.000985155
0.00098516
0.000985165
0.000985171
0.000985178
0.000985185
0.000985192
0.000985199
0.000985206
0.000985213
0.000985219
0.000985226
0.000985232
0.000985238
0.000985244
0.000985249
0.000985255
0.00098526
0.000985265
0.00098527
0.000985275
0.000985279
0.000985284
0.000985288
0.000985292
0.000985295
0.000985299
0.000985302
0.000985304
0.000985306
0.000985308
0.000985309
0.00098531
0.000985311
0.000985311
0.00098531
0.000985309
0.000985308
0.000985307
0.000985306
0.000985304
0.000985303
0.000985301
0.0009853
0.000985299
0.000985298
0.000985297
0.000985296
0.000985295
0.000985294
0.000952951
0.000952948
0.000952945
0.00095294
0.000952932
0.000952923
0.000952912
0.000952903
0.000952894
0.000952885
0.000952878
0.000952872
0.000952869
0.000952868
0.000952869
0.00095287
0.000952873
0.000952876
0.000952878
0.000952879
0.000952879
0.000952878
0.000952874
0.000952869
0.000952863
0.000952857
0.000952851
0.000952846
0.000952841
0.000952839
0.000952838
0.000952839
0.000952841
0.000952842
0.000952845
0.000952846
0.000952847
0.000952847
0.000952848
0.000952848
0.000952847
0.000952844
0.00095284
0.000952836
0.000952831
0.000952827
0.000952823
0.00095282
0.00095282
0.000952821
0.000952825
0.00095283
0.000952836
0.000952842
0.000952849
0.000952856
0.000952863
0.00095287
0.000952877
0.000952883
0.000952889
0.000952896
0.000952901
0.000952907
0.000952912
0.000952917
0.000952922
0.000952927
0.000952931
0.000952936
0.00095294
0.000952944
0.000952948
0.000952952
0.000952955
0.000952958
0.000952961
0.000952964
0.000952966
0.000952968
0.000952969
0.000952971
0.000952971
0.000952972
0.000952971
0.000952971
0.00095297
0.000952969
0.000952968
0.000952967
0.000952966
0.000952964
0.000952963
0.000952962
0.000952961
0.00095296
0.000952959
0.000952958
0.000952957
0.000952956
0.000917765
0.000917761
0.000917758
0.000917752
0.000917743
0.000917733
0.000917721
0.000917712
0.000917703
0.000917695
0.000917688
0.000917683
0.000917681
0.000917681
0.000917683
0.000917686
0.000917689
0.000917693
0.000917695
0.000917695
0.000917695
0.000917693
0.000917689
0.000917683
0.000917677
0.000917671
0.000917665
0.00091766
0.000917656
0.000917654
0.000917655
0.000917657
0.000917659
0.000917661
0.000917663
0.000917664
0.000917665
0.000917666
0.000917667
0.000917666
0.000917665
0.000917662
0.000917657
0.000917653
0.000917649
0.000917644
0.00091764
0.000917639
0.000917639
0.000917642
0.000917646
0.000917652
0.000917659
0.000917665
0.000917672
0.000917679
0.000917686
0.000917693
0.000917699
0.000917705
0.000917711
0.000917717
0.000917722
0.000917727
0.000917732
0.000917737
0.000917741
0.000917745
0.000917749
0.000917753
0.000917757
0.00091776
0.000917764
0.000917767
0.00091777
0.000917773
0.000917775
0.000917777
0.000917779
0.000917781
0.000917782
0.000917783
0.000917784
0.000917784
0.000917784
0.000917783
0.000917783
0.000917782
0.000917781
0.00091778
0.000917778
0.000917777
0.000917776
0.000917775
0.000917774
0.000917773
0.000917772
0.000917771
0.00091777
0.000917769
0.000879541
0.000879537
0.000879533
0.000879526
0.000879516
0.000879505
0.000879492
0.000879483
0.000879475
0.000879467
0.000879461
0.000879457
0.000879457
0.000879458
0.000879461
0.000879464
0.000879468
0.000879472
0.000879475
0.000879475
0.000879474
0.000879471
0.000879466
0.00087946
0.000879453
0.000879447
0.000879442
0.000879437
0.000879433
0.000879433
0.000879434
0.000879437
0.00087944
0.000879442
0.000879444
0.000879445
0.000879446
0.000879447
0.000879448
0.000879448
0.000879446
0.000879442
0.000879437
0.000879433
0.000879429
0.000879424
0.000879421
0.00087942
0.000879422
0.000879425
0.000879431
0.000879437
0.000879444
0.000879451
0.000879459
0.000879465
0.000879472
0.000879478
0.000879485
0.00087949
0.000879496
0.000879501
0.000879506
0.00087951
0.000879515
0.000879519
0.000879523
0.000879527
0.00087953
0.000879533
0.000879537
0.00087954
0.000879542
0.000879545
0.000879548
0.00087955
0.000879552
0.000879554
0.000879555
0.000879557
0.000879558
0.000879558
0.000879559
0.000879559
0.000879559
0.000879558
0.000879558
0.000879557
0.000879556
0.000879555
0.000879554
0.000879553
0.000879552
0.000879551
0.00087955
0.000879549
0.000879548
0.000879548
0.000879547
0.000879546
0.000838024
0.00083802
0.000838015
0.000838006
0.000837995
0.000837983
0.00083797
0.000837961
0.000837954
0.000837946
0.000837941
0.000837938
0.000837939
0.000837942
0.000837946
0.00083795
0.000837955
0.000837959
0.000837961
0.000837961
0.00083796
0.000837955
0.000837949
0.000837942
0.000837935
0.00083793
0.000837925
0.000837921
0.000837918
0.000837918
0.00083792
0.000837925
0.000837928
0.00083793
0.000837932
0.000837932
0.000837933
0.000837935
0.000837936
0.000837936
0.000837934
0.000837929
0.000837923
0.000837919
0.000837915
0.000837911
0.000837908
0.000837908
0.000837911
0.000837916
0.000837922
0.00083793
0.000837937
0.000837944
0.000837951
0.000837958
0.000837965
0.000837971
0.000837976
0.000837982
0.000837987
0.000837992
0.000837996
0.000838
0.000838004
0.000838008
0.000838011
0.000838014
0.000838017
0.00083802
0.000838023
0.000838025
0.000838027
0.00083803
0.000838032
0.000838034
0.000838035
0.000838037
0.000838038
0.000838039
0.00083804
0.00083804
0.000838041
0.000838041
0.000838041
0.00083804
0.00083804
0.000838039
0.000838038
0.000838037
0.000838036
0.000838035
0.000838034
0.000838033
0.000838032
0.000838032
0.000838031
0.00083803
0.00083803
0.000838028
0.000792896
0.000792891
0.000792885
0.000792874
0.000792862
0.000792849
0.000792837
0.000792829
0.000792822
0.000792815
0.00079281
0.000792809
0.000792811
0.000792815
0.000792821
0.000792826
0.000792831
0.000792836
0.000792838
0.000792836
0.000792834
0.000792828
0.000792821
0.000792814
0.000792806
0.000792802
0.000792797
0.000792793
0.000792791
0.000792793
0.000792797
0.000792803
0.000792806
0.000792808
0.000792808
0.000792809
0.00079281
0.000792812
0.000792814
0.000792813
0.00079281
0.000792805
0.000792799
0.000792794
0.000792791
0.000792787
0.000792785
0.000792786
0.00079279
0.000792796
0.000792804
0.000792812
0.000792819
0.000792827
0.000792834
0.00079284
0.000792846
0.000792852
0.000792857
0.000792862
0.000792867
0.000792871
0.000792875
0.000792879
0.000792882
0.000792885
0.000792888
0.000792891
0.000792893
0.000792895
0.000792898
0.0007929
0.000792902
0.000792903
0.000792905
0.000792907
0.000792908
0.000792909
0.00079291
0.000792911
0.000792911
0.000792912
0.000792912
0.000792912
0.000792912
0.000792911
0.000792911
0.00079291
0.000792909
0.000792908
0.000792908
0.000792907
0.000792906
0.000792905
0.000792904
0.000792904
0.000792903
0.000792902
0.000792902
0.000792901
0.000743785
0.000743778
0.000743771
0.000743759
0.000743746
0.000743732
0.00074372
0.000743713
0.000743707
0.000743701
0.000743697
0.000743698
0.000743702
0.000743707
0.000743714
0.00074372
0.000743725
0.000743731
0.000743732
0.000743729
0.000743724
0.000743717
0.00074371
0.000743702
0.000743695
0.00074369
0.000743687
0.000743683
0.000743682
0.000743685
0.000743691
0.000743698
0.000743701
0.000743702
0.000743702
0.000743702
0.000743704
0.000743707
0.000743709
0.000743707
0.000743703
0.000743697
0.00074369
0.000743686
0.000743683
0.00074368
0.000743678
0.000743681
0.000743686
0.000743694
0.000743702
0.000743711
0.000743719
0.000743726
0.000743733
0.000743739
0.000743745
0.00074375
0.000743755
0.000743759
0.000743763
0.000743767
0.00074377
0.000743773
0.000743776
0.000743779
0.000743781
0.000743783
0.000743786
0.000743787
0.000743789
0.000743791
0.000743792
0.000743794
0.000743795
0.000743796
0.000743797
0.000743798
0.000743799
0.000743799
0.0007438
0.0007438
0.0007438
0.0007438
0.0007438
0.000743799
0.000743799
0.000743798
0.000743797
0.000743797
0.000743796
0.000743795
0.000743794
0.000743794
0.000743793
0.000743793
0.000743792
0.000743792
0.000743791
0.00074379
0.00069027
0.000690261
0.000690252
0.000690239
0.000690225
0.000690211
0.0006902
0.000690194
0.000690189
0.000690183
0.000690181
0.000690183
0.00069019
0.000690197
0.000690204
0.000690211
0.000690217
0.000690223
0.000690222
0.000690217
0.000690211
0.000690202
0.000690194
0.000690186
0.000690179
0.000690176
0.000690173
0.00069017
0.00069017
0.000690174
0.000690182
0.00069019
0.000690193
0.000690192
0.000690191
0.000690192
0.000690194
0.000690199
0.000690201
0.000690197
0.000690192
0.000690184
0.000690178
0.000690175
0.000690172
0.000690169
0.000690169
0.000690173
0.00069018
0.000690189
0.000690198
0.000690207
0.000690215
0.000690222
0.000690229
0.000690234
0.00069024
0.000690244
0.000690248
0.000690252
0.000690256
0.000690259
0.000690262
0.000690264
0.000690266
0.000690268
0.00069027
0.000690272
0.000690274
0.000690275
0.000690277
0.000690278
0.000690279
0.00069028
0.000690281
0.000690282
0.000690283
0.000690283
0.000690284
0.000690284
0.000690284
0.000690284
0.000690284
0.000690284
0.000690284
0.000690284
0.000690283
0.000690283
0.000690282
0.000690281
0.000690281
0.00069028
0.000690279
0.000690279
0.000690278
0.000690278
0.000690277
0.000690277
0.000690276
0.000690275
0.000631891
0.00063188
0.000631869
0.000631854
0.000631839
0.000631826
0.000631815
0.000631811
0.000631807
0.000631803
0.000631803
0.000631808
0.000631816
0.000631825
0.000631833
0.00063184
0.000631846
0.000631852
0.000631849
0.000631841
0.000631832
0.000631822
0.000631813
0.000631805
0.000631799
0.000631797
0.000631795
0.000631793
0.000631795
0.000631801
0.000631811
0.000631821
0.000631822
0.000631819
0.000631817
0.000631818
0.000631822
0.000631827
0.000631828
0.000631823
0.000631815
0.000631807
0.000631801
0.000631798
0.000631796
0.000631794
0.000631796
0.000631802
0.000631811
0.000631821
0.000631831
0.00063184
0.000631848
0.000631854
0.00063186
0.000631866
0.00063187
0.000631874
0.000631878
0.000631881
0.000631884
0.000631886
0.000631888
0.00063189
0.000631892
0.000631894
0.000631895
0.000631897
0.000631898
0.000631899
0.0006319
0.000631901
0.000631902
0.000631902
0.000631903
0.000631904
0.000631904
0.000631905
0.000631905
0.000631905
0.000631905
0.000631905
0.000631905
0.000631905
0.000631905
0.000631904
0.000631904
0.000631904
0.000631903
0.000631902
0.000631902
0.000631901
0.000631901
0.0006319
0.0006319
0.0006319
0.000631899
0.000631899
0.000631898
0.000631897
0.000568163
0.000568148
0.000568135
0.000568118
0.000568101
0.000568091
0.000568083
0.00056808
0.000568077
0.000568077
0.000568079
0.000568087
0.000568097
0.000568107
0.000568116
0.000568123
0.000568129
0.000568134
0.000568128
0.000568114
0.000568103
0.000568092
0.000568081
0.000568076
0.000568071
0.00056807
0.000568068
0.00056807
0.000568074
0.000568083
0.000568094
0.000568105
0.000568104
0.000568096
0.000568093
0.000568095
0.000568101
0.000568108
0.000568107
0.000568098
0.000568087
0.000568081
0.000568075
0.000568074
0.000568072
0.000568073
0.000568076
0.000568085
0.000568096
0.000568107
0.000568117
0.000568126
0.000568133
0.000568139
0.000568145
0.000568149
0.000568153
0.000568156
0.000568159
0.000568161
0.000568163
0.000568165
0.000568167
0.000568169
0.00056817
0.000568171
0.000568172
0.000568173
0.000568174
0.000568175
0.000568175
0.000568176
0.000568176
0.000568177
0.000568177
0.000568178
0.000568178
0.000568178
0.000568179
0.000568179
0.000568179
0.000568179
0.000568179
0.000568178
0.000568178
0.000568178
0.000568178
0.000568177
0.000568177
0.000568176
0.000568176
0.000568175
0.000568175
0.000568175
0.000568174
0.000568174
0.000568174
0.000568173
0.000568172
0.000568171
0.000498607
0.000498583
0.000498563
0.000498548
0.000498528
0.000498529
0.000498526
0.000498525
0.000498516
0.000498524
0.000498532
0.000498543
0.000498555
0.000498566
0.000498575
0.000498582
0.000498587
0.000498591
0.00049858
0.000498556
0.000498537
0.000498527
0.000498513
0.000498518
0.000498518
0.000498518
0.000498511
0.00049852
0.000498529
0.000498541
0.000498554
0.000498565
0.00049856
0.000498541
0.000498532
0.000498537
0.000498546
0.000498554
0.000498551
0.00049854
0.000498523
0.000498526
0.000498524
0.000498524
0.000498515
0.000498524
0.000498532
0.000498544
0.000498556
0.000498568
0.000498578
0.000498586
0.000498592
0.000498598
0.000498602
0.000498605
0.000498608
0.000498611
0.000498613
0.000498615
0.000498616
0.000498617
0.000498619
0.00049862
0.000498621
0.000498621
0.000498622
0.000498623
0.000498623
0.000498624
0.000498624
0.000498625
0.000498625
0.000498625
0.000498625
0.000498626
0.000498626
0.000498626
0.000498626
0.000498626
0.000498626
0.000498626
0.000498626
0.000498626
0.000498626
0.000498625
0.000498625
0.000498625
0.000498624
0.000498624
0.000498624
0.000498623
0.000498623
0.000498623
0.000498622
0.000498622
0.000498622
0.000498622
0.000498621
0.000498619
0.00042281
0.000422765
0.00042272
0.000422724
0.000422699
0.000422741
0.000422757
0.00042276
0.000422704
0.000422731
0.000422749
0.000422764
0.000422778
0.000422789
0.000422797
0.000422802
0.000422806
0.000422809
0.00042279
0.000422746
0.0004227
0.000422708
0.000422689
0.000422735
0.000422753
0.000422756
0.000422701
0.000422729
0.000422747
0.000422763
0.000422777
0.000422788
0.000422775
0.000422736
0.000422702
0.000422709
0.000422722
0.000422732
0.000422723
0.000422728
0.000422702
0.000422744
0.00042276
0.000422762
0.000422706
0.000422733
0.000422751
0.000422766
0.00042278
0.000422791
0.0004228
0.000422807
0.000422812
0.000422816
0.000422819
0.000422822
0.000422824
0.000422825
0.000422827
0.000422828
0.000422829
0.000422829
0.00042283
0.000422831
0.000422831
0.000422832
0.000422832
0.000422833
0.000422833
0.000422833
0.000422833
0.000422834
0.000422834
0.000422834
0.000422834
0.000422834
0.000422834
0.000422835
0.000422835
0.000422835
0.000422835
0.000422835
0.000422834
0.000422834
0.000422834
0.000422834
0.000422834
0.000422833
0.000422833
0.000422833
0.000422833
0.000422832
0.000422832
0.000422832
0.000422832
0.000422832
0.000422831
0.000422831
0.00042283
0.000422828
0.000340533
0.000340481
0.000340354
0.000340459
0.000340446
0.000340631
0.000340708
0.000340725
0.000340397
0.000340445
0.00034048
0.000340501
0.000340516
0.000340525
0.000340531
0.000340535
0.000340538
0.000340539
0.000340507
0.000340475
0.000340341
0.000340449
0.000340441
0.000340629
0.000340708
0.000340723
0.000340394
0.000340443
0.000340479
0.0003405
0.000340515
0.000340524
0.000340497
0.00034047
0.000340352
0.00034035
0.000340365
0.000340376
0.000340359
0.000340472
0.000340456
0.000340638
0.000340714
0.000340729
0.0003404
0.000340448
0.000340483
0.000340503
0.000340518
0.000340528
0.000340535
0.00034054
0.000340543
0.000340546
0.000340548
0.000340549
0.00034055
0.000340551
0.000340552
0.000340552
0.000340553
0.000340553
0.000340554
0.000340554
0.000340554
0.000340554
0.000340555
0.000340555
0.000340555
0.000340555
0.000340555
0.000340555
0.000340555
0.000340556
0.000340556
0.000340556
0.000340556
0.000340556
0.000340556
0.000340556
0.000340556
0.000340556
0.000340556
0.000340556
0.000340555
0.000340555
0.000340555
0.000340555
0.000340555
0.000340555
0.000340554
0.000340554
0.000340554
0.000340554
0.000340554
0.000340554
0.000340554
0.000340553
0.000340552
0.00034055
0.00025188
0.000252137
0.000251851
0.000252372
0.000252462
0.000253052
0.000253282
0.000253335
0.000251728
0.000251686
0.000251726
0.00025175
0.000251763
0.00025177
0.000251773
0.000251775
0.000251776
0.000251775
0.000251722
0.000252136
0.000251848
0.000252369
0.000252462
0.000253052
0.000253282
0.000253334
0.000251726
0.000251683
0.000251724
0.000251748
0.000251761
0.000251767
0.000251716
0.000252135
0.000251866
0.000251827
0.000251836
0.000251845
0.000251816
0.000252382
0.000252473
0.00025306
0.000253289
0.00025334
0.000251731
0.000251687
0.000251727
0.000251751
0.000251764
0.000251772
0.000251776
0.000251778
0.00025178
0.000251781
0.000251782
0.000251782
0.000251783
0.000251783
0.000251783
0.000251784
0.000251784
0.000251784
0.000251784
0.000251784
0.000251784
0.000251785
0.000251785
0.000251785
0.000251785
0.000251785
0.000251785
0.000251785
0.000251785
0.000251785
0.000251785
0.000251785
0.000251785
0.000251785
0.000251785
0.000251785
0.000251785
0.000251785
0.000251785
0.000251785
0.000251785
0.000251785
0.000251785
0.000251785
0.000251785
0.000251785
0.000251784
0.000251784
0.000251784
0.000251784
0.000251784
0.000251784
0.000251784
0.000251784
0.000251783
0.000251779
0.000157822
0.000160296
0.000160296
0.000162115
0.000162404
0.00016378
0.00016415
0.000164238
0.000157788
0.000157111
0.000157052
0.000157054
0.00015706
0.000157062
0.000157062
0.000157063
0.000157062
0.00015706
0.000156995
0.000160204
0.000160287
0.000162117
0.000162408
0.000163782
0.00016415
0.000164236
0.000157785
0.000157109
0.000157049
0.000157052
0.000157057
0.000157058
0.000156993
0.000160205
0.000160305
0.00016032
0.000160333
0.000160339
0.000160306
0.00016213
0.000162414
0.000163786
0.000164156
0.000164242
0.000157789
0.000157112
0.000157052
0.000157055
0.00015706
0.000157063
0.000157064
0.000157064
0.000157065
0.000157065
0.000157065
0.000157065
0.000157065
0.000157065
0.000157065
0.000157066
0.000157066
0.000157066
0.000157066
0.000157066
0.000157066
0.000157066
0.000157066
0.000157066
0.000157066
0.000157066
0.000157066
0.000157066
0.000157066
0.000157066
0.000157066
0.000157066
0.000157066
0.000157066
0.000157066
0.000157066
0.000157066
0.000157066
0.000157066
0.000157066
0.000157066
0.000157066
0.000157066
0.000157066
0.000157066
0.000157066
0.000157066
0.000157066
0.000157066
0.000157066
0.000157066
0.000157066
0.000157066
0.000157065
0.000157065
0.000157061
6.60297e-05
7.2728e-05
7.23454e-05
7.56204e-05
7.57203e-05
7.85962e-05
7.89712e-05
7.90267e-05
6.59909e-05
6.5624e-05
6.56093e-05
6.56115e-05
6.56131e-05
6.56141e-05
6.56152e-05
6.56161e-05
6.56169e-05
6.56173e-05
6.56171e-05
7.2728e-05
7.23497e-05
7.56219e-05
7.57204e-05
7.85911e-05
7.89643e-05
7.90189e-05
6.59907e-05
6.56239e-05
6.56096e-05
6.56123e-05
6.56139e-05
6.56145e-05
6.56146e-05
7.27255e-05
7.23422e-05
7.2303e-05
7.2303e-05
7.2305e-05
7.23132e-05
7.56249e-05
7.57252e-05
7.85994e-05
7.89755e-05
7.90318e-05
6.59895e-05
6.56227e-05
6.56083e-05
6.56108e-05
6.56125e-05
6.56132e-05
6.56136e-05
6.56138e-05
6.56139e-05
6.5614e-05
6.5614e-05
6.56141e-05
6.56141e-05
6.56141e-05
6.56141e-05
6.56141e-05
6.56141e-05
6.56141e-05
6.56142e-05
6.56142e-05
6.56142e-05
6.56143e-05
6.56143e-05
6.56143e-05
6.56143e-05
6.56144e-05
6.56143e-05
6.56143e-05
6.56143e-05
6.56143e-05
6.56143e-05
6.56143e-05
6.56144e-05
6.56144e-05
6.56144e-05
6.56144e-05
6.56144e-05
6.56144e-05
6.56144e-05
6.56144e-05
6.56144e-05
6.56144e-05
6.56144e-05
6.56144e-05
6.56144e-05
6.56144e-05
6.56144e-05
6.56144e-05
6.56144e-05
6.56144e-05
6.56144e-05
6.56144e-05
6.56144e-05
6.56144e-05
6.56145e-05
6.5615e-05
)
;

boundaryField
{
    inlet
    {
        type            cyclic;
    }
    outlet
    {
        type            cyclic;
    }
    bottomWall
    {
        type            nutkWallFunction;
        Cmu             0.09;
        kappa           0.41;
        E               9.8;
        value           nonuniform List<scalar> 
100
(
2.31184e-08
0
0
0
0
3.21444e-08
0
0
0
0
0
0
0
0
0
0
3.27559e-08
4.41866e-08
4.66147e-08
0
0
0
0
0
0
0
0
0
0
0
0
0
0
0
0
0
0
0
0
0
0
0
0
0
0
0
0
0
0
0
0
0
0
0
0
0
0
0
0
0
0
0
0
0
0
0
0
0
0
0
0
0
0
0
0
0
0
0
0
0
0
0
0
0
0
0
0
0
0
0
0
0
0
0
0
0
0
0
0
0
)
;
    }
    topWall
    {
        type            nutkWallFunction;
        Cmu             0.09;
        kappa           0.41;
        E               9.8;
        value           nonuniform List<scalar> 
100
(
0
0
0
0
0
2.95161e-08
4.15193e-08
4.41013e-08
0
0
0
0
0
0
0
0
0
0
0
0
0
0
0
2.99858e-08
4.1739e-08
4.42401e-08
0
0
0
0
0
0
0
0
0
0
0
0
0
0
0
2.99298e-08
4.16615e-08
4.42057e-08
0
0
0
0
0
0
0
0
0
0
0
0
0
0
0
0
0
0
0
0
0
0
0
0
0
0
0
0
0
0
0
0
0
0
0
0
0
0
0
0
0
0
0
0
0
0
0
0
0
0
0
0
0
0
0
0
)
;
    }
    frontAndBack
    {
        type            empty;
    }
}


// ************************************************************************* //
