/*--------------------------------*- C++ -*----------------------------------*\
  =========                 |
  \\      /  F ield         | OpenFOAM: The Open Source CFD Toolbox
   \\    /   O peration     | Website:  https://openfoam.org
    \\  /    A nd           | Version:  11
     \\/     M anipulation  |
\*---------------------------------------------------------------------------*/
FoamFile
{
    format      ascii;
    class       volScalarField;
    location    "800";
    object      omega;
}
// * * * * * * * * * * * * * * * * * * * * * * * * * * * * * * * * * * * * * //

dimensions      [0 0 -1 0 0 0 0];

internalField   nonuniform List<scalar> 
5000
(
13333.3
15656.3
13333.3
13333.3
13333.3
13333.3
15663.5
15682.1
13333.3
13333.3
13333.3
13333.3
13333.3
13333.3
13333.3
13333.3
13333.3
13333.3
13333.3
15669.9
15683.8
15684.9
15684.9
15684.6
15684.4
15684.2
15684.1
15684
15684
15683.8
15683.8
15683.8
15684
15684.3
15684.6
15684.7
15684.8
15684.7
15686.5
13333.3
13333.3
13333.3
13333.3
13333.3
13333.3
13333.3
13333.3
13333.3
13333.3
13333.3
13333.3
13333.3
13333.3
13333.3
13333.3
13333.3
13333.3
13333.3
13333.3
13333.3
13333.3
13333.3
13333.3
13333.3
13333.3
13333.3
13333.3
13333.3
13333.3
13333.3
13333.3
13333.3
13333.3
13333.3
13333.3
13333.3
13333.3
13333.3
13333.3
13333.3
13333.3
13333.3
13333.3
13333.3
13333.3
13333.3
13333.3
13333.3
13333.3
13333.3
13333.3
13333.3
13333.3
13333.3
13333.3
13333.3
13333.3
13333.3
13333.3
13333.3
5786.05
5943.43
5825.57
5783.88
5776.69
5765.69
5941.92
5965.74
5828.52
5819.55
5819.94
5820.23
5820.26
5821.08
5785.93
5777.65
5766.08
5760.02
5758.51
5940.94
5963.79
5965.8
5965.66
5965.44
5965.29
5965.22
5965.2
5965.19
5965.19
5965.17
5965.15
5965.13
5965.12
5965.14
5965.18
5965.22
5965.25
5965.32
5967.89
5828.29
5819.27
5819.74
5820.05
5820.09
5820.09
5820.08
5820.07
5820.05
5820.03
5820.02
5820.01
5820.01
5820
5820
5820
5820
5820
5820
5820
5820
5820
5820.01
5820.01
5820.01
5820.01
5820.01
5820.01
5820.01
5820.01
5820.01
5820.01
5820.01
5820.01
5820.01
5820.02
5820.02
5820.02
5820.02
5820.02
5820.02
5820.02
5820.02
5820.02
5820.02
5820.02
5820.02
5820.02
5820.02
5820.02
5820.02
5820.02
5820.02
5820.03
5820.03
5820.03
5820.03
5820.03
5820.03
5820.06
5820.8
3489.44
3505.48
3496.93
3489.74
3487.61
3485.56
3505.64
3510.84
3498.01
3496.6
3496.67
3496.7
3496.7
3497.07
3490.48
3488.02
3485.84
3484.11
3483.53
3505.27
3510.63
3511.31
3511.28
3511.2
3511.12
3511.07
3511.04
3511.01
3510.99
3510.97
3510.94
3510.93
3510.93
3510.94
3510.97
3511
3511.01
3511.03
3511.52
3497.98
3496.5
3496.57
3496.61
3496.6
3496.58
3496.55
3496.52
3496.49
3496.47
3496.46
3496.45
3496.44
3496.44
3496.43
3496.43
3496.43
3496.43
3496.43
3496.43
3496.43
3496.43
3496.43
3496.43
3496.43
3496.43
3496.43
3496.43
3496.43
3496.43
3496.43
3496.43
3496.43
3496.43
3496.43
3496.44
3496.44
3496.44
3496.44
3496.44
3496.44
3496.44
3496.44
3496.44
3496.44
3496.44
3496.44
3496.44
3496.44
3496.44
3496.44
3496.44
3496.44
3496.44
3496.44
3496.44
3496.44
3496.44
3496.45
3496.48
3496.96
2454.11
2456.14
2455.66
2454.38
2453.86
2453.42
2456.34
2457.43
2456.08
2456.01
2456.06
2456.07
2456.08
2456.19
2454.78
2454.12
2453.61
2453.11
2452.93
2456.32
2457.53
2457.74
2457.76
2457.74
2457.71
2457.69
2457.67
2457.64
2457.62
2457.6
2457.58
2457.57
2457.56
2457.57
2457.58
2457.59
2457.6
2457.6
2457.68
2456.12
2455.99
2456.02
2456.02
2456.02
2456.01
2456
2455.98
2455.96
2455.95
2455.93
2455.93
2455.92
2455.92
2455.91
2455.91
2455.91
2455.91
2455.91
2455.91
2455.91
2455.9
2455.9
2455.9
2455.9
2455.9
2455.9
2455.9
2455.9
2455.9
2455.9
2455.9
2455.9
2455.9
2455.9
2455.9
2455.9
2455.9
2455.9
2455.9
2455.9
2455.9
2455.9
2455.9
2455.9
2455.9
2455.9
2455.9
2455.91
2455.91
2455.91
2455.91
2455.91
2455.91
2455.91
2455.91
2455.91
2455.91
2455.91
2455.93
2456.11
1876.93
1877.19
1877.25
1877.01
1876.9
1876.77
1877.25
1877.49
1877.42
1877.48
1877.52
1877.54
1877.56
1877.6
1877.27
1877.1
1876.93
1876.77
1876.72
1877.34
1877.62
1877.68
1877.7
1877.71
1877.7
1877.7
1877.68
1877.67
1877.65
1877.64
1877.62
1877.61
1877.61
1877.61
1877.61
1877.62
1877.62
1877.62
1877.64
1877.49
1877.51
1877.52
1877.53
1877.53
1877.54
1877.53
1877.52
1877.51
1877.5
1877.5
1877.49
1877.49
1877.48
1877.48
1877.48
1877.47
1877.47
1877.47
1877.47
1877.47
1877.47
1877.47
1877.47
1877.47
1877.47
1877.47
1877.47
1877.47
1877.47
1877.47
1877.47
1877.47
1877.47
1877.47
1877.46
1877.46
1877.46
1877.46
1877.46
1877.46
1877.46
1877.46
1877.46
1877.46
1877.46
1877.46
1877.46
1877.46
1877.46
1877.46
1877.46
1877.46
1877.46
1877.46
1877.46
1877.47
1877.47
1877.47
1877.48
1877.53
1510.38
1510.39
1510.42
1510.37
1510.35
1510.3
1510.38
1510.44
1510.48
1510.52
1510.55
1510.57
1510.59
1510.61
1510.54
1510.5
1510.44
1510.38
1510.36
1510.49
1510.55
1510.58
1510.59
1510.61
1510.61
1510.62
1510.61
1510.61
1510.6
1510.59
1510.58
1510.57
1510.56
1510.56
1510.56
1510.56
1510.56
1510.56
1510.57
1510.57
1510.58
1510.58
1510.58
1510.59
1510.59
1510.6
1510.59
1510.59
1510.58
1510.58
1510.58
1510.57
1510.57
1510.57
1510.56
1510.56
1510.56
1510.56
1510.56
1510.56
1510.56
1510.56
1510.56
1510.55
1510.55
1510.55
1510.55
1510.55
1510.55
1510.55
1510.55
1510.55
1510.55
1510.55
1510.55
1510.55
1510.55
1510.55
1510.55
1510.55
1510.55
1510.55
1510.55
1510.55
1510.55
1510.55
1510.55
1510.55
1510.55
1510.55
1510.55
1510.55
1510.55
1510.55
1510.55
1510.55
1510.55
1510.55
1510.55
1510.56
1256.58
1256.57
1256.57
1256.55
1256.53
1256.51
1256.52
1256.54
1256.57
1256.59
1256.61
1256.62
1256.64
1256.66
1256.65
1256.64
1256.62
1256.6
1256.6
1256.62
1256.64
1256.65
1256.67
1256.68
1256.69
1256.7
1256.7
1256.7
1256.69
1256.69
1256.68
1256.68
1256.67
1256.67
1256.67
1256.67
1256.67
1256.67
1256.67
1256.68
1256.68
1256.67
1256.66
1256.66
1256.67
1256.67
1256.67
1256.67
1256.67
1256.67
1256.67
1256.66
1256.66
1256.66
1256.66
1256.66
1256.66
1256.66
1256.65
1256.65
1256.65
1256.65
1256.65
1256.65
1256.65
1256.65
1256.65
1256.65
1256.65
1256.65
1256.65
1256.65
1256.64
1256.64
1256.64
1256.64
1256.64
1256.64
1256.64
1256.64
1256.64
1256.64
1256.64
1256.64
1256.64
1256.64
1256.64
1256.64
1256.64
1256.64
1256.64
1256.64
1256.64
1256.64
1256.64
1256.64
1256.64
1256.64
1256.64
1256.64
1069.84
1069.83
1069.82
1069.81
1069.79
1069.78
1069.77
1069.78
1069.8
1069.81
1069.82
1069.83
1069.84
1069.86
1069.87
1069.87
1069.86
1069.85
1069.85
1069.86
1069.86
1069.87
1069.88
1069.9
1069.91
1069.92
1069.92
1069.92
1069.92
1069.92
1069.92
1069.91
1069.91
1069.91
1069.91
1069.91
1069.91
1069.91
1069.91
1069.91
1069.9
1069.89
1069.89
1069.89
1069.89
1069.89
1069.89
1069.89
1069.89
1069.89
1069.89
1069.89
1069.89
1069.89
1069.89
1069.89
1069.89
1069.89
1069.88
1069.88
1069.88
1069.88
1069.88
1069.88
1069.88
1069.88
1069.88
1069.88
1069.88
1069.88
1069.88
1069.87
1069.87
1069.87
1069.87
1069.87
1069.87
1069.87
1069.87
1069.87
1069.87
1069.87
1069.87
1069.87
1069.87
1069.87
1069.87
1069.87
1069.87
1069.86
1069.86
1069.86
1069.86
1069.86
1069.86
1069.86
1069.87
1069.87
1069.87
1069.87
926.187
926.177
926.168
926.155
926.142
926.128
926.122
926.126
926.133
926.137
926.142
926.151
926.164
926.177
926.187
926.19
926.186
926.185
926.183
926.185
926.19
926.197
926.205
926.215
926.225
926.235
926.243
926.247
926.249
926.25
926.249
926.248
926.246
926.245
926.245
926.245
926.244
926.244
926.247
926.246
926.238
926.228
926.22
926.218
926.219
926.221
926.223
926.224
926.225
926.226
926.226
926.225
926.225
926.224
926.224
926.223
926.222
926.221
926.22
926.22
926.219
926.218
926.217
926.217
926.216
926.215
926.215
926.214
926.213
926.212
926.212
926.211
926.21
926.209
926.208
926.207
926.207
926.206
926.205
926.204
926.203
926.203
926.202
926.201
926.201
926.2
926.2
926.199
926.199
926.199
926.199
926.198
926.198
926.198
926.198
926.198
926.199
926.199
926.201
926.199
811.915
811.907
811.9
811.889
811.877
811.865
811.858
811.858
811.861
811.862
811.864
811.869
811.878
811.889
811.898
811.902
811.902
811.903
811.901
811.902
811.906
811.911
811.918
811.926
811.935
811.944
811.952
811.957
811.961
811.963
811.964
811.965
811.964
811.965
811.965
811.965
811.965
811.966
811.968
811.967
811.961
811.952
811.945
811.942
811.941
811.942
811.944
811.945
811.946
811.947
811.947
811.948
811.948
811.947
811.947
811.947
811.946
811.946
811.945
811.944
811.944
811.943
811.943
811.942
811.941
811.94
811.94
811.939
811.938
811.937
811.937
811.936
811.935
811.934
811.933
811.932
811.931
811.93
811.929
811.928
811.928
811.927
811.926
811.925
811.925
811.924
811.923
811.923
811.922
811.922
811.922
811.922
811.921
811.921
811.921
811.921
811.922
811.922
811.923
811.922
718.675
718.669
718.663
718.655
718.645
718.634
718.626
718.624
718.624
718.623
718.623
718.626
718.632
718.641
718.648
718.653
718.654
718.655
718.655
718.655
718.659
718.663
718.668
718.674
718.681
718.689
718.697
718.703
718.707
718.711
718.713
718.714
718.715
718.716
718.717
718.718
718.719
718.719
718.721
718.721
718.717
718.71
718.704
718.7
718.699
718.699
718.699
718.7
718.701
718.702
718.703
718.704
718.704
718.704
718.704
718.704
718.704
718.704
718.703
718.703
718.702
718.702
718.701
718.701
718.7
718.699
718.699
718.698
718.697
718.696
718.695
718.694
718.694
718.693
718.692
718.691
718.69
718.689
718.688
718.687
718.686
718.685
718.684
718.683
718.683
718.682
718.681
718.681
718.68
718.68
718.679
718.679
718.679
718.679
718.679
718.679
718.679
718.679
718.68
718.679
641.119
641.115
641.11
641.104
641.095
641.086
641.079
641.075
641.074
641.071
641.07
641.071
641.075
641.081
641.087
641.091
641.093
641.094
641.094
641.095
641.098
641.101
641.105
641.11
641.116
641.122
641.129
641.135
641.14
641.144
641.147
641.149
641.151
641.153
641.154
641.156
641.156
641.157
641.159
641.16
641.157
641.152
641.147
641.143
641.142
641.141
641.141
641.141
641.142
641.143
641.144
641.145
641.146
641.146
641.146
641.146
641.146
641.146
641.146
641.146
641.145
641.145
641.144
641.144
641.143
641.143
641.142
641.141
641.14
641.14
641.139
641.138
641.137
641.136
641.135
641.134
641.133
641.132
641.131
641.13
641.129
641.128
641.127
641.127
641.126
641.125
641.124
641.124
641.123
641.123
641.122
641.122
641.122
641.122
641.121
641.121
641.121
641.122
641.122
641.122
575.686
575.683
575.68
575.675
575.668
575.66
575.654
575.65
575.648
575.644
575.642
575.642
575.644
575.647
575.652
575.655
575.657
575.659
575.659
575.66
575.662
575.665
575.668
575.672
575.676
575.682
575.688
575.693
575.698
575.702
575.706
575.708
575.711
575.713
575.715
575.717
575.718
575.719
575.721
575.722
575.721
575.717
575.713
575.71
575.708
575.707
575.707
575.707
575.707
575.708
575.709
575.71
575.711
575.711
575.712
575.712
575.712
575.712
575.712
575.712
575.712
575.712
575.711
575.711
575.71
575.71
575.709
575.708
575.708
575.707
575.706
575.705
575.704
575.703
575.702
575.701
575.7
575.699
575.698
575.697
575.696
575.696
575.695
575.694
575.693
575.692
575.691
575.691
575.69
575.69
575.689
575.689
575.689
575.688
575.688
575.688
575.688
575.688
575.689
575.688
519.933
519.931
519.928
519.925
519.919
519.912
519.907
519.903
519.9
519.896
519.893
519.892
519.893
519.895
519.898
519.9
519.902
519.904
519.904
519.905
519.907
519.909
519.912
519.915
519.918
519.923
519.928
519.932
519.937
519.941
519.944
519.947
519.95
519.953
519.955
519.957
519.959
519.96
519.962
519.964
519.963
519.961
519.958
519.955
519.954
519.952
519.952
519.951
519.952
519.952
519.953
519.954
519.955
519.955
519.956
519.956
519.957
519.957
519.957
519.957
519.957
519.957
519.956
519.956
519.956
519.955
519.955
519.954
519.953
519.953
519.952
519.951
519.95
519.949
519.948
519.947
519.946
519.945
519.945
519.944
519.943
519.942
519.941
519.94
519.939
519.938
519.938
519.937
519.936
519.936
519.935
519.935
519.935
519.934
519.934
519.934
519.934
519.934
519.934
519.934
472.137
472.135
472.133
472.13
472.126
472.121
472.116
472.112
472.109
472.105
472.102
472.1
472.1
472.101
472.102
472.104
472.106
472.107
472.108
472.108
472.11
472.112
472.114
472.116
472.119
472.122
472.126
472.13
472.134
472.138
472.141
472.145
472.147
472.15
472.153
472.155
472.157
472.158
472.161
472.162
472.162
472.161
472.159
472.157
472.156
472.154
472.153
472.153
472.153
472.154
472.154
472.155
472.156
472.156
472.157
472.158
472.158
472.158
472.158
472.159
472.159
472.158
472.158
472.158
472.158
472.157
472.157
472.156
472.156
472.155
472.154
472.154
472.153
472.152
472.151
472.15
472.15
472.149
472.148
472.147
472.146
472.145
472.144
472.143
472.143
472.142
472.141
472.14
472.14
472.139
472.139
472.138
472.138
472.138
472.137
472.137
472.137
472.137
472.137
472.137
431.059
431.058
431.057
431.055
431.051
431.047
431.043
431.04
431.037
431.033
431.03
431.027
431.026
431.026
431.027
431.028
431.029
431.03
431.031
431.031
431.033
431.034
431.036
431.038
431.039
431.042
431.046
431.049
431.052
431.056
431.059
431.062
431.065
431.068
431.07
431.073
431.074
431.076
431.078
431.08
431.081
431.08
431.079
431.078
431.076
431.075
431.074
431.074
431.074
431.074
431.075
431.075
431.076
431.077
431.077
431.078
431.078
431.079
431.079
431.079
431.079
431.079
431.079
431.079
431.079
431.078
431.078
431.078
431.077
431.077
431.076
431.075
431.075
431.074
431.073
431.073
431.072
431.071
431.07
431.069
431.069
431.068
431.067
431.066
431.065
431.065
431.064
431.063
431.063
431.062
431.061
431.061
431.061
431.06
431.06
431.06
431.06
431.06
431.06
431.059
395.795
395.794
395.793
395.792
395.789
395.786
395.782
395.779
395.777
395.773
395.77
395.768
395.766
395.765
395.766
395.766
395.766
395.767
395.768
395.768
395.769
395.77
395.771
395.773
395.774
395.776
395.779
395.782
395.784
395.787
395.79
395.793
395.796
395.799
395.801
395.803
395.805
395.807
395.809
395.811
395.812
395.812
395.811
395.811
395.81
395.809
395.808
395.808
395.807
395.808
395.808
395.808
395.809
395.81
395.81
395.811
395.811
395.812
395.812
395.812
395.812
395.813
395.813
395.813
395.812
395.812
395.812
395.812
395.811
395.811
395.811
395.81
395.809
395.809
395.808
395.808
395.807
395.806
395.805
395.805
395.804
395.803
395.802
395.802
395.801
395.8
395.8
395.799
395.798
395.798
395.797
395.797
395.796
395.796
395.796
395.795
395.795
395.795
395.795
395.795
365.67
365.669
365.668
365.667
365.665
365.662
365.659
365.657
365.655
365.652
365.649
365.646
365.644
365.643
365.643
365.643
365.643
365.643
365.643
365.644
365.645
365.645
365.646
365.647
365.648
365.65
365.652
365.654
365.656
365.659
365.661
365.664
365.666
365.669
365.671
365.674
365.676
365.677
365.679
365.681
365.682
365.683
365.682
365.682
365.682
365.681
365.68
365.68
365.68
365.68
365.68
365.68
365.681
365.681
365.682
365.682
365.683
365.683
365.684
365.684
365.684
365.684
365.685
365.685
365.685
365.685
365.684
365.684
365.684
365.684
365.683
365.683
365.683
365.682
365.682
365.681
365.681
365.68
365.679
365.679
365.678
365.677
365.677
365.676
365.675
365.675
365.674
365.673
365.673
365.672
365.672
365.671
365.671
365.67
365.67
365.67
365.67
365.669
365.669
365.669
340.174
340.174
340.173
340.172
340.17
340.168
340.166
340.164
340.162
340.159
340.157
340.154
340.152
340.151
340.15
340.15
340.149
340.149
340.149
340.149
340.15
340.151
340.151
340.152
340.153
340.154
340.155
340.157
340.159
340.161
340.163
340.165
340.168
340.17
340.172
340.174
340.176
340.178
340.18
340.181
340.183
340.183
340.183
340.183
340.183
340.183
340.182
340.182
340.181
340.181
340.182
340.182
340.182
340.183
340.183
340.184
340.184
340.185
340.185
340.185
340.186
340.186
340.186
340.186
340.187
340.187
340.187
340.187
340.187
340.186
340.186
340.186
340.186
340.185
340.185
340.185
340.184
340.184
340.183
340.183
340.182
340.182
340.181
340.18
340.18
340.179
340.178
340.178
340.177
340.177
340.176
340.176
340.175
340.175
340.174
340.174
340.174
340.174
340.174
340.173
318.92
318.92
318.919
318.918
318.917
318.915
318.914
318.912
318.91
318.908
318.905
318.903
318.901
318.9
318.899
318.898
318.897
318.897
318.897
318.897
318.897
318.898
318.898
318.899
318.899
318.9
318.901
318.902
318.904
318.905
318.907
318.909
318.911
318.913
318.915
318.917
318.918
318.92
318.922
318.923
318.925
318.926
318.926
318.926
318.926
318.926
318.925
318.925
318.925
318.925
318.925
318.925
318.925
318.926
318.926
318.926
318.927
318.927
318.928
318.928
318.929
318.929
318.929
318.93
318.93
318.93
318.93
318.93
318.93
318.93
318.93
318.93
318.93
318.93
318.93
318.93
318.929
318.929
318.929
318.928
318.928
318.927
318.927
318.926
318.926
318.925
318.924
318.924
318.923
318.923
318.922
318.922
318.921
318.921
318.92
318.92
318.92
318.919
318.919
318.919
301.609
301.608
301.608
301.607
301.607
301.605
301.604
301.602
301.601
301.599
301.597
301.595
301.593
301.591
301.59
301.589
301.588
301.588
301.587
301.587
301.588
301.588
301.588
301.588
301.589
301.589
301.59
301.591
301.592
301.593
301.595
301.596
301.598
301.599
301.601
301.603
301.604
301.606
301.607
301.609
301.61
301.611
301.611
301.612
301.612
301.612
301.612
301.611
301.611
301.611
301.611
301.611
301.611
301.612
301.612
301.612
301.613
301.613
301.614
301.614
301.615
301.615
301.616
301.616
301.616
301.617
301.617
301.617
301.617
301.618
301.618
301.618
301.618
301.618
301.618
301.617
301.617
301.617
301.617
301.616
301.616
301.616
301.615
301.615
301.614
301.614
301.613
301.613
301.612
301.612
301.611
301.61
301.61
301.61
301.609
301.609
301.608
301.608
301.608
301.608
288.012
288.011
288.011
288.01
288.01
288.009
288.008
288.007
288.005
288.004
288.002
288
287.998
287.996
287.995
287.994
287.993
287.992
287.992
287.992
287.992
287.992
287.992
287.992
287.992
287.993
287.993
287.994
287.995
287.995
287.996
287.998
287.999
288
288.002
288.003
288.005
288.006
288.007
288.009
288.01
288.011
288.011
288.012
288.012
288.012
288.012
288.012
288.011
288.011
288.011
288.011
288.011
288.012
288.012
288.012
288.013
288.013
288.014
288.014
288.015
288.015
288.016
288.016
288.017
288.017
288.018
288.018
288.018
288.019
288.019
288.019
288.019
288.019
288.019
288.019
288.019
288.019
288.019
288.019
288.018
288.018
288.018
288.017
288.017
288.016
288.016
288.015
288.015
288.014
288.014
288.013
288.013
288.012
288.012
288.011
288.011
288.011
288.011
288.01
277.956
277.955
277.955
277.955
277.954
277.953
277.952
277.952
277.95
277.949
277.947
277.946
277.944
277.942
277.941
277.94
277.939
277.938
277.938
277.937
277.937
277.937
277.937
277.937
277.937
277.937
277.938
277.938
277.939
277.939
277.94
277.941
277.942
277.943
277.944
277.945
277.946
277.948
277.949
277.95
277.951
277.952
277.952
277.953
277.953
277.953
277.953
277.953
277.953
277.953
277.953
277.953
277.953
277.953
277.953
277.954
277.954
277.955
277.955
277.956
277.956
277.957
277.958
277.958
277.959
277.959
277.96
277.96
277.961
277.961
277.962
277.962
277.962
277.962
277.963
277.963
277.963
277.963
277.963
277.962
277.962
277.962
277.962
277.961
277.961
277.96
277.96
277.959
277.959
277.958
277.958
277.957
277.957
277.956
277.956
277.955
277.955
277.955
277.955
277.954
271.316
271.316
271.316
271.316
271.315
271.314
271.314
271.313
271.312
271.311
271.309
271.308
271.306
271.305
271.303
271.302
271.301
271.3
271.3
271.299
271.299
271.299
271.299
271.299
271.299
271.299
271.299
271.3
271.3
271.3
271.301
271.301
271.302
271.303
271.304
271.305
271.305
271.306
271.307
271.309
271.31
271.31
271.311
271.311
271.312
271.312
271.312
271.312
271.312
271.311
271.311
271.311
271.311
271.312
271.312
271.312
271.313
271.313
271.314
271.314
271.315
271.316
271.317
271.317
271.318
271.319
271.319
271.32
271.32
271.321
271.321
271.322
271.322
271.322
271.323
271.323
271.323
271.323
271.323
271.323
271.323
271.322
271.322
271.322
271.321
271.321
271.321
271.32
271.32
271.319
271.319
271.318
271.318
271.317
271.317
271.316
271.316
271.316
271.315
271.315
268.013
268.013
268.012
268.012
268.012
268.011
268.011
268.01
268.009
268.008
268.007
268.005
268.004
268.002
268.001
268
267.999
267.998
267.997
267.997
267.997
267.997
267.996
267.996
267.996
267.996
267.997
267.997
267.997
267.997
267.997
267.997
267.998
267.999
267.999
268
268.001
268.001
268.002
268.003
268.004
268.005
268.005
268.006
268.006
268.006
268.006
268.006
268.006
268.006
268.006
268.006
268.006
268.006
268.006
268.007
268.007
268.008
268.008
268.009
268.01
268.011
268.012
268.012
268.013
268.014
268.015
268.015
268.016
268.016
268.017
268.017
268.018
268.018
268.018
268.019
268.019
268.019
268.019
268.019
268.019
268.019
268.018
268.018
268.018
268.017
268.017
268.016
268.016
268.015
268.015
268.014
268.014
268.013
268.013
268.013
268.012
268.012
268.012
268.011
268.014
268.014
268.014
268.013
268.013
268.012
268.012
268.011
268.01
268.009
268.008
268.007
268.005
268.004
268.003
268.001
268
268
267.999
267.999
267.999
267.999
267.999
267.999
267.999
267.999
267.999
267.999
267.998
267.998
267.998
267.999
267.999
267.999
268
268
268.001
268.001
268.002
268.003
268.004
268.004
268.005
268.005
268.006
268.006
268.006
268.006
268.006
268.005
268.005
268.005
268.005
268.005
268.006
268.006
268.007
268.007
268.008
268.009
268.01
268.011
268.012
268.013
268.013
268.014
268.015
268.016
268.016
268.017
268.018
268.018
268.018
268.019
268.019
268.019
268.02
268.02
268.02
268.02
268.02
268.019
268.019
268.019
268.019
268.018
268.018
268.017
268.017
268.016
268.016
268.015
268.015
268.014
268.014
268.014
268.013
268.013
268.013
268.012
271.32
271.32
271.319
271.319
271.319
271.318
271.318
271.317
271.316
271.315
271.314
271.313
271.311
271.31
271.309
271.308
271.307
271.306
271.306
271.306
271.305
271.305
271.305
271.305
271.305
271.305
271.305
271.305
271.305
271.305
271.305
271.304
271.305
271.305
271.305
271.305
271.306
271.306
271.307
271.308
271.308
271.309
271.31
271.31
271.31
271.31
271.31
271.31
271.31
271.31
271.31
271.31
271.31
271.31
271.31
271.311
271.312
271.312
271.313
271.314
271.315
271.316
271.317
271.318
271.319
271.32
271.321
271.321
271.322
271.323
271.323
271.324
271.324
271.324
271.325
271.325
271.325
271.325
271.325
271.325
271.325
271.325
271.325
271.325
271.324
271.324
271.324
271.323
271.323
271.322
271.322
271.321
271.321
271.32
271.32
271.319
271.319
271.319
271.318
271.318
277.961
277.961
277.961
277.961
277.96
277.96
277.959
277.958
277.957
277.956
277.955
277.954
277.952
277.951
277.95
277.949
277.948
277.947
277.947
277.947
277.948
277.948
277.948
277.948
277.948
277.948
277.947
277.947
277.947
277.946
277.946
277.946
277.946
277.946
277.946
277.946
277.947
277.947
277.948
277.948
277.949
277.95
277.95
277.95
277.951
277.951
277.951
277.951
277.95
277.95
277.95
277.95
277.95
277.95
277.951
277.952
277.952
277.953
277.954
277.955
277.956
277.957
277.958
277.959
277.96
277.961
277.962
277.963
277.963
277.964
277.965
277.965
277.966
277.966
277.966
277.966
277.967
277.967
277.967
277.967
277.967
277.966
277.966
277.966
277.965
277.965
277.965
277.964
277.964
277.963
277.963
277.962
277.962
277.961
277.961
277.96
277.96
277.96
277.96
277.959
288.019
288.019
288.019
288.018
288.018
288.018
288.017
288.016
288.015
288.013
288.012
288.011
288.009
288.008
288.007
288.006
288.005
288.005
288.005
288.006
288.006
288.006
288.006
288.006
288.006
288.006
288.006
288.005
288.005
288.005
288.004
288.004
288.004
288.004
288.004
288.004
288.004
288.005
288.005
288.006
288.007
288.007
288.008
288.008
288.008
288.008
288.008
288.008
288.007
288.007
288.007
288.007
288.007
288.008
288.008
288.009
288.01
288.011
288.012
288.013
288.015
288.016
288.017
288.018
288.019
288.02
288.02
288.021
288.022
288.022
288.023
288.023
288.024
288.024
288.024
288.024
288.025
288.025
288.025
288.024
288.024
288.024
288.024
288.023
288.023
288.023
288.022
288.022
288.021
288.021
288.02
288.02
288.019
288.019
288.019
288.018
288.018
288.018
288.017
288.017
301.618
301.618
301.618
301.617
301.617
301.616
301.615
301.614
301.613
301.611
301.61
301.608
301.606
301.605
301.604
301.604
301.604
301.604
301.604
301.605
301.605
301.606
301.606
301.606
301.606
301.606
301.605
301.605
301.604
301.603
301.603
301.603
301.603
301.603
301.603
301.603
301.603
301.604
301.604
301.605
301.605
301.606
301.606
301.606
301.606
301.606
301.606
301.606
301.606
301.605
301.605
301.606
301.606
301.607
301.607
301.608
301.609
301.611
301.612
301.613
301.614
301.616
301.617
301.618
301.619
301.62
301.62
301.621
301.622
301.622
301.623
301.623
301.623
301.623
301.624
301.624
301.624
301.624
301.623
301.623
301.623
301.623
301.622
301.622
301.622
301.621
301.621
301.62
301.62
301.619
301.619
301.618
301.618
301.618
301.617
301.617
301.616
301.616
301.616
301.616
318.93
318.93
318.93
318.93
318.929
318.928
318.927
318.925
318.924
318.922
318.92
318.919
318.917
318.916
318.915
318.915
318.915
318.915
318.916
318.918
318.918
318.919
318.919
318.919
318.919
318.918
318.918
318.917
318.917
318.916
318.915
318.915
318.915
318.915
318.915
318.916
318.916
318.916
318.917
318.918
318.918
318.919
318.919
318.919
318.919
318.919
318.918
318.918
318.918
318.918
318.918
318.918
318.918
318.919
318.92
318.922
318.923
318.924
318.926
318.927
318.928
318.93
318.931
318.932
318.933
318.933
318.934
318.935
318.935
318.936
318.936
318.936
318.936
318.937
318.937
318.937
318.936
318.936
318.936
318.936
318.936
318.935
318.935
318.934
318.934
318.933
318.933
318.932
318.932
318.932
318.931
318.931
318.93
318.93
318.929
318.929
318.929
318.928
318.928
318.928
340.185
340.186
340.185
340.184
340.184
340.183
340.181
340.179
340.177
340.175
340.173
340.171
340.17
340.169
340.168
340.168
340.169
340.17
340.171
340.173
340.174
340.174
340.175
340.175
340.175
340.174
340.173
340.172
340.171
340.17
340.17
340.169
340.17
340.17
340.171
340.171
340.171
340.172
340.172
340.173
340.174
340.174
340.174
340.174
340.174
340.174
340.173
340.173
340.173
340.172
340.173
340.173
340.174
340.175
340.176
340.178
340.179
340.181
340.183
340.184
340.185
340.187
340.188
340.189
340.189
340.19
340.191
340.191
340.192
340.192
340.192
340.192
340.192
340.192
340.192
340.192
340.192
340.192
340.191
340.191
340.191
340.19
340.19
340.189
340.189
340.188
340.188
340.187
340.187
340.186
340.186
340.185
340.185
340.184
340.184
340.184
340.184
340.183
340.183
340.183
365.681
365.682
365.681
365.68
365.679
365.678
365.676
365.674
365.671
365.669
365.667
365.665
365.663
365.663
365.662
365.663
365.664
365.665
365.668
365.67
365.671
365.672
365.672
365.671
365.671
365.67
365.669
365.668
365.667
365.666
365.665
365.665
365.666
365.667
365.667
365.668
365.668
365.669
365.669
365.67
365.67
365.671
365.671
365.671
365.67
365.67
365.669
365.669
365.669
365.669
365.669
365.67
365.671
365.672
365.674
365.676
365.678
365.679
365.681
365.683
365.684
365.685
365.686
365.687
365.688
365.688
365.689
365.689
365.69
365.69
365.69
365.69
365.69
365.69
365.689
365.689
365.689
365.688
365.688
365.687
365.687
365.686
365.686
365.685
365.685
365.684
365.684
365.683
365.683
365.682
365.682
365.681
365.681
365.68
365.68
365.68
365.68
365.679
365.679
365.679
395.807
395.808
395.807
395.806
395.804
395.803
395.8
395.797
395.794
395.791
395.789
395.787
395.786
395.786
395.786
395.787
395.789
395.791
395.794
395.796
395.798
395.798
395.798
395.798
395.797
395.795
395.794
395.793
395.792
395.791
395.79
395.79
395.791
395.793
395.794
395.794
395.795
395.795
395.796
395.797
395.797
395.797
395.797
395.797
395.796
395.796
395.795
395.795
395.794
395.795
395.795
395.796
395.798
395.8
395.802
395.804
395.806
395.808
395.81
395.811
395.812
395.814
395.815
395.815
395.816
395.816
395.817
395.817
395.817
395.817
395.817
395.817
395.817
395.816
395.816
395.815
395.815
395.814
395.814
395.813
395.813
395.812
395.811
395.811
395.81
395.81
395.809
395.808
395.808
395.807
395.807
395.807
395.806
395.806
395.806
395.805
395.805
395.805
395.805
395.805
431.071
431.072
431.071
431.07
431.068
431.065
431.062
431.058
431.054
431.052
431.05
431.048
431.047
431.047
431.048
431.05
431.052
431.055
431.059
431.062
431.063
431.064
431.063
431.062
431.061
431.059
431.057
431.055
431.054
431.054
431.053
431.054
431.056
431.057
431.059
431.06
431.06
431.061
431.061
431.062
431.062
431.062
431.062
431.061
431.06
431.06
431.059
431.059
431.059
431.059
431.06
431.062
431.064
431.066
431.069
431.071
431.073
431.075
431.077
431.078
431.08
431.081
431.082
431.082
431.083
431.083
431.083
431.083
431.083
431.083
431.083
431.082
431.082
431.081
431.081
431.08
431.08
431.079
431.078
431.078
431.077
431.076
431.075
431.075
431.074
431.073
431.073
431.072
431.072
431.071
431.071
431.07
431.07
431.07
431.069
431.069
431.069
431.069
431.069
431.069
472.148
472.149
472.148
472.146
472.143
472.14
472.136
472.131
472.127
472.124
472.122
472.121
472.121
472.121
472.123
472.126
472.129
472.133
472.137
472.141
472.142
472.142
472.141
472.139
472.137
472.134
472.132
472.131
472.13
472.129
472.129
472.13
472.133
472.135
472.137
472.138
472.138
472.139
472.139
472.14
472.14
472.14
472.14
472.139
472.137
472.137
472.136
472.135
472.136
472.137
472.138
472.141
472.143
472.146
472.149
472.151
472.154
472.156
472.157
472.159
472.16
472.161
472.161
472.162
472.162
472.162
472.162
472.162
472.162
472.161
472.161
472.16
472.16
472.159
472.158
472.158
472.157
472.156
472.155
472.155
472.154
472.153
472.152
472.152
472.151
472.15
472.149
472.149
472.148
472.148
472.147
472.147
472.147
472.146
472.146
472.146
472.146
472.146
472.146
472.146
519.944
519.945
519.944
519.941
519.937
519.933
519.928
519.923
519.918
519.916
519.914
519.913
519.914
519.915
519.918
519.922
519.926
519.931
519.935
519.939
519.941
519.94
519.938
519.935
519.932
519.929
519.926
519.925
519.924
519.924
519.924
519.926
519.93
519.933
519.935
519.936
519.936
519.936
519.937
519.938
519.938
519.937
519.937
519.935
519.933
519.932
519.932
519.932
519.932
519.934
519.936
519.939
519.942
519.946
519.949
519.951
519.954
519.956
519.957
519.958
519.959
519.96
519.96
519.961
519.961
519.96
519.96
519.96
519.959
519.959
519.958
519.957
519.957
519.956
519.955
519.954
519.953
519.953
519.952
519.951
519.95
519.949
519.948
519.947
519.947
519.946
519.945
519.945
519.944
519.944
519.943
519.943
519.942
519.942
519.942
519.942
519.942
519.942
519.942
519.942
575.698
575.699
575.697
575.693
575.688
575.682
575.677
575.671
575.666
575.664
575.663
575.663
575.665
575.668
575.672
575.677
575.682
575.687
575.692
575.696
575.697
575.695
575.692
575.688
575.684
575.68
575.677
575.676
575.675
575.675
575.677
575.68
575.685
575.689
575.691
575.691
575.691
575.691
575.692
575.693
575.693
575.692
575.69
575.688
575.686
575.685
575.685
575.685
575.686
575.689
575.692
575.696
575.699
575.703
575.706
575.709
575.711
575.713
575.714
575.715
575.716
575.716
575.716
575.716
575.716
575.716
575.715
575.715
575.714
575.713
575.712
575.711
575.711
575.71
575.709
575.708
575.707
575.706
575.705
575.704
575.703
575.702
575.701
575.7
575.7
575.699
575.698
575.698
575.697
575.697
575.696
575.696
575.695
575.695
575.695
575.695
575.695
575.695
575.695
575.695
641.13
641.132
641.128
641.123
641.117
641.109
641.103
641.096
641.092
641.091
641.091
641.093
641.095
641.1
641.106
641.112
641.118
641.123
641.129
641.134
641.133
641.13
641.125
641.119
641.114
641.109
641.106
641.105
641.106
641.107
641.11
641.114
641.12
641.125
641.127
641.126
641.125
641.125
641.126
641.127
641.127
641.125
641.123
641.12
641.118
641.117
641.117
641.118
641.12
641.124
641.128
641.132
641.137
641.14
641.144
641.146
641.148
641.15
641.15
641.151
641.151
641.151
641.151
641.151
641.15
641.149
641.149
641.148
641.147
641.146
641.145
641.144
641.143
641.142
641.141
641.14
641.139
641.138
641.137
641.136
641.135
641.134
641.133
641.132
641.131
641.131
641.13
641.129
641.129
641.128
641.128
641.128
641.127
641.127
641.127
641.127
641.127
641.127
641.127
641.127
718.687
718.689
718.684
718.677
718.668
718.659
718.652
718.646
718.642
718.642
718.644
718.647
718.652
718.658
718.666
718.673
718.68
718.685
718.692
718.696
718.694
718.688
718.681
718.673
718.668
718.663
718.66
718.66
718.661
718.663
718.667
718.673
718.681
718.687
718.688
718.686
718.684
718.684
718.685
718.686
718.685
718.682
718.679
718.676
718.674
718.673
718.674
718.676
718.679
718.684
718.689
718.694
718.699
718.703
718.706
718.708
718.709
718.71
718.711
718.711
718.71
718.71
718.709
718.709
718.708
718.707
718.706
718.705
718.704
718.703
718.702
718.7
718.699
718.698
718.697
718.696
718.695
718.694
718.693
718.692
718.691
718.69
718.689
718.688
718.687
718.687
718.686
718.685
718.685
718.684
718.684
718.684
718.684
718.683
718.683
718.683
718.683
718.683
718.683
718.683
811.929
811.931
811.924
811.915
811.903
811.892
811.885
811.879
811.878
811.88
811.884
811.889
811.896
811.905
811.913
811.921
811.928
811.934
811.941
811.944
811.94
811.931
811.921
811.911
811.906
811.901
811.899
811.9
811.902
811.906
811.912
811.92
811.929
811.935
811.935
811.931
811.928
811.928
811.929
811.931
811.928
811.924
811.92
811.917
811.915
811.916
811.917
811.92
811.925
811.931
811.937
811.943
811.947
811.951
811.953
811.955
811.955
811.955
811.955
811.954
811.954
811.953
811.952
811.951
811.949
811.948
811.947
811.946
811.945
811.943
811.942
811.941
811.94
811.939
811.938
811.937
811.935
811.934
811.933
811.932
811.931
811.93
811.93
811.929
811.928
811.927
811.927
811.926
811.926
811.925
811.925
811.925
811.924
811.924
811.924
811.924
811.924
811.924
811.924
811.924
926.204
926.207
926.198
926.184
926.17
926.157
926.151
926.147
926.148
926.153
926.159
926.167
926.177
926.187
926.197
926.205
926.212
926.218
926.224
926.228
926.22
926.208
926.195
926.183
926.176
926.172
926.172
926.175
926.179
926.184
926.192
926.202
926.213
926.22
926.217
926.211
926.207
926.207
926.209
926.21
926.206
926.199
926.195
926.192
926.191
926.193
926.195
926.2
926.206
926.214
926.221
926.226
926.23
926.232
926.234
926.234
926.233
926.233
926.232
926.23
926.229
926.227
926.226
926.224
926.223
926.222
926.22
926.219
926.218
926.216
926.215
926.214
926.213
926.212
926.21
926.209
926.208
926.207
926.206
926.205
926.204
926.204
926.203
926.202
926.201
926.201
926.2
926.199
926.199
926.199
926.198
926.198
926.198
926.198
926.198
926.198
926.198
926.198
926.198
926.198
1069.86
1069.87
1069.86
1069.84
1069.82
1069.81
1069.8
1069.8
1069.81
1069.82
1069.82
1069.84
1069.85
1069.86
1069.87
1069.88
1069.88
1069.89
1069.89
1069.9
1069.89
1069.87
1069.85
1069.84
1069.83
1069.83
1069.83
1069.84
1069.84
1069.85
1069.86
1069.87
1069.88
1069.89
1069.89
1069.88
1069.87
1069.88
1069.88
1069.88
1069.87
1069.86
1069.85
1069.85
1069.86
1069.86
1069.86
1069.87
1069.88
1069.88
1069.89
1069.9
1069.9
1069.9
1069.9
1069.9
1069.89
1069.89
1069.89
1069.89
1069.89
1069.89
1069.88
1069.88
1069.88
1069.88
1069.88
1069.88
1069.87
1069.87
1069.87
1069.87
1069.87
1069.87
1069.87
1069.87
1069.86
1069.86
1069.86
1069.86
1069.86
1069.86
1069.86
1069.86
1069.86
1069.86
1069.86
1069.86
1069.86
1069.86
1069.86
1069.86
1069.86
1069.86
1069.86
1069.86
1069.86
1069.86
1069.86
1069.86
1256.62
1256.63
1256.62
1256.58
1256.56
1256.54
1256.53
1256.54
1256.57
1256.58
1256.59
1256.6
1256.62
1256.63
1256.64
1256.64
1256.65
1256.65
1256.66
1256.66
1256.66
1256.62
1256.61
1256.58
1256.57
1256.57
1256.59
1256.6
1256.61
1256.62
1256.63
1256.64
1256.65
1256.66
1256.66
1256.65
1256.65
1256.65
1256.65
1256.64
1256.63
1256.61
1256.59
1256.59
1256.62
1256.62
1256.63
1256.63
1256.64
1256.65
1256.66
1256.66
1256.66
1256.66
1256.65
1256.65
1256.65
1256.64
1256.64
1256.64
1256.64
1256.63
1256.63
1256.63
1256.63
1256.63
1256.62
1256.62
1256.62
1256.62
1256.62
1256.62
1256.62
1256.62
1256.62
1256.61
1256.61
1256.61
1256.61
1256.61
1256.61
1256.61
1256.61
1256.61
1256.61
1256.61
1256.61
1256.61
1256.61
1256.61
1256.61
1256.61
1256.61
1256.61
1256.61
1256.61
1256.61
1256.61
1256.61
1256.61
1510.48
1510.49
1510.5
1510.41
1510.38
1510.34
1510.31
1510.31
1510.45
1510.47
1510.48
1510.49
1510.51
1510.52
1510.52
1510.53
1510.52
1510.52
1510.53
1510.53
1510.56
1510.47
1510.44
1510.39
1510.34
1510.35
1510.47
1510.48
1510.49
1510.5
1510.51
1510.52
1510.53
1510.54
1510.57
1510.55
1510.54
1510.55
1510.56
1510.49
1510.47
1510.42
1510.38
1510.38
1510.5
1510.51
1510.51
1510.52
1510.53
1510.54
1510.54
1510.54
1510.53
1510.53
1510.52
1510.52
1510.51
1510.51
1510.5
1510.5
1510.5
1510.49
1510.49
1510.49
1510.49
1510.49
1510.48
1510.48
1510.48
1510.48
1510.48
1510.48
1510.48
1510.48
1510.48
1510.48
1510.47
1510.47
1510.47
1510.47
1510.47
1510.47
1510.47
1510.47
1510.47
1510.47
1510.47
1510.47
1510.47
1510.47
1510.47
1510.47
1510.47
1510.47
1510.47
1510.47
1510.47
1510.47
1510.47
1510.47
1877.35
1877.26
1877.39
1877.05
1876.97
1876.87
1876.75
1876.75
1877.37
1877.44
1877.43
1877.45
1877.46
1877.46
1877.46
1877.45
1877.45
1877.44
1877.45
1877.31
1877.47
1877.14
1877.04
1876.93
1876.78
1876.77
1877.39
1877.44
1877.43
1877.44
1877.45
1877.45
1877.46
1877.32
1877.46
1877.45
1877.44
1877.44
1877.47
1877.15
1877.07
1876.97
1876.82
1876.81
1877.43
1877.48
1877.46
1877.47
1877.48
1877.48
1877.47
1877.46
1877.45
1877.44
1877.43
1877.43
1877.42
1877.41
1877.41
1877.41
1877.4
1877.4
1877.4
1877.4
1877.4
1877.39
1877.39
1877.39
1877.39
1877.39
1877.39
1877.39
1877.39
1877.39
1877.39
1877.39
1877.38
1877.38
1877.38
1877.38
1877.38
1877.38
1877.38
1877.38
1877.38
1877.38
1877.38
1877.38
1877.38
1877.38
1877.38
1877.38
1877.38
1877.38
1877.38
1877.38
1877.38
1877.38
1877.38
1877.38
2456.36
2455.23
2455.87
2454.55
2454.12
2453.82
2453.34
2453.26
2456.59
2456.88
2456.81
2456.79
2456.79
2456.77
2456.76
2456.74
2456.72
2456.71
2456.78
2455.28
2455.98
2454.67
2454.21
2453.87
2453.36
2453.26
2456.58
2456.85
2456.77
2456.75
2456.74
2456.73
2456.79
2455.28
2455.9
2455.96
2455.93
2455.93
2456.04
2454.67
2454.24
2453.92
2453.41
2453.32
2456.64
2456.92
2456.83
2456.81
2456.8
2456.78
2456.77
2456.75
2456.73
2456.72
2456.71
2456.7
2456.69
2456.69
2456.68
2456.68
2456.68
2456.68
2456.67
2456.67
2456.67
2456.67
2456.67
2456.67
2456.67
2456.67
2456.67
2456.67
2456.67
2456.66
2456.66
2456.66
2456.66
2456.66
2456.66
2456.66
2456.66
2456.66
2456.66
2456.66
2456.66
2456.66
2456.66
2456.66
2456.66
2456.66
2456.66
2456.66
2456.66
2456.66
2456.66
2456.66
2456.66
2456.66
2456.67
2456.66
3504.81
3494.41
3496.92
3491.09
3488.88
3486.99
3485.03
3484.55
3505.77
3507.74
3507.56
3507.42
3507.36
3507.31
3507.26
3507.23
3507.2
3507.17
3507.63
3494.59
3497.07
3491.24
3488.98
3487.03
3485.03
3484.53
3505.73
3507.68
3507.47
3507.32
3507.25
3507.21
3507.65
3494.58
3496.81
3497.42
3497.46
3497.45
3497.84
3491.36
3489.01
3487.08
3485.1
3484.62
3505.85
3507.8
3507.59
3507.44
3507.37
3507.32
3507.28
3507.25
3507.23
3507.22
3507.21
3507.2
3507.19
3507.19
3507.19
3507.19
3507.18
3507.18
3507.18
3507.18
3507.18
3507.18
3507.18
3507.18
3507.18
3507.18
3507.18
3507.18
3507.18
3507.18
3507.18
3507.18
3507.18
3507.18
3507.18
3507.18
3507.18
3507.18
3507.18
3507.18
3507.18
3507.18
3507.18
3507.18
3507.18
3507.18
3507.18
3507.18
3507.18
3507.18
3507.18
3507.18
3507.18
3507.18
3507.19
3507.21
5936.22
5825.33
5819.63
5785.38
5777.96
5766.3
5760.45
5759.11
5938.38
5960.5
5962.51
5962.46
5962.3
5962.2
5962.12
5962.06
5962.01
5962.01
5964.49
5828.73
5820.22
5785.62
5778.15
5766.41
5760.5
5759.16
5938.36
5960.43
5962.4
5962.32
5962.16
5962.11
5964.56
5828.8
5820.07
5820.38
5820.64
5820.67
5821.49
5786.18
5778.24
5766.39
5760.49
5759.16
5938.49
5960.59
5962.57
5962.49
5962.33
5962.22
5962.16
5962.13
5962.1
5962.09
5962.08
5962.08
5962.08
5962.07
5962.08
5962.08
5962.08
5962.08
5962.08
5962.08
5962.08
5962.08
5962.08
5962.07
5962.07
5962.07
5962.08
5962.08
5962.08
5962.08
5962.09
5962.08
5962.09
5962.09
5962.09
5962.09
5962.09
5962.09
5962.09
5962.09
5962.09
5962.09
5962.09
5962.09
5962.09
5962.09
5962.09
5962.09
5962.09
5962.09
5962.09
5962.09
5962.09
5962.1
5962.12
5962.24
15659.6
13333.3
13333.3
13333.3
13333.3
13333.3
13333.3
13333.3
15666.5
15680.6
15681.8
15681.9
15681.8
15681.7
15681.5
15681.3
15681.1
15680.8
15682.7
13333.3
13333.3
13333.3
13333.3
13333.3
13333.3
13333.3
15665.7
15679.6
15680.7
15680.7
15680.6
15680.4
15682.3
13333.3
13333.3
13333.3
13333.3
13333.3
13333.3
13333.3
13333.3
13333.3
13333.3
13333.3
15667
15680.8
15681.9
15681.9
15681.9
15681.8
15681.7
15681.6
15681.6
15681.6
15681.6
15681.6
15681.6
15681.6
15681.6
15681.6
15681.6
15681.6
15681.6
15681.6
15681.6
15681.6
15681.6
15681.6
15681.6
15681.6
15681.6
15681.7
15681.7
15681.7
15681.7
15681.7
15681.7
15681.7
15681.7
15681.7
15681.7
15681.7
15681.7
15681.7
15681.7
15681.7
15681.7
15681.7
15681.7
15681.7
15681.7
15681.7
15681.7
15681.7
15681.7
15681.7
15681.7
15681.7
15681.6
15681.6
)
;

boundaryField
{
    inlet
    {
        type            cyclic;
    }
    outlet
    {
        type            cyclic;
    }
    bottomWall
    {
        beta1           0.075;
        blended         false;
        type            omegaWallFunction;
        value           nonuniform List<scalar> 
100
(
13333.3
15656.3
13333.3
13333.3
13333.3
13333.3
15663.5
15682.1
13333.3
13333.3
13333.3
13333.3
13333.3
13333.3
13333.3
13333.3
13333.3
13333.3
13333.3
15669.9
15683.8
15684.9
15684.9
15684.6
15684.4
15684.2
15684.1
15684
15684
15683.8
15683.8
15683.8
15684
15684.3
15684.6
15684.7
15684.8
15684.7
15686.5
13333.3
13333.3
13333.3
13333.3
13333.3
13333.3
13333.3
13333.3
13333.3
13333.3
13333.3
13333.3
13333.3
13333.3
13333.3
13333.3
13333.3
13333.3
13333.3
13333.3
13333.3
13333.3
13333.3
13333.3
13333.3
13333.3
13333.3
13333.3
13333.3
13333.3
13333.3
13333.3
13333.3
13333.3
13333.3
13333.3
13333.3
13333.3
13333.3
13333.3
13333.3
13333.3
13333.3
13333.3
13333.3
13333.3
13333.3
13333.3
13333.3
13333.3
13333.3
13333.3
13333.3
13333.3
13333.3
13333.3
13333.3
13333.3
13333.3
13333.3
13333.3
)
;
    }
    topWall
    {
        beta1           0.075;
        blended         false;
        type            omegaWallFunction;
        value           nonuniform List<scalar> 
100
(
15659.6
13333.3
13333.3
13333.3
13333.3
13333.3
13333.3
13333.3
15666.5
15680.6
15681.8
15681.9
15681.8
15681.7
15681.5
15681.3
15681.1
15680.8
15682.7
13333.3
13333.3
13333.3
13333.3
13333.3
13333.3
13333.3
15665.7
15679.6
15680.7
15680.7
15680.6
15680.4
15682.3
13333.3
13333.3
13333.3
13333.3
13333.3
13333.3
13333.3
13333.3
13333.3
13333.3
13333.3
15667
15680.8
15681.9
15681.9
15681.9
15681.8
15681.7
15681.6
15681.6
15681.6
15681.6
15681.6
15681.6
15681.6
15681.6
15681.6
15681.6
15681.6
15681.6
15681.6
15681.6
15681.6
15681.6
15681.6
15681.6
15681.6
15681.6
15681.7
15681.7
15681.7
15681.7
15681.7
15681.7
15681.7
15681.7
15681.7
15681.7
15681.7
15681.7
15681.7
15681.7
15681.7
15681.7
15681.7
15681.7
15681.7
15681.7
15681.7
15681.7
15681.7
15681.7
15681.7
15681.7
15681.7
15681.6
15681.6
)
;
    }
    frontAndBack
    {
        type            empty;
    }
}


// ************************************************************************* //
