/*--------------------------------*- C++ -*----------------------------------*\
  =========                 |
  \\      /  F ield         | OpenFOAM: The Open Source CFD Toolbox
   \\    /   O peration     | Website:  https://openfoam.org
    \\  /    A nd           | Version:  11
     \\/     M anipulation  |
\*---------------------------------------------------------------------------*/
FoamFile
{
    format      ascii;
    class       volScalarField;
    location    "800";
    object      p;
}
// * * * * * * * * * * * * * * * * * * * * * * * * * * * * * * * * * * * * * //

dimensions      [0 2 -2 0 0 0 0];

internalField   nonuniform List<scalar> 
5000
(
-1.59574e-06
0.00353706
0.00461004
-0.00261457
-0.0158794
-0.0290878
-0.0355266
-0.0328107
-0.0288328
-0.0293052
-0.0314171
-0.0328355
-0.0338078
-0.034591
-0.0351099
-0.0370981
-0.0386745
-0.0366483
-0.0345375
-0.0329374
-0.0310385
-0.0296296
-0.0281318
-0.0262589
-0.0228242
-0.0181376
-0.0110791
-0.00260589
0.00798006
0.0186547
0.0309623
0.0424638
0.0540342
0.0624981
0.0684751
0.0716733
0.0737757
0.0754407
0.0786708
0.0783784
0.0699866
0.0595481
0.0492192
0.040726
0.0338316
0.0293992
0.0265538
0.0251148
0.0241775
0.0236501
0.02318
0.0228707
0.0225297
0.0222779
0.0219533
0.0217129
0.0214104
0.0211668
0.0208112
0.020465
0.0200263
0.0196285
0.019203
0.0188479
0.0184501
0.0181397
0.0177728
0.0175008
0.0171712
0.016911
0.0165351
0.0161812
0.0156802
0.0152858
0.0147495
0.0143729
0.0138558
0.0134535
0.0129817
0.0125467
0.0121466
0.0117021
0.0112926
0.0108575
0.010452
0.0100242
0.00963934
0.00919376
0.00878378
0.00831477
0.00789061
0.00745959
0.00700824
0.00659582
0.00610966
0.00568324
0.00520843
0.00471952
0.00385789
0.00147771
0.000260643
0.00353544
0.0043937
-0.00277221
-0.0158969
-0.0287594
-0.0352421
-0.0329336
-0.0291096
-0.0294101
-0.0314545
-0.0328529
-0.0338174
-0.0345972
-0.0351848
-0.0370431
-0.0385368
-0.0366189
-0.0343356
-0.0326698
-0.0309108
-0.0295665
-0.0281056
-0.0262502
-0.0228233
-0.0181394
-0.0110828
-0.00260883
0.00797676
0.0186536
0.0309612
0.0424652
0.0540378
0.0625044
0.0684802
0.0716766
0.0737768
0.0754386
0.0784129
0.0780399
0.0698566
0.0594988
0.0491965
0.0407135
0.0338242
0.029394
0.0265506
0.0251127
0.0241764
0.0236494
0.0231798
0.0228705
0.0225297
0.0222778
0.0219533
0.0217128
0.0214104
0.0211667
0.0208112
0.0204649
0.0200262
0.0196284
0.019203
0.0188479
0.0184501
0.0181397
0.0177728
0.0175008
0.0171712
0.0169109
0.0165351
0.0161811
0.0156801
0.0152858
0.0147495
0.0143728
0.0138558
0.0134534
0.0129817
0.0125466
0.0121466
0.0117021
0.0112926
0.0108575
0.010452
0.0100241
0.00963935
0.00919374
0.00878377
0.00831475
0.00789063
0.00745957
0.00700828
0.0065958
0.00610968
0.00568322
0.00520852
0.00471963
0.0038593
0.00157228
0.000426457
0.00356137
0.00424152
-0.00292454
-0.015921
-0.0285578
-0.0350097
-0.0329675
-0.029291
-0.0295034
-0.0314952
-0.0328735
-0.0338287
-0.034628
-0.0352714
-0.0370312
-0.0384397
-0.036567
-0.034189
-0.0324413
-0.0307628
-0.029489
-0.0280731
-0.0262401
-0.0228241
-0.018144
-0.0110909
-0.0026145
0.00797017
0.0186524
0.0309591
0.0424691
0.0540455
0.0625183
0.0684909
0.0716837
0.0737795
0.0754363
0.0782337
0.0777881
0.0697326
0.0594409
0.0491673
0.0406955
0.0338125
0.0293851
0.026545
0.025109
0.0241747
0.0236483
0.0231795
0.0228702
0.0225297
0.0222776
0.0219533
0.0217126
0.0214105
0.0211665
0.0208112
0.0204647
0.0200262
0.0196283
0.0192031
0.0188478
0.0184502
0.0181396
0.0177729
0.0175006
0.0171713
0.0169108
0.0165351
0.016181
0.0156801
0.0152856
0.0147496
0.0143727
0.0138558
0.0134533
0.0129817
0.0125466
0.0121466
0.011702
0.0112926
0.0108574
0.010452
0.0100241
0.00963941
0.00919369
0.00878377
0.00831469
0.00789069
0.00745951
0.00700837
0.00659574
0.00610973
0.00568317
0.0052087
0.00471971
0.00385852
0.00163811
0.000536903
0.00360095
0.00414377
-0.00304255
-0.0159479
-0.0284422
-0.034845
-0.0329629
-0.0294096
-0.0295844
-0.0315345
-0.0328934
-0.0338404
-0.03466
-0.0353436
-0.037038
-0.0383771
-0.0365159
-0.03408
-0.032269
-0.0306307
-0.0294126
-0.0280406
-0.026232
-0.0228288
-0.0181524
-0.0111044
-0.0026231
0.00795984
0.0186513
0.0309557
0.042476
0.0540577
0.0625408
0.068508
0.0716949
0.0737839
0.075435
0.0781212
0.0776067
0.0696236
0.0593812
0.0491359
0.0406733
0.033797
0.0293722
0.0265371
0.0251036
0.0241725
0.0236469
0.0231792
0.0228697
0.0225299
0.0222774
0.0219535
0.0217123
0.0214106
0.0211661
0.0208112
0.0204644
0.0200262
0.0196281
0.0192033
0.0188477
0.0184505
0.0181394
0.0177732
0.0175003
0.0171715
0.0169104
0.0165351
0.0161807
0.0156801
0.0152854
0.0147497
0.0143725
0.013856
0.0134532
0.0129818
0.0125464
0.0121467
0.0117019
0.0112927
0.0108573
0.0104522
0.0100239
0.00963952
0.00919358
0.00878382
0.00831457
0.00789082
0.00745938
0.00700853
0.00659561
0.00610984
0.00568305
0.00520901
0.00471978
0.00385699
0.00168891
0.000649143
0.00364668
0.00407395
-0.00313172
-0.0159692
-0.0283568
-0.0347194
-0.0329607
-0.0295166
-0.0296689
-0.0315761
-0.0329144
-0.0338531
-0.0346808
-0.0353895
-0.0370405
-0.038319
-0.0364598
-0.0339829
-0.0321247
-0.0305105
-0.0293375
-0.0280102
-0.0262277
-0.0228388
-0.0181654
-0.0111242
-0.00263494
0.00794544
0.0186506
0.0309511
0.0424863
0.054075
0.0625731
0.0685318
0.0717108
0.07379
0.0754345
0.0780318
0.0774468
0.0695158
0.0593164
0.0491008
0.0406458
0.0337771
0.0293549
0.0265269
0.0250965
0.0241698
0.0236451
0.0231791
0.0228692
0.0225303
0.022277
0.0219539
0.0217118
0.0214109
0.0211656
0.0208113
0.020464
0.0200263
0.0196278
0.0192036
0.0188475
0.0184509
0.0181392
0.0177736
0.0174999
0.0171717
0.0169099
0.0165352
0.0161803
0.0156801
0.0152851
0.01475
0.0143723
0.0138562
0.0134529
0.0129819
0.0125462
0.0121469
0.0117017
0.0112929
0.0108571
0.0104524
0.0100237
0.00963972
0.00919339
0.00878395
0.00831438
0.00789102
0.00745918
0.00700876
0.0065954
0.00611002
0.00568287
0.00520944
0.00471985
0.00385627
0.00174307
0.000779564
0.00370112
0.00401539
-0.00320622
-0.0159826
-0.0282795
-0.034612
-0.0329695
-0.0296331
-0.0297648
-0.0316239
-0.0329385
-0.0338675
-0.0346929
-0.0354164
-0.0370332
-0.0382537
-0.0363927
-0.0338849
-0.0319878
-0.0303935
-0.0292618
-0.0279821
-0.0262278
-0.0228547
-0.0181833
-0.0111505
-0.00265014
0.00792684
0.0186501
0.0309452
0.0425003
0.0540977
0.0626156
0.0685627
0.0717313
0.073798
0.075434
0.0779458
0.077285
0.0694007
0.0592428
0.0490603
0.0406122
0.0337522
0.029333
0.0265141
0.0250877
0.0241667
0.0236428
0.023179
0.0228685
0.0225308
0.0222765
0.0219544
0.0217112
0.0214113
0.0211648
0.0208114
0.0204635
0.0200264
0.0196275
0.0192041
0.0188473
0.0184516
0.0181388
0.0177742
0.0174993
0.0171722
0.0169091
0.0165353
0.0161797
0.0156802
0.0152847
0.0147503
0.0143719
0.0138564
0.0134526
0.0129821
0.0125459
0.0121471
0.0117015
0.0112931
0.0108568
0.0104526
0.0100234
0.00963997
0.00919315
0.00878414
0.00831412
0.00789129
0.0074589
0.00700907
0.0065951
0.00611026
0.0056826
0.00520999
0.00471997
0.00385716
0.00180733
0.000929183
0.0037666
0.00396168
-0.00327486
-0.0159897
-0.0282029
-0.0345113
-0.032989
-0.0297646
-0.0298739
-0.0316795
-0.0329667
-0.0338839
-0.0347009
-0.035433
-0.0370165
-0.0381786
-0.036313
-0.0337793
-0.031847
-0.0302729
-0.0291836
-0.0279557
-0.0262322
-0.0228764
-0.0182062
-0.0111832
-0.00266881
0.00790417
0.0186499
0.0309381
0.0425176
0.054126
0.0626682
0.0686007
0.0717564
0.0738077
0.0754329
0.0778558
0.0771135
0.0692751
0.0591586
0.0490132
0.040572
0.0337221
0.0293063
0.0264988
0.025077
0.024163
0.0236401
0.0231789
0.0228678
0.0225315
0.0222759
0.0219551
0.0217104
0.0214118
0.0211638
0.0208115
0.0204628
0.0200265
0.0196272
0.0192047
0.018847
0.0184523
0.0181384
0.0177749
0.0174986
0.0171727
0.0169082
0.0165355
0.016179
0.0156804
0.0152842
0.0147506
0.0143715
0.0138568
0.0134522
0.0129824
0.0125455
0.0121474
0.0117012
0.0112934
0.0108564
0.010453
0.0100231
0.00964031
0.00919283
0.00878441
0.00831379
0.00789164
0.00745856
0.00700944
0.00659474
0.00611057
0.00568227
0.00521064
0.00472021
0.0038601
0.00188289
0.00109589
0.00384374
0.00391167
-0.00334139
-0.015993
-0.0281248
-0.0344124
-0.0330172
-0.0299104
-0.0299956
-0.0317428
-0.032999
-0.0339022
-0.0347071
-0.0354442
-0.0369926
-0.0380947
-0.0362214
-0.0336636
-0.0316963
-0.0301447
-0.0291013
-0.0279301
-0.0262407
-0.0229035
-0.0182343
-0.0112224
-0.00269103
0.00787759
0.0186498
0.0309299
0.0425383
0.0541597
0.0627308
0.0686457
0.071786
0.0738191
0.0754309
0.0777602
0.0769307
0.0691386
0.0590636
0.0489591
0.0405252
0.0336867
0.029275
0.0264808
0.0250647
0.0241588
0.0236371
0.023179
0.0228669
0.0225323
0.0222752
0.0219559
0.0217094
0.0214124
0.0211627
0.0208117
0.020462
0.0200267
0.0196268
0.0192055
0.0188467
0.0184533
0.0181379
0.0177758
0.0174977
0.0171733
0.0169071
0.0165357
0.0161782
0.0156805
0.0152836
0.0147511
0.014371
0.0138572
0.0134518
0.0129828
0.0125451
0.0121478
0.0117008
0.0112938
0.010856
0.0104534
0.0100227
0.00964069
0.00919246
0.00878472
0.00831342
0.00789204
0.00745815
0.00700988
0.00659431
0.00611094
0.00568188
0.00521138
0.00472061
0.00386544
0.00196835
0.00127688
0.00393238
0.00386562
-0.00340711
-0.0159942
-0.0280453
-0.034314
-0.0330526
-0.0300684
-0.0301283
-0.0318135
-0.0330352
-0.0339222
-0.0347132
-0.0354528
-0.0369633
-0.0380034
-0.0361199
-0.033537
-0.0315333
-0.030007
-0.0290141
-0.027905
-0.0262529
-0.0229358
-0.0182673
-0.0112676
-0.00271687
0.00784734
0.0186496
0.0309208
0.0425618
0.0541991
0.0628032
0.0686977
0.07182
0.0738323
0.0754276
0.0776589
0.076738
0.0689922
0.0589582
0.0488982
0.0404719
0.033646
0.0292391
0.0264603
0.0250506
0.0241541
0.0236336
0.023179
0.0228658
0.0225332
0.0222745
0.0219568
0.0217084
0.021413
0.0211613
0.0208119
0.0204611
0.0200269
0.0196263
0.0192063
0.0188464
0.0184543
0.0181374
0.0177768
0.0174968
0.0171739
0.0169058
0.0165359
0.0161773
0.0156807
0.015283
0.0147516
0.0143705
0.0138577
0.0134513
0.0129832
0.0125447
0.0121482
0.0117004
0.0112942
0.0108556
0.0104538
0.0100222
0.00964115
0.00919203
0.0087851
0.00831298
0.00789251
0.0074577
0.00701037
0.00659383
0.00611135
0.00568144
0.0052122
0.00472122
0.00387326
0.00206178
0.00146966
0.00403197
0.00382397
-0.00347223
-0.0159941
-0.0279653
-0.0342164
-0.0330942
-0.0302365
-0.0302707
-0.0318905
-0.0330749
-0.0339438
-0.0347198
-0.0354597
-0.0369302
-0.037906
-0.0360102
-0.0333994
-0.0313575
-0.0298594
-0.0289217
-0.02788
-0.0262689
-0.0229731
-0.0183052
-0.0113187
-0.00274641
0.00781369
0.0186491
0.0309108
0.0425881
0.0542442
0.062885
0.0687565
0.0718582
0.073847
0.075423
0.0775523
0.0765371
0.0688371
0.0588433
0.0488308
0.0404125
0.0336001
0.0291988
0.0264372
0.025035
0.0241488
0.0236298
0.023179
0.0228647
0.0225342
0.0222736
0.0219578
0.0217072
0.0214136
0.0211599
0.0208121
0.0204601
0.0200272
0.0196259
0.0192073
0.0188461
0.0184555
0.0181368
0.0177779
0.0174957
0.0171746
0.0169044
0.0165362
0.0161763
0.015681
0.0152823
0.0147522
0.01437
0.0138583
0.0134508
0.0129836
0.0125442
0.0121486
0.0117
0.0112947
0.0108551
0.0104543
0.0100217
0.00964162
0.0091916
0.0087855
0.00831253
0.007893
0.00745722
0.0070109
0.00659331
0.00611179
0.00568096
0.00521309
0.00472206
0.00388363
0.00216176
0.00167198
0.00414193
0.00378732
-0.00353642
-0.0159929
-0.0278856
-0.0341202
-0.0331412
-0.0304131
-0.0304215
-0.0319732
-0.0331178
-0.0339669
-0.0347272
-0.0354658
-0.0368942
-0.0378039
-0.035894
-0.0332511
-0.0311696
-0.029702
-0.0288243
-0.0278551
-0.0262884
-0.0230152
-0.0183479
-0.0113754
-0.00277968
0.00777687
0.0186482
0.0309002
0.0426168
0.054295
0.062976
0.068822
0.0719004
0.0738633
0.0754172
0.0774414
0.0763297
0.0686745
0.0587197
0.048757
0.0403471
0.0335491
0.0291544
0.0264115
0.0250178
0.0241429
0.0236257
0.0231789
0.0228636
0.0225352
0.0222728
0.0219589
0.021706
0.0214143
0.0211583
0.0208123
0.020459
0.0200274
0.0196254
0.0192083
0.0188458
0.0184568
0.0181362
0.0177791
0.0174946
0.0171754
0.0169028
0.0165364
0.0161752
0.0156812
0.0152817
0.0147527
0.0143694
0.0138588
0.0134502
0.0129841
0.0125437
0.0121492
0.0116995
0.0112952
0.0108546
0.0104548
0.0100212
0.00964214
0.00919111
0.00878596
0.00831204
0.00789353
0.00745671
0.00701146
0.00659276
0.00611225
0.00568046
0.00521402
0.00472319
0.00389645
0.00226737
0.00188256
0.00426173
0.00375603
-0.00359922
-0.0159909
-0.027807
-0.0340262
-0.0331934
-0.0305969
-0.0305795
-0.032061
-0.0331637
-0.0339912
-0.0347356
-0.0354712
-0.0368558
-0.0376982
-0.0357724
-0.0330929
-0.0309697
-0.0295352
-0.0287221
-0.0278303
-0.0263114
-0.0230616
-0.0183952
-0.0114374
-0.00281672
0.00773716
0.0186466
0.030889
0.0426476
0.0543513
0.0630759
0.068894
0.0719464
0.073881
0.07541
0.0773267
0.0761173
0.0685054
0.0585884
0.0486772
0.0402761
0.0334931
0.0291059
0.0263832
0.0249991
0.0241364
0.0236213
0.0231788
0.0228624
0.0225363
0.0222719
0.02196
0.0217047
0.021415
0.0211566
0.0208125
0.0204579
0.0200277
0.0196249
0.0192094
0.0188455
0.0184581
0.0181357
0.0177803
0.0174935
0.0171761
0.0169012
0.0165366
0.0161741
0.0156814
0.015281
0.0147533
0.0143688
0.0138594
0.0134497
0.0129846
0.0125432
0.0121497
0.011699
0.0112957
0.0108541
0.0104554
0.0100207
0.00964265
0.00919063
0.00878641
0.00831156
0.00789407
0.00745619
0.00701203
0.00659219
0.00611273
0.00567994
0.00521498
0.00472462
0.00391169
0.00237774
0.00210009
0.00439088
0.00373055
-0.00366017
-0.0159883
-0.0277302
-0.0339352
-0.0332503
-0.0307869
-0.0307441
-0.0321533
-0.0332121
-0.0340166
-0.0347449
-0.0354761
-0.0368154
-0.0375898
-0.0356463
-0.0329254
-0.0307585
-0.0293594
-0.0286153
-0.0278057
-0.026338
-0.0231124
-0.0184472
-0.0115045
-0.00285755
0.00769475
0.0186443
0.0308774
0.0426804
0.0544133
0.0631845
0.0689724
0.0719961
0.0739001
0.0754017
0.077209
0.0759011
0.0683306
0.0584498
0.0485917
0.0401999
0.0334322
0.0290535
0.0263525
0.024979
0.0241293
0.0236166
0.0231787
0.0228612
0.0225374
0.022271
0.0219611
0.0217034
0.0214156
0.0211548
0.0208127
0.0204567
0.020028
0.0196245
0.0192105
0.0188453
0.0184594
0.0181351
0.0177816
0.0174924
0.0171768
0.0168995
0.0165368
0.0161729
0.0156816
0.0152803
0.0147539
0.0143683
0.01386
0.0134491
0.0129852
0.0125427
0.0121502
0.0116985
0.0112963
0.0108536
0.0104559
0.0100202
0.00964321
0.00919013
0.0087869
0.00831105
0.00789463
0.00745566
0.00701261
0.00659162
0.00611321
0.00567941
0.00521597
0.00472637
0.00392922
0.00249219
0.00232385
0.00452902
0.00371109
-0.0037188
-0.0159855
-0.0276557
-0.0338477
-0.0333118
-0.0309823
-0.0309143
-0.0322497
-0.033263
-0.034043
-0.034755
-0.0354804
-0.0367734
-0.0374792
-0.0355163
-0.0327496
-0.0305364
-0.0291753
-0.0285042
-0.0277813
-0.0263681
-0.0231672
-0.0185037
-0.0115764
-0.00290217
0.00764987
0.0186412
0.0308655
0.0427147
0.0544809
0.0633014
0.0690571
0.0720492
0.0739205
0.0753922
0.0770889
0.0756824
0.0681508
0.0583046
0.0485009
0.0401188
0.0333666
0.0289974
0.0263192
0.0249575
0.0241217
0.0236118
0.0231784
0.0228599
0.0225385
0.0222701
0.0219622
0.0217021
0.0214162
0.021153
0.0208128
0.0204556
0.0200282
0.019624
0.0192116
0.0188451
0.0184609
0.0181346
0.0177829
0.0174912
0.0171775
0.0168978
0.016537
0.0161717
0.0156818
0.0152795
0.0147545
0.0143677
0.0138606
0.0134486
0.0129857
0.0125422
0.0121507
0.0116981
0.0112968
0.0108531
0.0104564
0.0100197
0.00964373
0.00918965
0.00878737
0.00831056
0.00789518
0.00745514
0.00701319
0.00659105
0.0061137
0.00567889
0.00521697
0.00472844
0.00394898
0.00261006
0.00255294
0.00467586
0.00369797
-0.00377474
-0.0159825
-0.0275841
-0.0337641
-0.0333778
-0.0311823
-0.0310897
-0.0323498
-0.033316
-0.0340704
-0.0347659
-0.0354842
-0.0367301
-0.0373671
-0.035383
-0.032566
-0.0303042
-0.0289835
-0.0283894
-0.0277573
-0.0264017
-0.0232261
-0.0185645
-0.0116529
-0.00295056
0.00760265
0.0186372
0.0308534
0.0427506
0.0545539
0.0634263
0.0691479
0.0721057
0.0739421
0.0753817
0.0769668
0.0754619
0.0679667
0.0581534
0.048405
0.040033
0.0332965
0.0289377
0.0262836
0.0249348
0.0241135
0.0236067
0.0231781
0.0228587
0.0225395
0.0222692
0.0219633
0.0217008
0.0214168
0.0211511
0.0208129
0.0204544
0.0200284
0.0196236
0.0192128
0.0188449
0.0184623
0.0181341
0.0177842
0.0174901
0.0171782
0.016896
0.0165371
0.0161706
0.015682
0.0152788
0.0147551
0.0143671
0.0138612
0.013448
0.0129862
0.0125417
0.0121513
0.0116976
0.0112973
0.0108526
0.010457
0.0100192
0.00964428
0.00918916
0.00878787
0.00831007
0.00789574
0.00745462
0.00701376
0.00659049
0.00611417
0.00567838
0.00521797
0.00473086
0.00397079
0.0027309
0.00278695
0.00483106
0.00369131
-0.00382775
-0.0159794
-0.0275157
-0.0336847
-0.033448
-0.0313864
-0.0312696
-0.0324535
-0.0333709
-0.0340986
-0.0347775
-0.0354875
-0.0366856
-0.0372539
-0.0352468
-0.032375
-0.0300624
-0.0287845
-0.028271
-0.0277337
-0.0264388
-0.0232886
-0.0186296
-0.0117339
-0.0030027
0.00755331
0.0186322
0.0308412
0.0427877
0.0546323
0.063559
0.0692448
0.0721653
0.0739648
0.0753702
0.0768433
0.0752406
0.067779
0.0579966
0.0483043
0.0399428
0.0332219
0.0288746
0.0262456
0.0249109
0.0241048
0.0236014
0.0231777
0.0228574
0.0225405
0.0222683
0.0219644
0.0216995
0.0214173
0.0211492
0.0208129
0.0204532
0.0200286
0.0196232
0.019214
0.0188448
0.0184637
0.0181337
0.0177854
0.017489
0.0171788
0.0168942
0.0165372
0.0161693
0.0156822
0.0152781
0.0147557
0.0143666
0.0138618
0.0134475
0.0129868
0.0125413
0.0121518
0.0116972
0.0112979
0.0108521
0.0104575
0.0100187
0.00964479
0.00918871
0.00878834
0.00830961
0.00789628
0.00745412
0.00701432
0.00658994
0.00611464
0.00567787
0.00521899
0.00473361
0.00399452
0.00285422
0.00302516
0.00499437
0.00369131
-0.00387762
-0.0159764
-0.0274508
-0.03361
-0.0335222
-0.031594
-0.0314536
-0.0325603
-0.0334277
-0.0341275
-0.0347898
-0.0354903
-0.0366401
-0.0371399
-0.0351082
-0.0321771
-0.0298116
-0.0285788
-0.0281494
-0.0277106
-0.0264795
-0.0233549
-0.0186988
-0.011819
-0.00305854
0.00750193
0.0186262
0.0308289
0.042826
0.054716
0.0636993
0.0693476
0.0722279
0.0739887
0.0753578
0.0767187
0.0750191
0.0675881
0.0578344
0.048199
0.0398484
0.0331429
0.0288082
0.0262053
0.0248859
0.0240955
0.023596
0.0231771
0.0228562
0.0225415
0.0222675
0.0219654
0.0216983
0.0214177
0.0211473
0.0208129
0.020452
0.0200288
0.0196229
0.0192151
0.0188447
0.0184651
0.0181333
0.0177867
0.017488
0.0171793
0.0168924
0.0165373
0.0161681
0.0156823
0.0152774
0.0147563
0.014366
0.0138624
0.013447
0.0129873
0.0125408
0.0121523
0.0116967
0.0112984
0.0108516
0.0104581
0.0100183
0.00964532
0.00918825
0.00878883
0.00830915
0.00789681
0.00745364
0.00701487
0.00658941
0.00611509
0.00567738
0.00522001
0.0047367
0.00402
0.00297965
0.00326727
0.0051655
0.00369797
-0.00392415
-0.0159736
-0.0273897
-0.0335402
-0.0336002
-0.0318047
-0.0316411
-0.03267
-0.033486
-0.0341571
-0.0348026
-0.0354926
-0.0365939
-0.0370255
-0.0349678
-0.0319728
-0.0295523
-0.028367
-0.0280251
-0.027688
-0.0265236
-0.0234246
-0.018772
-0.0119082
-0.00311804
0.00744869
0.018619
0.0308166
0.0428652
0.0548049
0.0638471
0.069456
0.0722933
0.0740136
0.0753446
0.0765936
0.0747981
0.0673945
0.0576675
0.0480893
0.0397501
0.0330598
0.0287385
0.0261627
0.0248597
0.0240857
0.0235904
0.0231765
0.022855
0.0225425
0.0222668
0.0219664
0.021697
0.021418
0.0211454
0.0208129
0.0204508
0.020029
0.0196225
0.0192163
0.0188447
0.0184666
0.018133
0.0177879
0.017487
0.0171798
0.0168906
0.0165373
0.0161669
0.0156824
0.0152768
0.0147569
0.0143655
0.013863
0.0134466
0.0129878
0.0125404
0.0121528
0.0116963
0.0112989
0.0108512
0.0104586
0.0100178
0.0096458
0.00918784
0.00878927
0.00830873
0.00789731
0.00745319
0.0070154
0.00658889
0.00611552
0.00567691
0.00522104
0.00474011
0.00404709
0.00310674
0.00351258
0.00534424
0.00371141
-0.00396721
-0.015971
-0.0273327
-0.0334754
-0.033682
-0.0320179
-0.0318317
-0.0327823
-0.0335458
-0.0341874
-0.034816
-0.0354944
-0.036547
-0.036911
-0.0348258
-0.0317625
-0.029285
-0.0281495
-0.0278981
-0.027666
-0.0265713
-0.0234977
-0.0188491
-0.0120012
-0.00318111
0.00739367
0.0186109
0.0308042
0.0429052
0.0548988
0.064002
0.06957
0.0723614
0.0740394
0.0753307
0.0764682
0.0745781
0.0671988
0.0574962
0.0479754
0.039648
0.0329727
0.0286658
0.026118
0.0248325
0.0240754
0.0235847
0.0231758
0.0228539
0.0225434
0.022266
0.0219673
0.0216959
0.0214183
0.0211434
0.0208128
0.0204496
0.0200291
0.0196222
0.0192174
0.0188448
0.018468
0.0181327
0.0177891
0.017486
0.0171802
0.0168888
0.0165373
0.0161658
0.0156825
0.0152761
0.0147574
0.0143651
0.0138635
0.0134461
0.0129883
0.01254
0.0121533
0.011696
0.0112994
0.0108508
0.010459
0.0100174
0.00964629
0.00918742
0.00878973
0.00830831
0.00789781
0.00745275
0.0070159
0.00658841
0.00611593
0.00567646
0.00522207
0.00474385
0.0040756
0.00323515
0.0037608
0.00553023
0.00373155
-0.00400662
-0.0159689
-0.02728
-0.033416
-0.0337672
-0.0322333
-0.032025
-0.032897
-0.0336069
-0.0342182
-0.0348297
-0.0354957
-0.0364997
-0.0367968
-0.0346829
-0.0315469
-0.0290103
-0.0279269
-0.0277689
-0.0276446
-0.0266223
-0.023574
-0.0189298
-0.0120978
-0.00324767
0.00733703
0.0186015
0.0307918
0.0429458
0.0549976
0.0641639
0.0696894
0.0724321
0.0740661
0.0753163
0.0763429
0.0743598
0.0670015
0.0573209
0.0478576
0.0395426
0.0328817
0.0285902
0.0260713
0.0248044
0.0240646
0.0235788
0.023175
0.0228527
0.0225442
0.0222653
0.0219682
0.0216947
0.0214185
0.0211415
0.0208127
0.0204484
0.0200292
0.0196219
0.0192186
0.0188449
0.0184694
0.0181325
0.0177903
0.0174851
0.0171806
0.0168869
0.0165373
0.0161646
0.0156826
0.0152755
0.0147579
0.0143646
0.0138641
0.0134457
0.0129888
0.0125396
0.0121537
0.0116956
0.0112998
0.0108504
0.0104595
0.010017
0.00964674
0.00918705
0.00879015
0.00830794
0.00789828
0.00745235
0.00701639
0.00658794
0.00611633
0.00567603
0.00522309
0.00474789
0.0041054
0.00336444
0.00401132
0.00572313
0.00375849
-0.00404228
-0.0159672
-0.0272318
-0.0333619
-0.0338556
-0.0324504
-0.0322204
-0.0330137
-0.0336691
-0.0342495
-0.0348438
-0.0354966
-0.0364521
-0.0366831
-0.0345393
-0.0313265
-0.0287288
-0.0276998
-0.0276376
-0.0276239
-0.0266768
-0.0236533
-0.019014
-0.0121979
-0.00331761
0.00727883
0.0185912
0.0307795
0.0429868
0.0551011
0.0643326
0.0698139
0.072505
0.0740937
0.0753014
0.0762183
0.0741437
0.0668032
0.0571421
0.0477362
0.0394339
0.0327871
0.0285119
0.0260225
0.0247753
0.0240534
0.0235729
0.0231741
0.0228516
0.0225451
0.0222647
0.0219691
0.0216937
0.0214187
0.0211396
0.0208126
0.0204473
0.0200293
0.0196216
0.0192197
0.018845
0.0184707
0.0181323
0.0177914
0.0174843
0.0171808
0.0168851
0.0165372
0.0161634
0.0156826
0.0152749
0.0147583
0.0143642
0.0138646
0.0134453
0.0129892
0.0125393
0.0121542
0.0116953
0.0113003
0.0108501
0.01046
0.0100167
0.00964719
0.00918668
0.00879058
0.00830758
0.00789873
0.00745196
0.00701685
0.0065875
0.0061167
0.00567563
0.00522412
0.00475223
0.00413628
0.00349428
0.00426381
0.00592254
0.00379204
-0.00407411
-0.0159662
-0.0271883
-0.0333133
-0.0339471
-0.0326686
-0.0324174
-0.0331321
-0.0337322
-0.0342812
-0.0348582
-0.0354972
-0.0364043
-0.0365704
-0.0343956
-0.0311018
-0.028441
-0.0274688
-0.0275045
-0.027604
-0.0267345
-0.0237355
-0.0191014
-0.0123012
-0.00339083
0.00721924
0.0185797
0.0307672
0.0430281
0.0552091
0.0645077
0.0699432
0.0725801
0.074122
0.0752861
0.0760945
0.0739304
0.0666045
0.05696
0.0476116
0.0393225
0.032689
0.0284309
0.025972
0.0247455
0.0240418
0.0235669
0.0231731
0.0228506
0.0225458
0.0222641
0.0219699
0.0216926
0.0214187
0.0211377
0.0208124
0.0204462
0.0200294
0.0196214
0.0192208
0.0188452
0.018472
0.0181322
0.0177925
0.0174835
0.017181
0.0168834
0.016537
0.0161623
0.0156827
0.0152743
0.0147588
0.0143637
0.0138651
0.0134449
0.0129897
0.0125389
0.0121545
0.011695
0.0113007
0.0108497
0.0104604
0.0100164
0.0096476
0.00918637
0.00879096
0.00830726
0.00789915
0.00745161
0.00701729
0.00658709
0.00611705
0.00567524
0.00522514
0.00475683
0.00416808
0.00362416
0.00451752
0.00612808
0.00383213
-0.00410209
-0.0159657
-0.0271497
-0.0332702
-0.0340412
-0.0328874
-0.0326156
-0.0332519
-0.0337961
-0.0343132
-0.0348728
-0.0354974
-0.0363567
-0.0364589
-0.0342523
-0.0308736
-0.0281478
-0.0272344
-0.02737
-0.0275849
-0.0267955
-0.0238203
-0.0191918
-0.0124074
-0.00346711
0.00715836
0.0185674
0.030755
0.0430695
0.0553211
0.0646888
0.0700772
0.0726571
0.0741509
0.0752706
0.0759721
0.0737206
0.066406
0.0567752
0.0474841
0.0392084
0.0325877
0.0283476
0.0259197
0.0247149
0.0240298
0.0235608
0.023172
0.0228495
0.0225465
0.0222635
0.0219707
0.0216917
0.0214187
0.0211358
0.0208121
0.020445
0.0200294
0.0196212
0.0192219
0.0188455
0.0184733
0.0181322
0.0177936
0.0174828
0.0171812
0.0168816
0.0165369
0.0161612
0.0156826
0.0152737
0.0147592
0.0143634
0.0138655
0.0134446
0.0129901
0.0125386
0.012155
0.0116947
0.0113011
0.0108494
0.0104608
0.010016
0.00964801
0.00918605
0.00879137
0.00830694
0.00789956
0.00745128
0.0070177
0.0065867
0.00611738
0.00567489
0.00522615
0.00476167
0.00420058
0.00375372
0.00477193
0.00633917
0.00387844
-0.00412632
-0.0159661
-0.027116
-0.0332326
-0.0341376
-0.0331063
-0.0328143
-0.0333725
-0.0338604
-0.0343454
-0.0348876
-0.0354973
-0.0363093
-0.036349
-0.0341097
-0.0306424
-0.0278497
-0.0269974
-0.0272344
-0.0275667
-0.0268595
-0.0239075
-0.0192848
-0.0125162
-0.00354622
0.00709639
0.0185541
0.030743
0.0431109
0.0554372
0.0648756
0.0702153
0.0727358
0.0741805
0.0752549
0.0758514
0.0735148
0.0662078
0.0565881
0.0473539
0.0390923
0.0324835
0.0282622
0.0258658
0.0246837
0.0240175
0.0235547
0.0231709
0.0228486
0.0225472
0.022263
0.0219714
0.0216908
0.0214187
0.0211339
0.0208119
0.020444
0.0200294
0.019621
0.0192229
0.0188457
0.0184746
0.0181321
0.0177945
0.0174821
0.0171812
0.0168798
0.0165367
0.0161601
0.0156826
0.0152732
0.0147595
0.014363
0.0138659
0.0134442
0.0129905
0.0125383
0.0121553
0.0116944
0.0113015
0.0108492
0.0104611
0.0100158
0.00964836
0.00918577
0.00879171
0.00830667
0.00789993
0.00745099
0.00701809
0.00658634
0.0061177
0.00567456
0.00522716
0.00476675
0.00423365
0.00388242
0.00502668
0.00655551
0.00393118
-0.0041467
-0.0159674
-0.0270875
-0.0332009
-0.0342363
-0.0333245
-0.0330132
-0.0334941
-0.0339252
-0.0343777
-0.0349021
-0.0354967
-0.0362622
-0.0362409
-0.0339686
-0.0304089
-0.0275476
-0.0267585
-0.0270982
-0.0275489
-0.0269261
-0.023997
-0.0193802
-0.0126271
-0.00362814
0.00703311
0.0185398
0.030731
0.0431521
0.0555571
0.0650679
0.070357
0.0728156
0.0742104
0.0752394
0.0757332
0.0733137
0.0660106
0.056399
0.0472217
0.0389745
0.032377
0.0281746
0.0258102
0.0246517
0.0240048
0.0235485
0.0231697
0.0228476
0.0225478
0.0222626
0.021972
0.02169
0.0214186
0.0211321
0.0208115
0.0204429
0.0200294
0.0196208
0.019224
0.018846
0.0184758
0.0181321
0.0177954
0.0174814
0.0171812
0.0168781
0.0165364
0.016159
0.0156824
0.0152726
0.0147598
0.0143626
0.0138663
0.0134439
0.0129908
0.012538
0.0121556
0.0116941
0.0113018
0.0108488
0.0104615
0.0100154
0.0096487
0.00918548
0.00879204
0.00830641
0.00790029
0.0074507
0.00701847
0.00658602
0.006118
0.00567425
0.0052282
0.00477212
0.00426717
0.00401025
0.00528095
0.00677661
0.00398974
-0.00416273
-0.0159689
-0.0270641
-0.0331746
-0.0343367
-0.033542
-0.0332116
-0.0336159
-0.0339902
-0.0344101
-0.0349169
-0.0354959
-0.0362158
-0.036135
-0.0338293
-0.0301743
-0.0272425
-0.0265182
-0.0269618
-0.0275323
-0.0269956
-0.0240884
-0.0194777
-0.0127403
-0.00371246
0.0069691
0.0185246
0.030719
0.0431926
0.0556798
0.0652647
0.0705023
0.0728967
0.0742408
0.0752238
0.0756171
0.0731177
0.065816
0.0562093
0.0470878
0.038855
0.0322678
0.0280854
0.0257534
0.0246194
0.0239919
0.0235423
0.0231684
0.0228467
0.0225484
0.0222622
0.0219727
0.0216892
0.0214184
0.0211303
0.0208112
0.0204419
0.0200294
0.0196207
0.019225
0.0188464
0.0184769
0.0181322
0.0177963
0.0174809
0.0171811
0.0168764
0.0165361
0.0161579
0.0156824
0.0152721
0.0147602
0.0143622
0.0138667
0.0134436
0.0129911
0.0125378
0.0121558
0.0116939
0.0113021
0.0108486
0.0104618
0.0100152
0.009649
0.00918527
0.0087923
0.00830618
0.00790061
0.00745043
0.00701882
0.00658572
0.00611827
0.00567397
0.00522922
0.00477758
0.00430069
0.00413608
0.0055339
0.00700193
0.00405393
-0.00417442
-0.0159705
-0.0270461
-0.0331537
-0.0344385
-0.0337581
-0.033409
-0.0337375
-0.0340552
-0.0344424
-0.0349319
-0.0354949
-0.0361702
-0.0360317
-0.0336922
-0.0299394
-0.0269352
-0.026277
-0.0268255
-0.0275169
-0.0270678
-0.0241812
-0.0195772
-0.0128556
-0.00379885
0.0069045
0.0185086
0.030707
0.0432322
0.0558047
0.0654655
0.070651
0.072979
0.0742715
0.0752083
0.0755032
0.0729275
0.0656247
0.0560194
0.0469526
0.0387341
0.0321564
0.0279948
0.0256958
0.0245868
0.0239787
0.0235361
0.023167
0.0228458
0.0225489
0.0222618
0.0219733
0.0216885
0.0214182
0.0211286
0.0208108
0.0204409
0.0200294
0.0196206
0.0192259
0.0188468
0.0184781
0.0181323
0.0177972
0.0174805
0.0171811
0.0168748
0.0165358
0.016157
0.0156823
0.0152717
0.0147605
0.014362
0.0138671
0.0134434
0.0129916
0.0125376
0.0121562
0.0116937
0.0113024
0.0108484
0.0104621
0.010015
0.00964935
0.00918507
0.00879264
0.00830596
0.00790092
0.00745019
0.00701913
0.00658544
0.00611851
0.00567369
0.00523019
0.00478308
0.00433396
0.00425948
0.00578543
0.00723076
0.0041236
-0.00418234
-0.0159732
-0.0270331
-0.0331385
-0.0345414
-0.0339718
-0.033605
-0.0338589
-0.03412
-0.0344744
-0.0349465
-0.0354936
-0.0361255
-0.0359313
-0.0335581
-0.0297045
-0.0266266
-0.0260361
-0.0266898
-0.0275022
-0.0271421
-0.0242755
-0.0196779
-0.012972
-0.00388725
0.00683919
0.0184918
0.0306952
0.0432711
0.0559324
0.0656702
0.0708019
0.0730616
0.0743023
0.0751932
0.075393
0.0727436
0.0654361
0.0558294
0.0468166
0.0386128
0.0320436
0.0279028
0.0256369
0.0245539
0.0239653
0.0235298
0.0231656
0.0228449
0.0225494
0.0222614
0.0219738
0.0216879
0.0214179
0.0211269
0.0208104
0.0204399
0.0200293
0.0196205
0.0192269
0.0188472
0.0184792
0.0181324
0.017798
0.0174801
0.017181
0.0168733
0.0165355
0.016156
0.0156822
0.0152712
0.0147608
0.0143617
0.0138675
0.0134432
0.0129919
0.0125374
0.0121565
0.0116935
0.0113027
0.0108482
0.0104624
0.0100148
0.00964963
0.00918491
0.00879292
0.00830578
0.00790119
0.00744999
0.00701943
0.00658518
0.00611874
0.00567344
0.00523115
0.00478872
0.00436708
0.00438051
0.00603429
0.00746236
0.00419821
-0.0041867
-0.0159768
-0.0270255
-0.0331286
-0.0346449
-0.0341826
-0.0337987
-0.0339792
-0.0341842
-0.0345059
-0.0349609
-0.0354922
-0.0360818
-0.035834
-0.0334273
-0.0294705
-0.0263174
-0.025796
-0.0265551
-0.0274885
-0.0272184
-0.0243708
-0.0197795
-0.0130892
-0.00397712
0.00677352
0.0184743
0.0306837
0.043309
0.056062
0.0658781
0.0709549
0.0731445
0.0743332
0.0751787
0.0752863
0.0725664
0.0652511
0.05564
0.0466802
0.0384913
0.0319297
0.0278099
0.0255773
0.0245207
0.0239519
0.0235236
0.0231642
0.0228441
0.0225498
0.0222611
0.0219742
0.0216873
0.0214176
0.0211252
0.02081
0.0204389
0.0200292
0.0196205
0.0192278
0.0188477
0.0184803
0.0181325
0.0177988
0.0174797
0.0171808
0.0168717
0.0165352
0.016155
0.015682
0.0152708
0.014761
0.0143615
0.0138678
0.013443
0.0129922
0.0125372
0.0121567
0.0116934
0.011303
0.0108481
0.0104627
0.0100147
0.00964991
0.00918473
0.00879322
0.0083056
0.00790146
0.00744981
0.0070197
0.00658494
0.00611895
0.00567322
0.00523211
0.00479444
0.00439976
0.00449848
0.00628021
0.0076962
0.00427736
-0.0041875
-0.0159812
-0.027023
-0.033124
-0.0347486
-0.0343901
-0.0339896
-0.0340983
-0.0342478
-0.0345369
-0.0349752
-0.0354907
-0.0360395
-0.0357401
-0.0333002
-0.0292382
-0.0260084
-0.0255575
-0.0264216
-0.0274758
-0.0272965
-0.0244669
-0.0198817
-0.013207
-0.00406816
0.00670769
0.018456
0.0306723
0.0433456
0.056193
0.0660887
0.0711094
0.0732274
0.0743641
0.0751648
0.0751832
0.0723961
0.0650703
0.0554519
0.0465439
0.0383699
0.031815
0.0277163
0.0255171
0.0244876
0.0239383
0.0235175
0.0231627
0.0228433
0.0225502
0.0222607
0.0219747
0.0216867
0.0214172
0.0211236
0.0208095
0.020438
0.0200291
0.0196204
0.0192286
0.0188481
0.0184813
0.0181327
0.0177995
0.0174793
0.0171806
0.0168702
0.0165348
0.0161541
0.0156819
0.0152703
0.0147612
0.0143612
0.013868
0.0134428
0.0129925
0.0125371
0.0121569
0.0116932
0.0113032
0.0108479
0.0104629
0.0100145
0.00965013
0.0091846
0.00879346
0.00830545
0.00790169
0.00744965
0.00701994
0.00658472
0.00611915
0.00567302
0.00523305
0.00480017
0.00443183
0.00461293
0.00652252
0.00793179
0.00436072
-0.00418479
-0.0159861
-0.0270256
-0.0331245
-0.0348522
-0.0345937
-0.0341773
-0.0342157
-0.0343106
-0.0345674
-0.0349892
-0.0354892
-0.0359986
-0.0356499
-0.0331774
-0.0290083
-0.0257004
-0.0253212
-0.0262899
-0.0274642
-0.0273763
-0.0245635
-0.0199842
-0.013325
-0.00416015
0.00664175
0.0184372
0.0306612
0.0433809
0.0563251
0.0663013
0.0712652
0.0733101
0.074395
0.0751516
0.075084
0.0722332
0.0648945
0.0552656
0.0464081
0.0382491
0.0316998
0.0276224
0.0254565
0.0244545
0.0239247
0.0235113
0.0231612
0.0228425
0.0225506
0.0222605
0.021975
0.0216863
0.0214168
0.0211221
0.020809
0.0204371
0.020029
0.0196203
0.0192294
0.0188485
0.0184822
0.0181329
0.0178001
0.0174791
0.0171804
0.0168688
0.0165343
0.0161532
0.0156817
0.01527
0.0147613
0.014361
0.0138683
0.0134426
0.0129927
0.0125369
0.0121572
0.0116931
0.0113035
0.0108478
0.0104631
0.0100144
0.00965037
0.00918446
0.00879373
0.0083053
0.00790192
0.00744951
0.00702017
0.00658453
0.00611933
0.00567284
0.00523397
0.00480588
0.0044631
0.00472358
0.00676082
0.00816869
0.00444773
-0.00417866
-0.0159916
-0.0270334
-0.0331299
-0.0349555
-0.034793
-0.0343614
-0.0343312
-0.0343723
-0.0345972
-0.0350028
-0.0354876
-0.0359593
-0.0355635
-0.0330592
-0.0287815
-0.0253941
-0.0250877
-0.0261601
-0.0274535
-0.0274575
-0.0246601
-0.0200867
-0.013443
-0.00425285
0.00657596
0.0184176
0.0306502
0.0434147
0.0564577
0.0665155
0.0714217
0.0733923
0.0744257
0.0751392
0.074989
0.0720781
0.0647239
0.0550814
0.0462732
0.0381291
0.0315844
0.0275284
0.0253957
0.0244215
0.0239111
0.0235053
0.0231596
0.0228418
0.0225509
0.0222602
0.0219754
0.0216858
0.0214164
0.0211206
0.0208085
0.0204362
0.0200288
0.0196203
0.0192302
0.018849
0.0184831
0.018133
0.0178007
0.0174788
0.0171801
0.0168675
0.0165339
0.0161523
0.0156815
0.0152695
0.0147615
0.0143607
0.0138685
0.0134424
0.012993
0.0125368
0.0121573
0.0116929
0.0113037
0.0108477
0.0104633
0.0100143
0.00965056
0.00918436
0.00879394
0.00830519
0.00790211
0.00744938
0.00702037
0.00658435
0.0061195
0.00567268
0.00523487
0.00481154
0.00449348
0.00483
0.00699435
0.00840655
0.00453796
-0.00416921
-0.0159975
-0.0270463
-0.0331399
-0.035058
-0.0349877
-0.0345414
-0.0344444
-0.0344328
-0.0346264
-0.0350162
-0.0354861
-0.0359216
-0.0354812
-0.0329459
-0.0285583
-0.0250903
-0.0248576
-0.0260326
-0.0274438
-0.0275399
-0.0247567
-0.0201888
-0.0135606
-0.00434599
0.00651044
0.0183975
0.0306395
0.0434469
0.0565905
0.0667308
0.0715785
0.0734738
0.0744561
0.0751276
0.0748984
0.071931
0.0645589
0.0549
0.0461396
0.0380103
0.0314692
0.0274344
0.0253349
0.0243888
0.0238974
0.0234993
0.023158
0.022841
0.0225512
0.0222599
0.0219756
0.0216854
0.0214159
0.0211192
0.0208079
0.0204354
0.0200287
0.0196203
0.0192309
0.0188494
0.018484
0.0181332
0.0178013
0.0174786
0.0171798
0.0168662
0.0165334
0.0161515
0.0156813
0.0152692
0.0147616
0.0143606
0.0138687
0.0134423
0.0129932
0.0125366
0.0121575
0.0116928
0.0113038
0.0108476
0.0104635
0.0100142
0.00965076
0.00918425
0.00879418
0.00830507
0.00790229
0.00744927
0.00702056
0.00658419
0.00611965
0.00567254
0.00523575
0.00481712
0.00452281
0.00493198
0.00722278
0.00864487
0.0046309
-0.00415661
-0.0160041
-0.027064
-0.0331544
-0.0351594
-0.0351772
-0.034717
-0.0345552
-0.034492
-0.0346549
-0.0350291
-0.0354846
-0.0358857
-0.0354029
-0.0328379
-0.0283393
-0.0247897
-0.0246316
-0.0259078
-0.027435
-0.0276233
-0.0248529
-0.0202901
-0.0136774
-0.00443931
0.0064454
0.0183767
0.0306291
0.0434773
0.0567231
0.0669466
0.0717351
0.0735543
0.0744862
0.0751168
0.0748122
0.0717921
0.0644
0.0547217
0.0460076
0.0378931
0.0313546
0.0273408
0.0252742
0.0243563
0.0238838
0.0234933
0.0231564
0.0228403
0.0225514
0.0222597
0.0219759
0.0216851
0.0214155
0.0211179
0.0208073
0.0204346
0.0200285
0.0196202
0.0192316
0.0188499
0.0184848
0.0181334
0.0178018
0.0174785
0.0171795
0.016865
0.0165328
0.0161506
0.0156811
0.0152688
0.0147617
0.0143604
0.0138689
0.0134421
0.0129934
0.0125365
0.0121576
0.0116927
0.011304
0.0108475
0.0104636
0.0100141
0.00965091
0.00918418
0.00879436
0.00830498
0.00790244
0.00744918
0.00702073
0.00658404
0.00611979
0.00567241
0.00523661
0.00482259
0.00455099
0.00502913
0.00744547
0.00888303
0.00472617
-0.00414103
-0.0160111
-0.0270863
-0.033173
-0.0352595
-0.0353613
-0.0348878
-0.0346632
-0.0345496
-0.0346825
-0.0350416
-0.0354831
-0.0358517
-0.035329
-0.0327354
-0.0281253
-0.0244928
-0.0244101
-0.0257859
-0.0274271
-0.0277075
-0.0249484
-0.0203905
-0.013793
-0.00453256
0.00638094
0.0183553
0.0306189
0.0435058
0.0568549
0.0671624
0.071891
0.0736336
0.0745159
0.0751071
0.0747306
0.0716616
0.0642475
0.054547
0.0458776
0.0377778
0.0312408
0.0272477
0.0252138
0.0243243
0.0238703
0.0234875
0.0231548
0.0228396
0.0225516
0.0222594
0.0219761
0.0216848
0.021415
0.0211167
0.0208067
0.0204338
0.0200284
0.0196202
0.0192322
0.0188503
0.0184855
0.0181336
0.0178023
0.0174784
0.0171792
0.0168638
0.0165323
0.0161499
0.0156809
0.0152685
0.0147618
0.0143602
0.0138691
0.013442
0.0129936
0.0125364
0.0121578
0.0116926
0.0113042
0.0108474
0.0104637
0.0100141
0.00965107
0.00918409
0.00879458
0.00830489
0.00790259
0.00744909
0.00702087
0.00658392
0.00611992
0.0056723
0.00523744
0.00482793
0.00457791
0.0051213
0.00766217
0.00912026
0.00482334
-0.00412265
-0.0160185
-0.0271131
-0.0331956
-0.0353579
-0.0355395
-0.0350534
-0.0347683
-0.0346055
-0.0347092
-0.0350537
-0.0354818
-0.0358195
-0.0352594
-0.0326388
-0.0279167
-0.0242006
-0.0241938
-0.0256673
-0.0274199
-0.0277921
-0.0250429
-0.0204894
-0.0139072
-0.00462544
0.00631726
0.0183335
0.030609
0.0435323
0.0569857
0.0673776
0.0720459
0.0737113
0.074545
0.0750983
0.0746537
0.0715397
0.0641018
0.0543764
0.0457501
0.0376647
0.0311282
0.0271554
0.0251539
0.0242929
0.0238569
0.0234817
0.0231531
0.0228389
0.0225517
0.0222592
0.0219763
0.0216845
0.0214145
0.0211155
0.0208061
0.0204331
0.0200282
0.0196202
0.0192328
0.0188507
0.0184863
0.0181338
0.0178028
0.0174783
0.0171789
0.0168628
0.0165317
0.0161491
0.0156807
0.0152682
0.0147619
0.01436
0.0138693
0.0134419
0.0129937
0.0125363
0.0121579
0.0116925
0.0113043
0.0108474
0.0104638
0.010014
0.00965119
0.00918404
0.00879473
0.00830483
0.00790271
0.00744902
0.007021
0.0065838
0.00612004
0.00567221
0.00523824
0.0048331
0.00460347
0.00520811
0.00787222
0.00935565
0.0049221
-0.00410168
-0.0160263
-0.0271441
-0.0332217
-0.0354544
-0.0357113
-0.0352134
-0.03487
-0.0346595
-0.0347349
-0.0350653
-0.0354805
-0.0357894
-0.0351942
-0.0325483
-0.0277143
-0.0239137
-0.0239833
-0.0255522
-0.0274135
-0.0278769
-0.0251362
-0.0205865
-0.0140196
-0.0047176
0.00625449
0.0183113
0.0305995
0.0435568
0.0571148
0.0675916
0.0721991
0.0737873
0.0745735
0.0750906
0.0745815
0.0714264
0.0639632
0.0542103
0.0456254
0.0375543
0.0310172
0.0270643
0.0250946
0.024262
0.0238437
0.0234761
0.0231515
0.0228383
0.0225518
0.022259
0.0219764
0.0216843
0.0214141
0.0211144
0.0208054
0.0204324
0.020028
0.0196202
0.0192333
0.0188512
0.0184869
0.018134
0.0178032
0.0174783
0.0171786
0.0168618
0.0165311
0.0161484
0.0156805
0.0152679
0.0147619
0.0143599
0.0138694
0.0134418
0.0129939
0.0125362
0.012158
0.0116925
0.0113044
0.0108473
0.010464
0.010014
0.00965132
0.00918397
0.00879492
0.00830476
0.00790283
0.00744896
0.00702112
0.00658369
0.00612014
0.00567213
0.00523901
0.00483808
0.00462758
0.00528946
0.00807523
0.00958831
0.00502189
-0.00407833
-0.0160342
-0.0271791
-0.0332512
-0.0355486
-0.0358763
-0.0353672
-0.0349683
-0.0347114
-0.0347596
-0.0350765
-0.0354795
-0.0357613
-0.0351337
-0.0324642
-0.0275186
-0.0236331
-0.0237792
-0.025441
-0.0274078
-0.0279615
-0.0252278
-0.0206814
-0.0141297
-0.00480864
0.00619285
0.0182888
0.0305902
0.043579
0.0572417
0.0678036
0.0723502
0.0738613
0.0746013
0.0750841
0.0745141
0.0713221
0.0638322
0.0540494
0.045504
0.0374468
0.0309083
0.0269747
0.0250363
0.0242318
0.0238307
0.0234706
0.0231498
0.0228376
0.0225519
0.0222587
0.0219765
0.0216841
0.0214136
0.0211134
0.0208048
0.0204317
0.0200278
0.0196201
0.0192338
0.0188516
0.0184876
0.0181342
0.0178035
0.0174782
0.0171783
0.016861
0.0165305
0.0161477
0.0156803
0.0152676
0.014762
0.0143597
0.0138696
0.0134417
0.0129941
0.0125362
0.0121581
0.0116924
0.0113045
0.0108473
0.010464
0.010014
0.0096514
0.00918395
0.00879505
0.00830472
0.00790291
0.00744891
0.00702122
0.0065836
0.00612024
0.00567206
0.00523975
0.00484283
0.00465016
0.00536498
0.0082703
0.00981732
0.00512221
-0.00405286
-0.0160423
-0.0272175
-0.0332836
-0.0356401
-0.0360339
-0.0355144
-0.0350626
-0.0347611
-0.0347831
-0.0350871
-0.0354786
-0.0357354
-0.0350778
-0.0323866
-0.0273305
-0.0233597
-0.0235823
-0.0253342
-0.0274027
-0.0280455
-0.0253174
-0.0207737
-0.0142373
-0.00489812
0.00613253
0.0182661
0.0305814
0.0435989
0.0573659
0.0680128
0.0724984
0.0739329
0.0746282
0.0750788
0.0744515
0.0712268
0.063709
0.0538941
0.0453865
0.0373428
0.0308019
0.0268868
0.024979
0.0242024
0.0238179
0.0234651
0.0231482
0.0228369
0.0225519
0.0222585
0.0219766
0.0216839
0.0214131
0.0211125
0.0208041
0.020431
0.0200277
0.0196201
0.0192343
0.018852
0.0184881
0.0181343
0.0178039
0.0174783
0.017178
0.0168602
0.0165299
0.016147
0.0156801
0.0152674
0.014762
0.0143596
0.0138697
0.0134416
0.0129942
0.0125361
0.0121582
0.0116923
0.0113046
0.0108473
0.0104641
0.0100139
0.00965151
0.00918389
0.00879522
0.00830467
0.007903
0.00744887
0.0070213
0.00658351
0.00612033
0.005672
0.00524044
0.00484734
0.00467112
0.00543458
0.00845683
0.0100416
0.00522232
-0.00402555
-0.0160503
-0.027259
-0.0333185
-0.0357285
-0.0361838
-0.0356545
-0.0351528
-0.0348085
-0.0348054
-0.0350973
-0.0354779
-0.0357117
-0.0350268
-0.0323158
-0.0271507
-0.0230948
-0.0233935
-0.0252321
-0.0273981
-0.0281283
-0.0254045
-0.0208627
-0.0143419
-0.00498556
0.00607377
0.0182432
0.0305729
0.0436164
0.0574867
0.068218
0.0726429
0.0740017
0.0746541
0.0750746
0.0743939
0.0711406
0.0635943
0.0537452
0.0452735
0.0372427
0.0306984
0.0268012
0.024923
0.0241739
0.0238054
0.0234598
0.0231465
0.0228363
0.0225518
0.0222583
0.0219767
0.0216838
0.0214127
0.0211117
0.0208034
0.0204304
0.0200275
0.0196201
0.0192347
0.0188523
0.0184887
0.0181345
0.0178042
0.0174783
0.0171778
0.0168595
0.0165293
0.0161464
0.0156799
0.0152672
0.014762
0.0143595
0.0138698
0.0134416
0.0129943
0.0125361
0.0121582
0.0116923
0.0113046
0.0108473
0.0104642
0.010014
0.00965156
0.00918388
0.00879533
0.00830465
0.00790305
0.00744884
0.00702137
0.00658344
0.00612042
0.00567196
0.0052411
0.00485157
0.0046904
0.00549788
0.00863381
0.0102597
0.00532158
-0.00399665
-0.0160581
-0.027303
-0.0333552
-0.0358134
-0.0363255
-0.035787
-0.0352384
-0.0348532
-0.0348265
-0.0351068
-0.0354774
-0.0356902
-0.0349806
-0.0322521
-0.0269802
-0.0228399
-0.0232136
-0.0251349
-0.0273938
-0.0282093
-0.0254884
-0.0209481
-0.0144431
-0.00507051
0.00601678
0.0182204
0.0305648
0.0436314
0.0576033
0.0684181
0.0727829
0.0740675
0.0746788
0.0750716
0.0743415
0.0710637
0.0634887
0.0536035
0.0451658
0.0371469
0.0305982
0.0267183
0.0248687
0.0241464
0.0237932
0.0234547
0.0231448
0.0228356
0.0225517
0.022258
0.0219767
0.0216837
0.0214123
0.021111
0.0208027
0.0204298
0.0200273
0.0196201
0.0192351
0.0188527
0.0184892
0.0181347
0.0178045
0.0174783
0.0171775
0.0168589
0.0165287
0.0161458
0.0156798
0.015267
0.014762
0.0143594
0.0138699
0.0134415
0.0129945
0.0125361
0.0121583
0.0116923
0.0113047
0.0108473
0.0104642
0.0100139
0.00965164
0.00918384
0.00879548
0.00830462
0.00790311
0.00744882
0.00702142
0.00658338
0.0061205
0.00567193
0.00524171
0.00485551
0.00470791
0.00555482
0.00880049
0.0104702
0.00541911
-0.00396633
-0.0160653
-0.0273486
-0.0333929
-0.0358939
-0.0364588
-0.0359114
-0.0353192
-0.0348952
-0.0348464
-0.0351159
-0.0354772
-0.0356712
-0.0349394
-0.0321955
-0.0268198
-0.0225967
-0.0230436
-0.0250431
-0.0273896
-0.0282875
-0.0255684
-0.0210292
-0.0145404
-0.00515257
0.00596178
0.0181977
0.0305571
0.0436438
0.0577148
0.0686116
0.0729172
0.0741295
0.074702
0.0750696
0.0742944
0.0709965
0.0633928
0.05347
0.0450641
0.0370562
0.0305018
0.0266383
0.0248161
0.02412
0.0237814
0.0234496
0.0231431
0.0228349
0.0225516
0.0222578
0.0219766
0.0216835
0.0214119
0.0211104
0.020802
0.0204293
0.0200272
0.0196201
0.0192354
0.018853
0.0184896
0.0181348
0.0178047
0.0174784
0.0171773
0.0168583
0.0165281
0.0161453
0.0156796
0.0152668
0.0147621
0.0143593
0.01387
0.0134415
0.0129946
0.0125361
0.0121583
0.0116922
0.0113048
0.0108473
0.0104642
0.010014
0.00965167
0.00918384
0.00879558
0.00830461
0.00790314
0.0074488
0.00702146
0.00658332
0.00612058
0.0056719
0.00524227
0.00485912
0.00472361
0.0056051
0.00895575
0.0106711
0.005514
-0.00393455
-0.0160713
-0.0273948
-0.0334304
-0.0359697
-0.0365836
-0.0360275
-0.035395
-0.0349345
-0.0348648
-0.0351244
-0.0354773
-0.0356545
-0.0349033
-0.0321464
-0.0266709
-0.0223672
-0.0228842
-0.0249567
-0.0273848
-0.0283618
-0.0256433
-0.0211057
-0.0146338
-0.00523161
0.00590879
0.0181752
0.0305497
0.0436536
0.0578205
0.0687969
0.0730445
0.0741871
0.0747236
0.0750687
0.0742532
0.0709395
0.0633079
0.0533463
0.0449699
0.0369711
0.0304094
0.0265613
0.0247653
0.0240946
0.02377
0.0234447
0.0231414
0.0228342
0.0225514
0.0222575
0.0219766
0.0216834
0.0214115
0.0211098
0.0208013
0.0204288
0.020027
0.0196201
0.0192357
0.0188533
0.01849
0.018135
0.0178049
0.0174785
0.0171771
0.0168579
0.0165275
0.0161448
0.0156795
0.0152667
0.014762
0.0143593
0.0138701
0.0134415
0.0129947
0.012536
0.0121584
0.0116922
0.0113048
0.0108473
0.0104643
0.010014
0.00965173
0.0091838
0.00879571
0.00830459
0.00790318
0.00744879
0.00702148
0.00658328
0.00612064
0.00567189
0.00524278
0.00486239
0.00473742
0.00564877
0.00909903
0.0108606
0.00560525
-0.0039005
-0.0160753
-0.02744
-0.0334662
-0.0360408
-0.0367003
-0.0361357
-0.035466
-0.0349711
-0.034882
-0.0351325
-0.0354778
-0.0356404
-0.0348724
-0.0321046
-0.0265342
-0.0221534
-0.0227364
-0.0248755
-0.0273786
-0.0284307
-0.0257114
-0.0211774
-0.0147235
-0.00530814
0.00585762
0.0181527
0.0305425
0.0436608
0.0579197
0.0689719
0.0731632
0.0742397
0.0747432
0.0750687
0.0742187
0.0708942
0.0632353
0.0532343
0.0448843
0.0368922
0.0303203
0.0264868
0.0247162
0.0240701
0.0237587
0.0234398
0.0231396
0.0228334
0.0225511
0.0222572
0.0219765
0.0216834
0.0214111
0.0211094
0.0208007
0.0204284
0.0200269
0.0196201
0.0192359
0.0188535
0.0184904
0.0181351
0.0178051
0.0174786
0.0171769
0.0168576
0.016527
0.0161444
0.0156794
0.0152665
0.0147621
0.0143592
0.0138702
0.0134414
0.0129948
0.0125361
0.0121584
0.0116922
0.0113048
0.0108473
0.0104643
0.010014
0.00965173
0.00918382
0.00879578
0.0083046
0.00790318
0.00744878
0.0070215
0.00658323
0.0061207
0.00567188
0.00524323
0.00486527
0.00474932
0.00568569
0.00923007
0.0110369
0.00569286
-0.00386228
-0.0160757
-0.0274821
-0.0334987
-0.0361079
-0.0368107
-0.0362376
-0.0355327
-0.0350054
-0.0348981
-0.0351401
-0.0354786
-0.0356289
-0.0348467
-0.0320702
-0.0264099
-0.0219568
-0.0226
-0.024797
-0.0273698
-0.0284928
-0.0257708
-0.0212452
-0.0148113
-0.00538371
0.00580759
0.01813
0.030535
0.0436653
0.0580121
0.0691356
0.073272
0.0742865
0.0747606
0.0750695
0.0741923
0.070863
0.0631771
0.0531361
0.0448089
0.0368187
0.0302329
0.0264131
0.0246681
0.0240461
0.0237476
0.0234349
0.0231377
0.0228326
0.0225508
0.022257
0.0219764
0.0216833
0.0214108
0.021109
0.0208002
0.020428
0.0200268
0.0196202
0.0192361
0.0188538
0.0184907
0.0181352
0.0178053
0.0174787
0.0171767
0.0168573
0.0165265
0.016144
0.0156793
0.0152665
0.0147621
0.0143592
0.0138702
0.0134414
0.0129949
0.0125361
0.0121584
0.0116922
0.0113049
0.0108474
0.0104643
0.010014
0.00965175
0.0091838
0.00879589
0.0083046
0.00790319
0.00744879
0.00702149
0.0065832
0.00612075
0.00567189
0.00524363
0.00486777
0.00475928
0.00571627
0.00935091
0.0112006
0.00577918
-0.00381538
-0.0160701
-0.02752
-0.0335269
-0.0361733
-0.0369209
-0.0363367
-0.0355966
-0.0350381
-0.0349134
-0.0351475
-0.0354799
-0.0356201
-0.0348262
-0.032043
-0.0262962
-0.0217768
-0.0224734
-0.0247161
-0.0273561
-0.0285465
-0.02582
-0.0213117
-0.0149031
-0.00546184
0.00575734
0.0181064
0.0305269
0.0436674
0.0580997
0.0692886
0.0733702
0.0743275
0.0747758
0.0750711
0.0741767
0.0708511
0.0631353
0.0530528
0.0447456
0.0367476
0.0301414
0.0263367
0.0246194
0.0240219
0.0237362
0.0234298
0.0231356
0.0228317
0.0225505
0.0222567
0.0219764
0.0216833
0.0214106
0.0211087
0.0207997
0.0204277
0.0200268
0.0196202
0.0192363
0.018854
0.0184909
0.0181354
0.0178054
0.0174788
0.0171766
0.0168571
0.0165261
0.0161437
0.0156793
0.0152663
0.0147621
0.0143591
0.0138703
0.0134414
0.012995
0.0125361
0.0121584
0.0116922
0.0113049
0.0108474
0.0104643
0.0100141
0.00965172
0.00918383
0.00879593
0.00830463
0.00790317
0.00744879
0.00702148
0.00658317
0.00612079
0.0056719
0.00524396
0.00486984
0.00476732
0.00574081
0.00946823
0.011358
0.00587039
-0.00375008
-0.0160567
-0.0275559
-0.0335511
-0.0362433
-0.037042
-0.0364394
-0.0356597
-0.0350699
-0.0349284
-0.0351545
-0.0354817
-0.0356139
-0.0348109
-0.0320223
-0.026186
-0.021606
-0.0223503
-0.0246234
-0.0273354
-0.0285936
-0.0258599
-0.0213828
-0.0150105
-0.00554874
0.00570474
0.0180814
0.0305178
0.0436673
0.0581894
0.0694382
0.0734604
0.0743644
0.0747896
0.0750737
0.0741761
0.0708671
0.0631108
0.0529816
0.0446941
0.0366726
0.0300342
0.0262513
0.024568
0.0239967
0.0237242
0.0234244
0.0231334
0.0228308
0.0225501
0.0222565
0.0219763
0.0216832
0.0214104
0.0211086
0.0207993
0.0204275
0.0200267
0.0196203
0.0192364
0.0188541
0.0184911
0.0181355
0.0178055
0.0174789
0.0171765
0.016857
0.0165258
0.0161435
0.0156793
0.0152663
0.014762
0.0143591
0.0138703
0.0134414
0.012995
0.0125361
0.0121585
0.0116922
0.0113049
0.0108475
0.0104643
0.0100141
0.00965173
0.00918379
0.00879602
0.00830463
0.00790317
0.00744881
0.00702145
0.00658316
0.00612082
0.00567192
0.00524422
0.00487149
0.00477354
0.00576087
0.00960219
0.011529
0.0059774
-0.00365446
-0.0160384
-0.0276001
-0.0335761
-0.0363308
-0.0371947
-0.0365548
-0.0357248
-0.0351016
-0.0349432
-0.0351613
-0.0354838
-0.0356101
-0.0348004
-0.0320072
-0.0260597
-0.0214233
-0.0222182
-0.024507
-0.0273107
-0.0286447
-0.0258957
-0.0214713
-0.0151538
-0.00565328
0.00564717
0.0180544
0.0305076
0.0436661
0.0583007
0.0696075
0.0735512
0.0744015
0.0748045
0.0750781
0.0741932
0.0709181
0.0630985
0.052911
0.044649
0.0365809
0.0298908
0.0261478
0.0245114
0.0239697
0.0237117
0.0234189
0.0231311
0.0228298
0.0225497
0.0222563
0.0219762
0.0216833
0.0214103
0.0211085
0.0207991
0.0204273
0.0200267
0.0196203
0.0192365
0.0188543
0.0184913
0.0181355
0.0178056
0.017479
0.0171764
0.0168569
0.0165256
0.0161433
0.0156793
0.0152663
0.0147621
0.0143591
0.0138704
0.0134414
0.0129951
0.0125362
0.0121585
0.0116923
0.0113049
0.0108475
0.0104642
0.0100142
0.00965169
0.00918381
0.00879605
0.00830467
0.00790313
0.00744884
0.00702142
0.00658313
0.00612084
0.00567195
0.00524442
0.00487269
0.00477804
0.00577906
0.00979649
0.0117635
0.00610633
-0.00353408
-0.0160352
-0.0276808
-0.0336087
-0.0364619
-0.0374078
-0.0366885
-0.0357933
-0.0351323
-0.0349569
-0.0351673
-0.035486
-0.0356083
-0.0347941
-0.0319965
-0.0258744
-0.021178
-0.0220701
-0.0243716
-0.0273019
-0.0287285
-0.0259342
-0.0216031
-0.0153613
-0.00578051
0.00558329
0.0180264
0.030497
0.0436652
0.0584762
0.0698476
0.0736606
0.0744435
0.0748227
0.0750853
0.0742147
0.0709914
0.0630748
0.0528108
0.044603
0.0364465
0.0296833
0.0260212
0.0244481
0.023942
0.0236995
0.0234136
0.023129
0.022829
0.0225495
0.0222562
0.0219762
0.0216833
0.0214102
0.0211084
0.0207989
0.0204272
0.0200267
0.0196204
0.0192366
0.0188543
0.0184914
0.0181356
0.0178056
0.017479
0.0171764
0.0168569
0.0165254
0.0161431
0.0156793
0.0152663
0.0147621
0.0143591
0.0138705
0.0134414
0.0129952
0.0125363
0.0121584
0.0116923
0.0113049
0.0108476
0.0104642
0.0100143
0.00965162
0.00918384
0.00879603
0.00830474
0.00790309
0.00744887
0.00702138
0.0065831
0.00612086
0.00567197
0.00524456
0.00487348
0.00478094
0.00579778
0.0100631
0.01209
0.00622507
-0.00342133
-0.0160761
-0.0278045
-0.0336277
-0.0366554
-0.0376658
-0.0368076
-0.0358518
-0.0351573
-0.0349669
-0.0351713
-0.0354876
-0.0356078
-0.0347914
-0.0319903
-0.0256153
-0.020845
-0.0219405
-0.0242503
-0.027338
-0.0288525
-0.0259552
-0.0217965
-0.015617
-0.00589689
0.00552717
0.0180027
0.0304885
0.043666
0.0587294
0.0701783
0.073783
0.0744852
0.0748403
0.0750939
0.0742167
0.07106
0.0630139
0.0526731
0.0445772
0.036251
0.0294275
0.0259051
0.0243922
0.0239184
0.0236901
0.0234101
0.0231277
0.0228286
0.0225494
0.0222562
0.0219763
0.0216834
0.0214102
0.0211085
0.0207989
0.0204272
0.0200267
0.0196205
0.0192366
0.0188544
0.0184914
0.0181357
0.0178057
0.0174791
0.0171764
0.0168569
0.0165254
0.016143
0.0156794
0.0152662
0.0147623
0.014359
0.0138705
0.0134414
0.0129952
0.0125364
0.0121584
0.0116924
0.0113048
0.0108477
0.0104641
0.0100144
0.00965155
0.00918391
0.00879595
0.00830481
0.00790303
0.00744888
0.00702136
0.00658307
0.00612088
0.00567199
0.00524463
0.00487386
0.00478239
0.00581063
)
;

boundaryField
{
    inlet
    {
        type            cyclic;
    }
    outlet
    {
        type            cyclic;
    }
    bottomWall
    {
        type            zeroGradient;
    }
    topWall
    {
        type            zeroGradient;
    }
    frontAndBack
    {
        type            empty;
    }
}


// ************************************************************************* //
