/*--------------------------------*- C++ -*----------------------------------*\
  =========                 |
  \\      /  F ield         | OpenFOAM: The Open Source CFD Toolbox
   \\    /   O peration     | Website:  https://openfoam.org
    \\  /    A nd           | Version:  11
     \\/     M anipulation  |
\*---------------------------------------------------------------------------*/
FoamFile
{
    format      ascii;
    class       volVectorField;
    location    "800";
    object      wallShearStress;
}
// * * * * * * * * * * * * * * * * * * * * * * * * * * * * * * * * * * * * * //

dimensions      [0 2 -2 0 0 0 0];

internalField   uniform (0 0 0);

boundaryField
{
    inlet
    {
        type            cyclic;
    }
    outlet
    {
        type            cyclic;
    }
    bottomWall
    {
        type            calculated;
        value           nonuniform List<vector> 
100
(
(-0.303122 -0.000121418 0)
(-0.303192 3.04467e-05 0)
(-0.302119 4.69341e-05 0)
(-0.302225 -1.31745e-05 0)
(-0.302118 -1.51137e-05 0)
(-0.303242 -6.1446e-05 0)
(-0.303168 -4.69469e-05 0)
(-0.30341 6.7002e-05 0)
(-0.302194 0.000120209 0)
(-0.301815 4.82804e-05 0)
(-0.3017 2.04758e-05 0)
(-0.301664 9.11638e-06 0)
(-0.301652 3.18564e-06 0)
(-0.301632 -5.79302e-05 0)
(-0.302069 -5.7255e-05 0)
(-0.302055 -3.8175e-05 0)
(-0.303225 -5.50937e-05 0)
(-0.30364 -2.66773e-05 0)
(-0.303738 -2.11693e-05 0)
(-0.303209 -2.66628e-05 0)
(-0.303413 -1.71676e-05 0)
(-0.303488 -7.02028e-06 0)
(-0.30352 -2.57323e-06 0)
(-0.303535 -8.23975e-07 0)
(-0.303544 -5.34647e-08 0)
(-0.303547 -2.70406e-08 0)
(-0.303545 -8.45047e-08 0)
(-0.303541 -8.97131e-08 0)
(-0.303538 1.85984e-08 0)
(-0.303536 6.05836e-08 0)
(-0.303536 5.42319e-08 0)
(-0.303536 -2.03331e-08 0)
(-0.303537 -2.39645e-07 0)
(-0.303537 -5.22837e-07 0)
(-0.303535 -6.69283e-07 0)
(-0.303532 -5.71804e-07 0)
(-0.303528 -3.21067e-07 0)
(-0.303527 -2.43246e-07 0)
(-0.303528 9.16628e-05 0)
(-0.302234 0.00013088 0)
(-0.301832 5.42562e-05 0)
(-0.301713 2.29943e-05 0)
(-0.301679 1.0377e-05 0)
(-0.301669 4.52991e-06 0)
(-0.301664 1.80085e-06 0)
(-0.301659 7.22425e-07 0)
(-0.301656 3.2857e-07 0)
(-0.301655 2.22149e-07 0)
(-0.301655 1.56966e-07 0)
(-0.301655 1.14161e-07 0)
(-0.301655 5.26473e-08 0)
(-0.301656 4.67594e-08 0)
(-0.301656 9.9381e-09 0)
(-0.301657 2.23148e-08 0)
(-0.301657 -2.51807e-09 0)
(-0.301657 2.17619e-08 0)
(-0.301657 -3.86382e-10 0)
(-0.301657 2.04324e-08 0)
(-0.301657 4.79748e-09 0)
(-0.301657 1.66724e-08 0)
(-0.301657 7.02815e-09 0)
(-0.301657 1.30362e-08 0)
(-0.301657 -2.17875e-09 0)
(-0.301657 1.00497e-08 0)
(-0.301658 -8.76247e-09 0)
(-0.301658 1.02378e-08 0)
(-0.301658 -9.02454e-09 0)
(-0.301659 1.68072e-08 0)
(-0.301659 -3.14772e-09 0)
(-0.301659 1.85708e-08 0)
(-0.301659 3.11537e-09 0)
(-0.301659 1.40133e-08 0)
(-0.301659 6.51029e-09 0)
(-0.301659 1.07441e-08 0)
(-0.301659 4.30827e-09 0)
(-0.301659 8.94472e-09 0)
(-0.301659 1.8549e-09 0)
(-0.301659 1.17978e-08 0)
(-0.301659 1.09387e-09 0)
(-0.301659 1.00838e-08 0)
(-0.301659 -1.30654e-09 0)
(-0.301659 6.97107e-09 0)
(-0.301659 -1.84703e-09 0)
(-0.30166 6.07128e-09 0)
(-0.30166 -2.24397e-09 0)
(-0.30166 6.05699e-09 0)
(-0.30166 -3.15635e-09 0)
(-0.30166 8.5737e-09 0)
(-0.30166 -5.53454e-09 0)
(-0.30166 2.78342e-09 0)
(-0.30166 -5.70454e-09 0)
(-0.30166 1.91444e-09 0)
(-0.30166 -5.13612e-09 0)
(-0.30166 3.23721e-09 0)
(-0.30166 -7.50393e-09 0)
(-0.30166 -2.60966e-09 0)
(-0.301659 -2.97748e-08 0)
(-0.301659 -8.81018e-08 0)
(-0.301657 -5.02564e-07 0)
(-0.301636 -8.56258e-05 0)
)
;
    }
    topWall
    {
        type            calculated;
        value           nonuniform List<vector> 
100
(
(-0.303478 -9.29443e-05 0)
(-0.302195 -0.000127205 0)
(-0.301822 7.49415e-06 0)
(-0.302153 3.52116e-05 0)
(-0.302107 2.94014e-05 0)
(-0.303195 5.01484e-05 0)
(-0.303601 2.42762e-05 0)
(-0.303688 1.98815e-05 0)
(-0.303203 2.60387e-05 0)
(-0.303392 1.72141e-05 0)
(-0.303453 7.25314e-06 0)
(-0.303475 2.94315e-06 0)
(-0.303484 1.11636e-06 0)
(-0.303491 1.97014e-07 0)
(-0.303499 -2.75776e-07 0)
(-0.303506 -4.71419e-07 0)
(-0.303512 -5.62715e-07 0)
(-0.303516 -3.6356e-07 0)
(-0.303516 -9.10817e-05 0)
(-0.302223 -0.000128343 0)
(-0.301826 6.89952e-06 0)
(-0.302144 3.48626e-05 0)
(-0.302092 2.88898e-05 0)
(-0.30319 4.99372e-05 0)
(-0.303595 2.40579e-05 0)
(-0.303684 1.96287e-05 0)
(-0.303201 2.56703e-05 0)
(-0.303393 1.67472e-05 0)
(-0.303459 6.81239e-06 0)
(-0.303483 2.61097e-06 0)
(-0.303494 1.0188e-06 0)
(-0.303498 2.86272e-07 0)
(-0.303499 -9.05362e-05 0)
(-0.302214 -0.000128866 0)
(-0.301836 -5.19084e-05 0)
(-0.301728 -2.11366e-05 0)
(-0.301699 -9.12601e-06 0)
(-0.30169 -3.16179e-06 0)
(-0.301672 5.77613e-05 0)
(-0.302104 5.67405e-05 0)
(-0.302083 3.76661e-05 0)
(-0.303186 5.4283e-05 0)
(-0.30359 2.5999e-05 0)
(-0.303678 2.04848e-05 0)
(-0.303191 2.60758e-05 0)
(-0.303381 1.69013e-05 0)
(-0.303445 6.83714e-06 0)
(-0.303469 2.6486e-06 0)
(-0.30348 1.05874e-06 0)
(-0.303485 4.07317e-07 0)
(-0.303487 1.44494e-07 0)
(-0.303488 4.82177e-08 0)
(-0.303489 3.67808e-09 0)
(-0.30349 -2.26582e-09 0)
(-0.30349 -1.24125e-08 0)
(-0.303491 -1.08117e-08 0)
(-0.303491 -6.96295e-09 0)
(-0.303491 5.49497e-09 0)
(-0.303491 1.36823e-08 0)
(-0.303491 1.44344e-08 0)
(-0.303491 5.99855e-09 0)
(-0.303491 -3.27176e-09 0)
(-0.303491 -1.23861e-08 0)
(-0.303491 -1.2754e-08 0)
(-0.303492 -1.95715e-08 0)
(-0.303492 -1.2301e-08 0)
(-0.303492 -1.48538e-08 0)
(-0.303492 -1.05217e-08 0)
(-0.303492 -5.94737e-09 0)
(-0.303492 6.06819e-09 0)
(-0.303492 1.5628e-08 0)
(-0.303492 1.53328e-08 0)
(-0.303492 1.31973e-08 0)
(-0.303492 -2.4431e-09 0)
(-0.303492 7.45836e-09 0)
(-0.303492 -5.01597e-09 0)
(-0.303492 6.40865e-10 0)
(-0.303492 -5.59075e-09 0)
(-0.303492 -5.93036e-09 0)
(-0.303492 1.09502e-09 0)
(-0.303492 -8.80811e-09 0)
(-0.303493 2.84271e-09 0)
(-0.303493 -6.1098e-09 0)
(-0.303493 1.35753e-09 0)
(-0.303493 -4.5728e-09 0)
(-0.303493 4.55983e-09 0)
(-0.303493 -6.82458e-09 0)
(-0.303493 5.82187e-09 0)
(-0.303493 -7.2516e-09 0)
(-0.303493 5.53993e-09 0)
(-0.303493 -2.25989e-09 0)
(-0.303493 1.99115e-09 0)
(-0.303493 9.5062e-10 0)
(-0.303493 5.53822e-10 0)
(-0.303493 -1.88502e-10 0)
(-0.303493 -3.19662e-09 0)
(-0.303493 -1.88932e-08 0)
(-0.303493 -6.14113e-08 0)
(-0.303493 -1.80408e-07 0)
(-0.303495 -2.3416e-06 0)
)
;
    }
    frontAndBack
    {
        type            empty;
    }
}


// ************************************************************************* //
