/*--------------------------------*- C++ -*----------------------------------*\
  =========                 |
  \\      /  F ield         | OpenFOAM: The Open Source CFD Toolbox
   \\    /   O peration     | Website:  https://openfoam.org
    \\  /    A nd           | Version:  11
     \\/     M anipulation  |
\*---------------------------------------------------------------------------*/
FoamFile
{
    format      ascii;
    class       volScalarField;
    location    "900";
    object      k;
}
// * * * * * * * * * * * * * * * * * * * * * * * * * * * * * * * * * * * * * //

dimensions      [0 2 -2 0 0 0 0];

internalField   nonuniform List<scalar> 
5000
(
1.11223
1.03229
1.04137
1.08048
1.0837
1.11392
1.0328
1.02844
1.04103
1.04208
1.04318
1.04363
1.04376
1.04372
1.08218
1.0844
1.11404
1.11619
1.11664
1.03352
1.02862
1.02849
1.02855
1.02857
1.02857
1.02857
1.02855
1.02854
1.02853
1.02852
1.02851
1.02852
1.02853
1.02855
1.02856
1.02857
1.02857
1.02856
1.02867
1.04079
1.0419
1.04303
1.0435
1.04365
1.04371
1.04374
1.04376
1.04378
1.04379
1.04379
1.04379
1.0438
1.0438
1.0438
1.0438
1.0438
1.0438
1.0438
1.0438
1.0438
1.0438
1.0438
1.0438
1.0438
1.0438
1.0438
1.0438
1.0438
1.04381
1.0438
1.0438
1.0438
1.0438
1.0438
1.04381
1.04381
1.04381
1.04381
1.04381
1.04381
1.04381
1.04381
1.04381
1.04381
1.04381
1.04381
1.04381
1.04381
1.04381
1.04381
1.04381
1.04381
1.04381
1.04381
1.04381
1.04381
1.04381
1.04381
1.04379
1.04377
0.945142
0.93699
0.93309
0.93755
0.938531
0.944825
0.937035
0.935776
0.933012
0.932546
0.932731
0.932876
0.93293
0.932872
0.937908
0.938773
0.944921
0.946317
0.946664
0.937519
0.935945
0.935754
0.935737
0.935732
0.935723
0.935717
0.935714
0.935715
0.935712
0.935713
0.935709
0.935709
0.935709
0.935716
0.935724
0.935732
0.935737
0.935732
0.935729
0.933019
0.932534
0.932704
0.932845
0.932902
0.932925
0.932935
0.932941
0.932943
0.932945
0.932945
0.932945
0.932945
0.932945
0.932945
0.932945
0.932945
0.932946
0.932945
0.932946
0.932946
0.932947
0.932947
0.932947
0.932948
0.932948
0.932948
0.932949
0.932949
0.932949
0.932949
0.93295
0.93295
0.93295
0.932951
0.932951
0.932951
0.932952
0.932952
0.932952
0.932953
0.932953
0.932953
0.932953
0.932953
0.932953
0.932954
0.932954
0.932954
0.932954
0.932954
0.932954
0.932954
0.932954
0.932954
0.932954
0.932954
0.932954
0.932953
0.932946
0.932886
0.88302
0.882544
0.880776
0.880796
0.880736
0.882398
0.882531
0.882612
0.880806
0.880448
0.880472
0.880536
0.880579
0.880581
0.880939
0.880871
0.882499
0.882955
0.883072
0.882783
0.882807
0.882837
0.882872
0.882895
0.882903
0.882905
0.882904
0.882903
0.8829
0.882899
0.882895
0.882895
0.882895
0.882901
0.882909
0.882917
0.882922
0.882919
0.882844
0.880938
0.880517
0.880505
0.880552
0.880585
0.880603
0.88061
0.880613
0.880613
0.880613
0.880613
0.880612
0.880612
0.880612
0.880612
0.880612
0.880611
0.880612
0.880612
0.880612
0.880612
0.880612
0.880613
0.880613
0.880613
0.880613
0.880613
0.880614
0.880614
0.880614
0.880614
0.880615
0.880615
0.880616
0.880616
0.880616
0.880616
0.880616
0.880617
0.880617
0.880617
0.880617
0.880617
0.880617
0.880617
0.880617
0.880617
0.880617
0.880617
0.880617
0.880617
0.880617
0.880617
0.880617
0.880617
0.880617
0.880617
0.880617
0.880616
0.880615
0.880614
0.836149
0.836219
0.835771
0.835511
0.835388
0.835754
0.836156
0.83631
0.835791
0.835707
0.835739
0.835787
0.835828
0.835832
0.835643
0.835501
0.835843
0.835929
0.835961
0.836292
0.836458
0.836521
0.836567
0.836601
0.83662
0.836631
0.836635
0.836636
0.836635
0.836634
0.836632
0.836632
0.836632
0.836635
0.83664
0.836645
0.836649
0.836647
0.836589
0.835969
0.835819
0.835808
0.835832
0.835858
0.835875
0.835884
0.835888
0.835889
0.83589
0.83589
0.835891
0.83589
0.83589
0.83589
0.83589
0.83589
0.83589
0.83589
0.83589
0.83589
0.83589
0.83589
0.835891
0.835891
0.835891
0.835891
0.835891
0.835892
0.835892
0.835892
0.835893
0.835893
0.835893
0.835893
0.835893
0.835893
0.835893
0.835894
0.835894
0.835894
0.835894
0.835894
0.835894
0.835894
0.835894
0.835894
0.835894
0.835894
0.835894
0.835893
0.835893
0.835893
0.835893
0.835893
0.835893
0.835893
0.835892
0.835892
0.835893
0.835884
0.793568
0.793576
0.793482
0.793354
0.793292
0.793338
0.793485
0.793549
0.793455
0.793466
0.7935
0.793541
0.793579
0.793586
0.793464
0.793388
0.793416
0.793407
0.793414
0.793574
0.793656
0.793697
0.793735
0.793768
0.793792
0.793808
0.793817
0.793822
0.793823
0.793824
0.793824
0.793825
0.793825
0.793827
0.79383
0.793833
0.793836
0.793835
0.793802
0.793645
0.793602
0.793596
0.793609
0.793628
0.793644
0.793654
0.79366
0.793664
0.793666
0.793667
0.793668
0.793668
0.793669
0.793669
0.793669
0.793669
0.793669
0.793669
0.793669
0.793669
0.793669
0.793669
0.793669
0.793669
0.793669
0.793669
0.79367
0.79367
0.79367
0.79367
0.793671
0.793671
0.793671
0.793671
0.793671
0.793671
0.793671
0.793671
0.793671
0.793671
0.793671
0.793671
0.793671
0.793671
0.793671
0.793671
0.793671
0.793671
0.793671
0.79367
0.79367
0.79367
0.79367
0.793669
0.793669
0.793669
0.793669
0.793668
0.793669
0.793651
0.753021
0.752996
0.752962
0.752905
0.752873
0.752859
0.752891
0.752907
0.7529
0.752919
0.752944
0.752976
0.753009
0.753021
0.752977
0.752945
0.752924
0.752906
0.752907
0.752959
0.752988
0.75301
0.753038
0.753067
0.753092
0.75311
0.753123
0.75313
0.753135
0.753138
0.75314
0.753141
0.753142
0.753144
0.753146
0.753148
0.75315
0.753151
0.753134
0.753091
0.753069
0.753059
0.753063
0.753076
0.753089
0.753099
0.753106
0.75311
0.753113
0.753116
0.753117
0.753118
0.753119
0.753119
0.753119
0.753119
0.753119
0.753119
0.753119
0.753119
0.753119
0.75312
0.75312
0.75312
0.75312
0.75312
0.75312
0.75312
0.753121
0.753121
0.753121
0.753121
0.753121
0.753121
0.753121
0.753121
0.753121
0.753122
0.753121
0.753121
0.753121
0.753121
0.753121
0.753121
0.753121
0.753121
0.753121
0.75312
0.75312
0.75312
0.75312
0.753119
0.753119
0.753119
0.753118
0.753118
0.753118
0.753117
0.753118
0.7531
0.713876
0.713848
0.713821
0.713786
0.713762
0.713741
0.713738
0.713737
0.713739
0.713749
0.713764
0.713788
0.713815
0.71383
0.71382
0.713808
0.71379
0.713777
0.713776
0.713791
0.7138
0.713812
0.713833
0.713857
0.71388
0.713899
0.713913
0.713923
0.71393
0.713935
0.713939
0.713941
0.713943
0.713945
0.713947
0.713949
0.713951
0.713953
0.713944
0.713925
0.713906
0.713892
0.713889
0.713896
0.713905
0.713913
0.71392
0.713926
0.713929
0.713932
0.713934
0.713936
0.713937
0.713937
0.713938
0.713938
0.713938
0.713938
0.713938
0.713938
0.713938
0.713939
0.713939
0.713939
0.713939
0.713939
0.713939
0.71394
0.71394
0.71394
0.71394
0.71394
0.71394
0.71394
0.71394
0.71394
0.71394
0.71394
0.71394
0.71394
0.71394
0.71394
0.71394
0.71394
0.713939
0.713939
0.713939
0.713939
0.713938
0.713938
0.713938
0.713937
0.713937
0.713937
0.713936
0.713936
0.713935
0.713935
0.713935
0.713922
0.675958
0.675934
0.675909
0.675882
0.675859
0.675838
0.675826
0.67582
0.675818
0.675821
0.675829
0.675845
0.675866
0.675882
0.675885
0.67588
0.67587
0.675862
0.67586
0.675863
0.675866
0.675874
0.675889
0.675909
0.675929
0.675948
0.675963
0.675974
0.675983
0.67599
0.675994
0.675998
0.676001
0.676004
0.676006
0.676008
0.67601
0.676012
0.676008
0.675995
0.675978
0.675963
0.675957
0.675958
0.675964
0.675971
0.675977
0.675982
0.675986
0.675989
0.675991
0.675993
0.675994
0.675995
0.675996
0.675996
0.675997
0.675997
0.675997
0.675997
0.675998
0.675998
0.675998
0.675998
0.675998
0.675999
0.675999
0.675999
0.675999
0.675999
0.675999
0.676
0.676
0.676
0.676
0.676
0.676
0.676
0.675999
0.675999
0.675999
0.675999
0.675999
0.675999
0.675998
0.675998
0.675998
0.675998
0.675997
0.675997
0.675996
0.675996
0.675996
0.675995
0.675995
0.675994
0.675994
0.675993
0.675993
0.675984
0.639254
0.639235
0.639214
0.639191
0.639169
0.639149
0.639135
0.639126
0.639121
0.639119
0.639122
0.639132
0.639148
0.639162
0.639169
0.639168
0.639163
0.639158
0.639156
0.639156
0.639157
0.639163
0.639173
0.639189
0.639206
0.639223
0.639238
0.63925
0.63926
0.639268
0.639274
0.639279
0.639283
0.639286
0.639288
0.639291
0.639293
0.639296
0.639294
0.639285
0.639271
0.639257
0.639249
0.639247
0.63925
0.639254
0.639259
0.639264
0.639268
0.639271
0.639274
0.639276
0.639277
0.639278
0.639279
0.63928
0.63928
0.639281
0.639281
0.639281
0.639282
0.639282
0.639282
0.639282
0.639283
0.639283
0.639283
0.639283
0.639284
0.639284
0.639284
0.639284
0.639284
0.639284
0.639284
0.639284
0.639284
0.639284
0.639284
0.639284
0.639284
0.639284
0.639283
0.639283
0.639283
0.639283
0.639282
0.639282
0.639281
0.639281
0.639281
0.63928
0.639279
0.639279
0.639278
0.639278
0.639277
0.639277
0.639277
0.63927
0.603825
0.603811
0.603793
0.603773
0.603753
0.603734
0.603719
0.603709
0.603702
0.603697
0.603697
0.603703
0.603714
0.603725
0.603732
0.603735
0.603732
0.603729
0.603727
0.603726
0.603727
0.60373
0.603738
0.60375
0.603765
0.60378
0.603794
0.603806
0.603816
0.603825
0.603832
0.603837
0.603842
0.603846
0.603849
0.603852
0.603855
0.603857
0.603857
0.603852
0.603841
0.603829
0.603821
0.603817
0.603817
0.603819
0.603823
0.603827
0.603831
0.603834
0.603836
0.603838
0.60384
0.603841
0.603843
0.603843
0.603844
0.603844
0.603845
0.603845
0.603846
0.603846
0.603846
0.603847
0.603847
0.603847
0.603848
0.603848
0.603848
0.603848
0.603849
0.603849
0.603849
0.603849
0.603849
0.603849
0.603849
0.603849
0.603849
0.603848
0.603848
0.603848
0.603848
0.603848
0.603847
0.603847
0.603847
0.603846
0.603846
0.603845
0.603845
0.603844
0.603844
0.603843
0.603843
0.603842
0.603842
0.603841
0.603841
0.603836
0.56977
0.569759
0.569745
0.569728
0.56971
0.569693
0.569678
0.569667
0.569659
0.569652
0.56965
0.569652
0.569659
0.569667
0.569674
0.569677
0.569677
0.569675
0.569673
0.569672
0.569673
0.569675
0.56968
0.56969
0.569701
0.569714
0.569727
0.569739
0.569749
0.569758
0.569765
0.569772
0.569777
0.569781
0.569785
0.569788
0.569791
0.569794
0.569795
0.569792
0.569785
0.569775
0.569767
0.569762
0.569761
0.569762
0.569764
0.569767
0.56977
0.569773
0.569775
0.569778
0.569779
0.569781
0.569782
0.569783
0.569784
0.569784
0.569785
0.569785
0.569786
0.569786
0.569787
0.569787
0.569788
0.569788
0.569788
0.569789
0.569789
0.569789
0.569789
0.569789
0.56979
0.56979
0.56979
0.56979
0.56979
0.56979
0.56979
0.569789
0.569789
0.569789
0.569789
0.569789
0.569788
0.569788
0.569788
0.569787
0.569787
0.569786
0.569786
0.569785
0.569785
0.569784
0.569783
0.569783
0.569782
0.569782
0.569782
0.569778
0.53721
0.537202
0.537191
0.537177
0.537162
0.537146
0.537132
0.53712
0.537111
0.537104
0.537099
0.537099
0.537103
0.537109
0.537114
0.537118
0.537118
0.537117
0.537116
0.537115
0.537115
0.537117
0.53712
0.537127
0.537137
0.537148
0.537159
0.53717
0.53718
0.537188
0.537196
0.537203
0.537208
0.537213
0.537217
0.537221
0.537224
0.537227
0.537229
0.537228
0.537223
0.537215
0.537208
0.537203
0.537201
0.537201
0.537202
0.537204
0.537207
0.537209
0.537211
0.537214
0.537215
0.537217
0.537218
0.537219
0.53722
0.537221
0.537221
0.537222
0.537223
0.537223
0.537224
0.537224
0.537225
0.537225
0.537225
0.537226
0.537226
0.537226
0.537227
0.537227
0.537227
0.537227
0.537227
0.537227
0.537227
0.537227
0.537227
0.537227
0.537227
0.537227
0.537227
0.537227
0.537226
0.537226
0.537226
0.537225
0.537225
0.537224
0.537224
0.537223
0.537223
0.537222
0.537221
0.537221
0.53722
0.537219
0.537219
0.537217
0.506281
0.506275
0.506266
0.506255
0.506242
0.506227
0.506214
0.506203
0.506194
0.506186
0.50618
0.506178
0.506179
0.506183
0.506187
0.50619
0.506191
0.506191
0.50619
0.506189
0.506189
0.50619
0.506192
0.506197
0.506205
0.506214
0.506224
0.506233
0.506242
0.506251
0.506258
0.506265
0.506271
0.506276
0.506281
0.506285
0.506288
0.506291
0.506294
0.506294
0.506291
0.506285
0.50628
0.506275
0.506272
0.506271
0.506271
0.506273
0.506275
0.506277
0.506279
0.506281
0.506282
0.506284
0.506285
0.506286
0.506287
0.506288
0.506289
0.506289
0.50629
0.506291
0.506291
0.506292
0.506292
0.506293
0.506293
0.506294
0.506294
0.506295
0.506295
0.506295
0.506296
0.506296
0.506296
0.506296
0.506296
0.506296
0.506296
0.506296
0.506296
0.506296
0.506296
0.506296
0.506295
0.506295
0.506295
0.506294
0.506294
0.506293
0.506293
0.506292
0.506292
0.506291
0.50629
0.50629
0.506289
0.506288
0.506288
0.506286
0.477123
0.477118
0.477111
0.477102
0.477091
0.477079
0.477067
0.477057
0.477048
0.477039
0.477033
0.477029
0.477029
0.47703
0.477033
0.477035
0.477036
0.477036
0.477035
0.477035
0.477035
0.477035
0.477037
0.477041
0.477046
0.477053
0.477062
0.47707
0.477079
0.477087
0.477094
0.4771
0.477106
0.477112
0.477116
0.47712
0.477124
0.477127
0.47713
0.477131
0.47713
0.477126
0.477121
0.477117
0.477114
0.477113
0.477113
0.477113
0.477114
0.477116
0.477118
0.477119
0.477121
0.477122
0.477124
0.477125
0.477126
0.477127
0.477128
0.477128
0.477129
0.47713
0.477131
0.477131
0.477132
0.477132
0.477133
0.477134
0.477134
0.477134
0.477135
0.477135
0.477136
0.477136
0.477136
0.477136
0.477136
0.477137
0.477137
0.477137
0.477137
0.477137
0.477137
0.477136
0.477136
0.477136
0.477136
0.477135
0.477135
0.477134
0.477134
0.477133
0.477133
0.477132
0.477131
0.47713
0.47713
0.477129
0.477129
0.477127
0.449879
0.449875
0.449869
0.449862
0.449853
0.449842
0.449832
0.449822
0.449813
0.449805
0.449798
0.449794
0.449791
0.449791
0.449793
0.449794
0.449795
0.449795
0.449795
0.449794
0.449794
0.449794
0.449795
0.449798
0.449802
0.449807
0.449814
0.449822
0.449829
0.449836
0.449843
0.44985
0.449855
0.449861
0.449865
0.449869
0.449873
0.449877
0.449879
0.449881
0.449881
0.449879
0.449875
0.449872
0.449869
0.449867
0.449867
0.449867
0.449868
0.449869
0.44987
0.449872
0.449873
0.449874
0.449875
0.449877
0.449878
0.449878
0.449879
0.44988
0.449881
0.449882
0.449883
0.449883
0.449884
0.449885
0.449885
0.449886
0.449887
0.449887
0.449888
0.449888
0.449889
0.449889
0.449889
0.44989
0.44989
0.44989
0.44989
0.44989
0.44989
0.44989
0.44989
0.44989
0.44989
0.44989
0.44989
0.449889
0.449889
0.449889
0.449888
0.449887
0.449887
0.449886
0.449885
0.449885
0.449884
0.449883
0.449883
0.449881
0.424684
0.424681
0.424676
0.42467
0.424663
0.424654
0.424645
0.424636
0.424628
0.42462
0.424613
0.424608
0.424605
0.424603
0.424604
0.424604
0.424605
0.424605
0.424604
0.424604
0.424603
0.424603
0.424604
0.424606
0.424608
0.424613
0.424619
0.424625
0.424631
0.424638
0.424644
0.42465
0.424655
0.42466
0.424665
0.424669
0.424673
0.424676
0.424679
0.424682
0.424682
0.424681
0.424679
0.424676
0.424674
0.424672
0.424671
0.424671
0.424671
0.424672
0.424673
0.424674
0.424675
0.424676
0.424677
0.424678
0.424679
0.42468
0.424681
0.424682
0.424683
0.424684
0.424685
0.424686
0.424686
0.424687
0.424688
0.424689
0.424689
0.42469
0.424691
0.424691
0.424692
0.424692
0.424693
0.424693
0.424693
0.424694
0.424694
0.424694
0.424694
0.424695
0.424695
0.424695
0.424695
0.424695
0.424694
0.424694
0.424694
0.424693
0.424693
0.424692
0.424691
0.424691
0.42469
0.424689
0.424689
0.424688
0.424687
0.424686
0.401668
0.401665
0.401662
0.401657
0.401651
0.401643
0.401636
0.401628
0.40162
0.401613
0.401606
0.401601
0.401597
0.401594
0.401594
0.401593
0.401593
0.401593
0.401593
0.401592
0.401592
0.401591
0.401592
0.401593
0.401595
0.401598
0.401603
0.401608
0.401613
0.401619
0.401624
0.40163
0.401635
0.40164
0.401644
0.401648
0.401652
0.401655
0.401658
0.401661
0.401662
0.401662
0.40166
0.401658
0.401656
0.401655
0.401654
0.401653
0.401653
0.401654
0.401654
0.401655
0.401656
0.401657
0.401658
0.401659
0.40166
0.401661
0.401662
0.401663
0.401664
0.401665
0.401666
0.401666
0.401667
0.401668
0.401669
0.40167
0.401671
0.401672
0.401672
0.401673
0.401674
0.401674
0.401675
0.401675
0.401676
0.401676
0.401677
0.401677
0.401677
0.401678
0.401678
0.401678
0.401678
0.401678
0.401678
0.401678
0.401677
0.401677
0.401676
0.401676
0.401675
0.401674
0.401674
0.401673
0.401672
0.401672
0.401671
0.40167
0.380947
0.380945
0.380942
0.380939
0.380934
0.380927
0.380921
0.380914
0.380907
0.3809
0.380893
0.380888
0.380884
0.380881
0.380879
0.380878
0.380877
0.380877
0.380876
0.380876
0.380875
0.380875
0.380875
0.380875
0.380877
0.380879
0.380883
0.380887
0.380891
0.380896
0.380901
0.380906
0.380911
0.380915
0.380919
0.380923
0.380927
0.38093
0.380933
0.380936
0.380937
0.380937
0.380937
0.380935
0.380934
0.380932
0.380931
0.380931
0.38093
0.380931
0.380931
0.380932
0.380932
0.380933
0.380934
0.380935
0.380936
0.380937
0.380938
0.380939
0.38094
0.380941
0.380942
0.380943
0.380944
0.380945
0.380946
0.380947
0.380948
0.380949
0.380949
0.38095
0.380951
0.380952
0.380952
0.380953
0.380954
0.380954
0.380955
0.380955
0.380956
0.380956
0.380956
0.380956
0.380957
0.380957
0.380957
0.380956
0.380956
0.380956
0.380955
0.380955
0.380954
0.380953
0.380953
0.380952
0.380951
0.380951
0.38095
0.380949
0.362624
0.362622
0.36262
0.362617
0.362612
0.362607
0.362602
0.362596
0.362589
0.362583
0.362577
0.362572
0.362567
0.362564
0.362561
0.36256
0.362559
0.362558
0.362557
0.362556
0.362556
0.362555
0.362555
0.362555
0.362556
0.362558
0.362561
0.362564
0.362567
0.362571
0.362576
0.36258
0.362584
0.362588
0.362592
0.362596
0.362599
0.362602
0.362605
0.362608
0.362609
0.36261
0.36261
0.362609
0.362608
0.362607
0.362606
0.362605
0.362605
0.362605
0.362605
0.362605
0.362606
0.362606
0.362607
0.362608
0.362608
0.362609
0.36261
0.362611
0.362612
0.362613
0.362615
0.362616
0.362617
0.362618
0.362619
0.36262
0.362621
0.362622
0.362623
0.362624
0.362625
0.362626
0.362627
0.362628
0.362628
0.362629
0.36263
0.36263
0.362631
0.362631
0.362632
0.362632
0.362632
0.362632
0.362632
0.362632
0.362632
0.362632
0.362631
0.362631
0.36263
0.36263
0.362629
0.362628
0.362627
0.362627
0.362626
0.362625
0.346782
0.346781
0.346779
0.346776
0.346773
0.346769
0.346764
0.346759
0.346753
0.346748
0.346742
0.346737
0.346732
0.346728
0.346726
0.346723
0.346722
0.346721
0.34672
0.346719
0.346718
0.346718
0.346717
0.346717
0.346718
0.346719
0.346721
0.346723
0.346726
0.34673
0.346733
0.346737
0.34674
0.346744
0.346747
0.346751
0.346754
0.346757
0.346759
0.346762
0.346764
0.346765
0.346765
0.346765
0.346764
0.346763
0.346762
0.346762
0.346761
0.346761
0.346761
0.346761
0.346761
0.346761
0.346762
0.346763
0.346763
0.346764
0.346765
0.346766
0.346767
0.346769
0.34677
0.346771
0.346772
0.346774
0.346775
0.346776
0.346777
0.346779
0.34678
0.346781
0.346782
0.346783
0.346784
0.346785
0.346786
0.346786
0.346787
0.346788
0.346788
0.346789
0.34679
0.34679
0.34679
0.34679
0.34679
0.34679
0.34679
0.34679
0.34679
0.346789
0.346789
0.346788
0.346787
0.346787
0.346786
0.346785
0.346785
0.346784
0.333492
0.33349
0.333489
0.333487
0.333484
0.333481
0.333476
0.333472
0.333467
0.333462
0.333457
0.333452
0.333447
0.333443
0.33344
0.333438
0.333436
0.333434
0.333433
0.333432
0.333431
0.333431
0.33343
0.33343
0.33343
0.333431
0.333432
0.333434
0.333436
0.333439
0.333442
0.333445
0.333448
0.333451
0.333454
0.333457
0.33346
0.333462
0.333465
0.333467
0.333469
0.333471
0.333471
0.333471
0.333471
0.33347
0.333469
0.333469
0.333468
0.333467
0.333467
0.333467
0.333467
0.333468
0.333468
0.333469
0.333469
0.33347
0.333471
0.333472
0.333473
0.333475
0.333476
0.333477
0.333479
0.33348
0.333482
0.333483
0.333484
0.333486
0.333487
0.333488
0.333489
0.33349
0.333492
0.333493
0.333494
0.333494
0.333495
0.333496
0.333497
0.333498
0.333498
0.333499
0.333499
0.333499
0.333499
0.333499
0.333499
0.333499
0.333499
0.333498
0.333498
0.333497
0.333497
0.333496
0.333495
0.333494
0.333494
0.333493
0.322804
0.322803
0.322802
0.3228
0.322798
0.322795
0.322791
0.322788
0.322783
0.322779
0.322774
0.322769
0.322764
0.32276
0.322757
0.322754
0.322752
0.32275
0.322749
0.322748
0.322747
0.322747
0.322746
0.322746
0.322746
0.322746
0.322747
0.322748
0.32275
0.322752
0.322754
0.322756
0.322759
0.322762
0.322764
0.322767
0.322769
0.322772
0.322774
0.322776
0.322778
0.32278
0.32278
0.322781
0.32278
0.32278
0.322779
0.322779
0.322778
0.322777
0.322777
0.322777
0.322777
0.322777
0.322777
0.322778
0.322778
0.322779
0.32278
0.322781
0.322783
0.322784
0.322785
0.322787
0.322788
0.32279
0.322792
0.322793
0.322795
0.322796
0.322797
0.322799
0.3228
0.322801
0.322803
0.322804
0.322805
0.322806
0.322807
0.322808
0.322809
0.322809
0.32281
0.322811
0.322811
0.322811
0.322812
0.322812
0.322812
0.322811
0.322811
0.322811
0.32281
0.32281
0.322809
0.322808
0.322808
0.322807
0.322806
0.322805
0.314758
0.314757
0.314756
0.314754
0.314752
0.31475
0.314747
0.314743
0.31474
0.314735
0.314731
0.314726
0.314722
0.314718
0.314714
0.314711
0.314709
0.314707
0.314706
0.314705
0.314704
0.314703
0.314703
0.314702
0.314702
0.314702
0.314703
0.314704
0.314705
0.314706
0.314707
0.314709
0.314711
0.314713
0.314716
0.314718
0.31472
0.314722
0.314724
0.314726
0.314728
0.31473
0.314731
0.314731
0.314731
0.314731
0.31473
0.314729
0.314729
0.314728
0.314727
0.314727
0.314727
0.314727
0.314727
0.314728
0.314728
0.314729
0.31473
0.314732
0.314733
0.314734
0.314736
0.314738
0.314739
0.314741
0.314743
0.314744
0.314746
0.314748
0.314749
0.314751
0.314752
0.314753
0.314755
0.314756
0.314757
0.314758
0.314759
0.31476
0.314761
0.314762
0.314763
0.314764
0.314764
0.314764
0.314765
0.314765
0.314765
0.314765
0.314765
0.314764
0.314764
0.314763
0.314762
0.314762
0.314761
0.31476
0.31476
0.314759
0.309378
0.309377
0.309376
0.309375
0.309373
0.309371
0.309368
0.309365
0.309362
0.309358
0.309353
0.309349
0.309345
0.309341
0.309337
0.309334
0.309332
0.30933
0.309328
0.309327
0.309326
0.309326
0.309325
0.309325
0.309325
0.309325
0.309325
0.309325
0.309326
0.309326
0.309327
0.309329
0.30933
0.309332
0.309334
0.309336
0.309337
0.309339
0.309341
0.309343
0.309345
0.309346
0.309347
0.309348
0.309348
0.309348
0.309347
0.309346
0.309346
0.309345
0.309344
0.309344
0.309344
0.309344
0.309344
0.309344
0.309345
0.309346
0.309347
0.309349
0.30935
0.309352
0.309354
0.309355
0.309357
0.309359
0.309361
0.309363
0.309364
0.309366
0.309368
0.309369
0.309371
0.309372
0.309374
0.309375
0.309376
0.309377
0.309379
0.30938
0.309381
0.309381
0.309382
0.309383
0.309384
0.309384
0.309384
0.309385
0.309385
0.309385
0.309384
0.309384
0.309384
0.309383
0.309382
0.309382
0.309381
0.30938
0.30938
0.309379
0.306679
0.306679
0.306678
0.306677
0.306675
0.306673
0.306671
0.306668
0.306665
0.306661
0.306657
0.306652
0.306648
0.306644
0.306641
0.306638
0.306635
0.306633
0.306632
0.306631
0.30663
0.30663
0.30663
0.306629
0.306629
0.306629
0.306628
0.306628
0.306628
0.306629
0.306629
0.30663
0.306631
0.306632
0.306634
0.306635
0.306637
0.306639
0.30664
0.306642
0.306644
0.306645
0.306646
0.306647
0.306647
0.306647
0.306646
0.306645
0.306644
0.306644
0.306643
0.306642
0.306642
0.306642
0.306642
0.306643
0.306644
0.306645
0.306646
0.306648
0.306649
0.306651
0.306653
0.306655
0.306657
0.306659
0.306661
0.306663
0.306665
0.306666
0.306668
0.30667
0.306671
0.306673
0.306674
0.306676
0.306677
0.306678
0.30668
0.306681
0.306682
0.306683
0.306684
0.306684
0.306685
0.306685
0.306686
0.306686
0.306686
0.306686
0.306686
0.306686
0.306685
0.306685
0.306684
0.306683
0.306683
0.306682
0.306681
0.30668
0.306681
0.306681
0.30668
0.306679
0.306677
0.306675
0.306673
0.30667
0.306667
0.306664
0.306659
0.306655
0.306651
0.306647
0.306644
0.306641
0.306638
0.306637
0.306635
0.306635
0.306634
0.306634
0.306633
0.306633
0.306633
0.306632
0.306632
0.306632
0.306631
0.306631
0.306631
0.306631
0.306632
0.306633
0.306634
0.306635
0.306637
0.306638
0.30664
0.306641
0.306643
0.306644
0.306645
0.306646
0.306646
0.306646
0.306645
0.306644
0.306643
0.306642
0.306642
0.306641
0.306641
0.306641
0.306641
0.306642
0.306643
0.306644
0.306646
0.306648
0.306649
0.306651
0.306653
0.306655
0.306657
0.306659
0.306661
0.306663
0.306665
0.306667
0.306669
0.306671
0.306672
0.306674
0.306676
0.306677
0.306678
0.30668
0.306681
0.306682
0.306683
0.306684
0.306685
0.306686
0.306686
0.306687
0.306687
0.306688
0.306688
0.306688
0.306687
0.306687
0.306687
0.306686
0.306686
0.306685
0.306684
0.306684
0.306683
0.306682
0.309383
0.309383
0.309382
0.309381
0.309379
0.309378
0.309375
0.309373
0.309369
0.309366
0.309361
0.309357
0.309353
0.309349
0.309346
0.309343
0.309341
0.309339
0.309338
0.309338
0.309338
0.309337
0.309337
0.309337
0.309336
0.309336
0.309335
0.309334
0.309334
0.309333
0.309333
0.309333
0.309333
0.309334
0.309334
0.309336
0.309337
0.309338
0.30934
0.309341
0.309342
0.309344
0.309344
0.309345
0.309345
0.309345
0.309344
0.309343
0.309342
0.309341
0.309341
0.30934
0.30934
0.30934
0.309341
0.309342
0.309343
0.309344
0.309346
0.309348
0.30935
0.309352
0.309354
0.309356
0.309358
0.309361
0.309363
0.309365
0.309367
0.309369
0.309371
0.309372
0.309374
0.309376
0.309377
0.309379
0.30938
0.309381
0.309383
0.309384
0.309385
0.309386
0.309387
0.309388
0.309388
0.309389
0.309389
0.309389
0.309389
0.309389
0.309389
0.309389
0.309389
0.309388
0.309387
0.309387
0.309386
0.309385
0.309385
0.309384
0.314767
0.314766
0.314765
0.314764
0.314763
0.314761
0.314759
0.314756
0.314752
0.314748
0.314744
0.31474
0.314736
0.314732
0.314729
0.314726
0.314724
0.314723
0.314722
0.314722
0.314722
0.314722
0.314722
0.314722
0.314721
0.314721
0.31472
0.314719
0.314717
0.314716
0.314716
0.314715
0.314715
0.314716
0.314717
0.314718
0.314719
0.31472
0.314721
0.314723
0.314724
0.314725
0.314726
0.314726
0.314726
0.314725
0.314725
0.314724
0.314723
0.314722
0.314721
0.314721
0.314721
0.314721
0.314722
0.314723
0.314725
0.314726
0.314728
0.31473
0.314732
0.314735
0.314737
0.314739
0.314742
0.314744
0.314746
0.314748
0.31475
0.314752
0.314754
0.314756
0.314758
0.314759
0.314761
0.314762
0.314764
0.314765
0.314766
0.314767
0.314768
0.314769
0.31477
0.314771
0.314772
0.314772
0.314773
0.314773
0.314773
0.314773
0.314773
0.314772
0.314772
0.314772
0.314771
0.31477
0.31477
0.314769
0.314768
0.314768
0.322817
0.322816
0.322815
0.322814
0.322813
0.322811
0.322808
0.322805
0.322801
0.322797
0.322793
0.322788
0.322784
0.32278
0.322777
0.322775
0.322774
0.322773
0.322772
0.322773
0.322773
0.322773
0.322773
0.322773
0.322772
0.322771
0.32277
0.322768
0.322767
0.322766
0.322765
0.322764
0.322764
0.322764
0.322765
0.322766
0.322767
0.322768
0.322769
0.322771
0.322772
0.322773
0.322773
0.322773
0.322773
0.322773
0.322772
0.322771
0.32277
0.322769
0.322768
0.322768
0.322768
0.322769
0.32277
0.322771
0.322773
0.322775
0.322777
0.32278
0.322782
0.322784
0.322787
0.322789
0.322792
0.322794
0.322796
0.322798
0.3228
0.322802
0.322804
0.322806
0.322808
0.322809
0.322811
0.322812
0.322814
0.322815
0.322816
0.322817
0.322818
0.322819
0.32282
0.322821
0.322822
0.322822
0.322822
0.322823
0.322823
0.322823
0.322823
0.322822
0.322822
0.322821
0.322821
0.32282
0.322819
0.322819
0.322818
0.322818
0.333508
0.333507
0.333506
0.333505
0.333503
0.333501
0.333498
0.333494
0.33349
0.333485
0.333481
0.333476
0.333472
0.333469
0.333466
0.333464
0.333463
0.333463
0.333463
0.333464
0.333464
0.333465
0.333465
0.333464
0.333464
0.333462
0.33346
0.333459
0.333457
0.333455
0.333454
0.333453
0.333453
0.333454
0.333454
0.333455
0.333456
0.333457
0.333459
0.33346
0.333461
0.333461
0.333462
0.333462
0.333461
0.333461
0.333459
0.333458
0.333457
0.333456
0.333456
0.333456
0.333456
0.333457
0.333459
0.333461
0.333463
0.333465
0.333468
0.33347
0.333473
0.333475
0.333478
0.33348
0.333483
0.333485
0.333488
0.33349
0.333492
0.333494
0.333496
0.333497
0.333499
0.333501
0.333502
0.333504
0.333505
0.333506
0.333507
0.333508
0.333509
0.33351
0.333511
0.333512
0.333512
0.333513
0.333513
0.333513
0.333513
0.333513
0.333513
0.333513
0.333512
0.333512
0.333511
0.333511
0.33351
0.333509
0.333509
0.333508
0.346801
0.346801
0.3468
0.346798
0.346796
0.346793
0.34679
0.346785
0.34678
0.346776
0.346771
0.346766
0.346762
0.346759
0.346757
0.346755
0.346755
0.346755
0.346756
0.346757
0.346758
0.346759
0.346759
0.346758
0.346757
0.346755
0.346753
0.346751
0.346749
0.346747
0.346746
0.346745
0.346745
0.346746
0.346747
0.346748
0.346749
0.34675
0.346751
0.346752
0.346753
0.346753
0.346754
0.346753
0.346752
0.346751
0.34675
0.346749
0.346747
0.346747
0.346747
0.346747
0.346748
0.346749
0.346751
0.346754
0.346756
0.346759
0.346762
0.346764
0.346767
0.34677
0.346773
0.346775
0.346778
0.34678
0.346782
0.346785
0.346787
0.346789
0.34679
0.346792
0.346794
0.346795
0.346797
0.346798
0.346799
0.3468
0.346801
0.346802
0.346803
0.346804
0.346805
0.346806
0.346806
0.346806
0.346807
0.346807
0.346807
0.346807
0.346807
0.346806
0.346806
0.346805
0.346805
0.346804
0.346804
0.346803
0.346802
0.346802
0.362645
0.362645
0.362644
0.362642
0.362639
0.362636
0.362632
0.362627
0.362621
0.362616
0.362611
0.362606
0.362602
0.362599
0.362597
0.362597
0.362597
0.362598
0.362599
0.362601
0.362603
0.362603
0.362603
0.362602
0.362601
0.362599
0.362596
0.362593
0.362591
0.362589
0.362588
0.362587
0.362587
0.362588
0.362589
0.362591
0.362592
0.362593
0.362594
0.362595
0.362595
0.362596
0.362596
0.362595
0.362594
0.362593
0.362591
0.36259
0.362588
0.362588
0.362588
0.362589
0.36259
0.362592
0.362595
0.362598
0.362601
0.362604
0.362607
0.36261
0.362613
0.362616
0.362618
0.362621
0.362623
0.362626
0.362628
0.36263
0.362632
0.362634
0.362636
0.362638
0.362639
0.36264
0.362642
0.362643
0.362644
0.362645
0.362646
0.362647
0.362648
0.362649
0.362649
0.36265
0.36265
0.362651
0.362651
0.362651
0.362651
0.362651
0.362651
0.362651
0.36265
0.36265
0.362649
0.362648
0.362648
0.362647
0.362646
0.362646
0.380972
0.380971
0.38097
0.380967
0.380964
0.38096
0.380955
0.380949
0.380943
0.380937
0.380932
0.380927
0.380923
0.380921
0.38092
0.38092
0.380921
0.380923
0.380925
0.380927
0.380929
0.38093
0.380929
0.380928
0.380926
0.380923
0.38092
0.380917
0.380914
0.380912
0.380911
0.38091
0.380911
0.380913
0.380914
0.380916
0.380917
0.380918
0.380919
0.38092
0.38092
0.38092
0.38092
0.380919
0.380917
0.380916
0.380914
0.380912
0.380911
0.380911
0.380912
0.380913
0.380915
0.380918
0.380921
0.380924
0.380928
0.380931
0.380935
0.380938
0.380941
0.380944
0.380947
0.380949
0.380952
0.380954
0.380956
0.380958
0.38096
0.380962
0.380964
0.380965
0.380967
0.380968
0.380969
0.38097
0.380971
0.380972
0.380973
0.380974
0.380975
0.380976
0.380976
0.380977
0.380977
0.380977
0.380977
0.380978
0.380977
0.380977
0.380977
0.380977
0.380976
0.380976
0.380975
0.380975
0.380974
0.380973
0.380973
0.380972
0.401695
0.401694
0.401692
0.40169
0.401686
0.40168
0.401674
0.401667
0.40166
0.401654
0.401649
0.401644
0.401641
0.401639
0.401638
0.401639
0.401641
0.401644
0.401647
0.40165
0.401652
0.401653
0.401652
0.40165
0.401647
0.401643
0.40164
0.401637
0.401634
0.401631
0.40163
0.401631
0.401632
0.401634
0.401636
0.401637
0.401638
0.401639
0.40164
0.401641
0.401642
0.401642
0.401641
0.401639
0.401637
0.401635
0.401633
0.401632
0.401631
0.401631
0.401632
0.401635
0.401637
0.401641
0.401645
0.401649
0.401652
0.401656
0.40166
0.401663
0.401666
0.401669
0.401672
0.401675
0.401677
0.401679
0.401681
0.401683
0.401685
0.401687
0.401689
0.40169
0.401691
0.401692
0.401694
0.401695
0.401696
0.401696
0.401697
0.401698
0.401699
0.401699
0.4017
0.4017
0.4017
0.401701
0.401701
0.401701
0.401701
0.4017
0.4017
0.4017
0.401699
0.401699
0.401698
0.401698
0.401697
0.401696
0.401696
0.401695
0.424713
0.424712
0.42471
0.424707
0.424701
0.424695
0.424688
0.424679
0.424672
0.424665
0.42466
0.424655
0.424652
0.424652
0.424652
0.424654
0.424657
0.424661
0.424665
0.424669
0.424671
0.424671
0.424669
0.424666
0.424663
0.424658
0.424654
0.42465
0.424647
0.424645
0.424645
0.424645
0.424648
0.42465
0.424653
0.424654
0.424655
0.424656
0.424657
0.424658
0.424659
0.424658
0.424657
0.424655
0.424652
0.42465
0.424648
0.424646
0.424646
0.424646
0.424648
0.424652
0.424655
0.42466
0.424664
0.424668
0.424673
0.424677
0.42468
0.424684
0.424687
0.42469
0.424693
0.424695
0.424698
0.4247
0.424702
0.424704
0.424706
0.424707
0.424709
0.42471
0.424711
0.424712
0.424713
0.424714
0.424715
0.424716
0.424716
0.424717
0.424717
0.424718
0.424718
0.424719
0.424719
0.424719
0.424719
0.424719
0.424719
0.424719
0.424718
0.424718
0.424717
0.424717
0.424716
0.424716
0.424715
0.424715
0.424714
0.424713
0.44991
0.449909
0.449906
0.449902
0.449895
0.449887
0.449878
0.449869
0.449861
0.449854
0.449849
0.449845
0.449843
0.449843
0.449845
0.449848
0.449853
0.449857
0.449862
0.449866
0.449868
0.449867
0.449865
0.44986
0.449856
0.44985
0.449846
0.449842
0.449839
0.449837
0.449837
0.449839
0.449842
0.449846
0.449849
0.44985
0.449851
0.449852
0.449853
0.449854
0.449854
0.449853
0.449851
0.449848
0.449845
0.449843
0.44984
0.449839
0.449839
0.449841
0.449844
0.449848
0.449853
0.449858
0.449863
0.449868
0.449872
0.449877
0.44988
0.449884
0.449887
0.44989
0.449893
0.449895
0.449898
0.4499
0.449901
0.449903
0.449905
0.449906
0.449907
0.449909
0.44991
0.449911
0.449911
0.449912
0.449913
0.449914
0.449914
0.449915
0.449915
0.449915
0.449916
0.449916
0.449916
0.449916
0.449916
0.449916
0.449916
0.449915
0.449915
0.449915
0.449914
0.449914
0.449913
0.449913
0.449912
0.449911
0.449911
0.44991
0.477157
0.477156
0.477152
0.477146
0.477138
0.477128
0.477118
0.477108
0.477099
0.477092
0.477087
0.477084
0.477083
0.477085
0.477088
0.477093
0.477099
0.477104
0.47711
0.477114
0.477115
0.477114
0.47711
0.477104
0.477098
0.477092
0.477087
0.477083
0.47708
0.477079
0.47708
0.477083
0.477088
0.477092
0.477095
0.477096
0.477097
0.477098
0.477099
0.4771
0.4771
0.477098
0.477095
0.477091
0.477088
0.477085
0.477083
0.477082
0.477083
0.477086
0.47709
0.477095
0.477101
0.477107
0.477113
0.477118
0.477123
0.477127
0.477131
0.477135
0.477138
0.477141
0.477143
0.477145
0.477147
0.477149
0.477151
0.477153
0.477154
0.477155
0.477156
0.477157
0.477158
0.477159
0.47716
0.47716
0.477161
0.477162
0.477162
0.477162
0.477163
0.477163
0.477163
0.477163
0.477163
0.477163
0.477163
0.477163
0.477163
0.477163
0.477162
0.477162
0.477161
0.477161
0.47716
0.47716
0.477159
0.477159
0.477158
0.477157
0.506317
0.506315
0.506311
0.506303
0.506293
0.506281
0.506269
0.506258
0.506249
0.506243
0.506238
0.506236
0.506237
0.50624
0.506245
0.506252
0.506259
0.506265
0.506272
0.506275
0.506276
0.506272
0.506267
0.506259
0.506252
0.506245
0.50624
0.506236
0.506234
0.506233
0.506236
0.50624
0.506246
0.506251
0.506254
0.506255
0.506255
0.506257
0.506258
0.506259
0.506258
0.506255
0.506251
0.506247
0.506243
0.50624
0.506238
0.506238
0.50624
0.506244
0.50625
0.506256
0.506263
0.50627
0.506276
0.506282
0.506287
0.506291
0.506295
0.506299
0.506302
0.506304
0.506307
0.506309
0.506311
0.506312
0.506314
0.506315
0.506316
0.506317
0.506318
0.506319
0.50632
0.506321
0.506321
0.506322
0.506322
0.506323
0.506323
0.506323
0.506323
0.506324
0.506324
0.506324
0.506324
0.506324
0.506324
0.506323
0.506323
0.506323
0.506322
0.506322
0.506322
0.506321
0.50632
0.50632
0.506319
0.506319
0.506318
0.506317
0.537248
0.537246
0.53724
0.53723
0.537217
0.537203
0.53719
0.537178
0.53717
0.537164
0.53716
0.53716
0.537163
0.537168
0.537176
0.537184
0.537192
0.537199
0.537206
0.537209
0.537207
0.537202
0.537194
0.537185
0.537176
0.537169
0.537163
0.53716
0.537158
0.537159
0.537164
0.53717
0.537178
0.537183
0.537186
0.537186
0.537186
0.537187
0.537189
0.537189
0.537187
0.537183
0.537178
0.537173
0.537169
0.537166
0.537165
0.537165
0.537169
0.537175
0.537182
0.53719
0.537198
0.537206
0.537212
0.537218
0.537223
0.537227
0.537231
0.537234
0.537237
0.53724
0.537242
0.537244
0.537245
0.537247
0.537248
0.537249
0.53725
0.537251
0.537252
0.537253
0.537253
0.537254
0.537254
0.537255
0.537255
0.537255
0.537256
0.537256
0.537256
0.537256
0.537256
0.537256
0.537256
0.537256
0.537256
0.537255
0.537255
0.537255
0.537254
0.537254
0.537253
0.537253
0.537252
0.537252
0.537251
0.537251
0.53725
0.537249
0.569811
0.569808
0.5698
0.569787
0.569771
0.569754
0.56974
0.569728
0.569721
0.569716
0.569714
0.569715
0.569721
0.569729
0.569738
0.569748
0.569757
0.569765
0.569771
0.569774
0.56977
0.569762
0.569751
0.569739
0.56973
0.569722
0.569717
0.569714
0.569714
0.569717
0.569723
0.569732
0.569741
0.569747
0.569748
0.569747
0.569746
0.569748
0.56975
0.569751
0.569747
0.569741
0.569735
0.56973
0.569725
0.569723
0.569722
0.569724
0.56973
0.569738
0.569747
0.569757
0.569766
0.569773
0.56978
0.569786
0.569791
0.569795
0.569798
0.569801
0.569804
0.569806
0.569808
0.569809
0.569811
0.569812
0.569813
0.569814
0.569815
0.569816
0.569816
0.569817
0.569817
0.569818
0.569818
0.569818
0.569819
0.569819
0.569819
0.569819
0.569819
0.569819
0.569819
0.569819
0.569819
0.569819
0.569819
0.569818
0.569818
0.569818
0.569817
0.569817
0.569816
0.569816
0.569815
0.569815
0.569814
0.569814
0.569813
0.569812
0.60387
0.603866
0.603855
0.603838
0.603818
0.603799
0.603784
0.603774
0.603767
0.603764
0.603764
0.603768
0.603777
0.603788
0.603799
0.60381
0.60382
0.603829
0.603834
0.603835
0.603828
0.603816
0.603802
0.603788
0.603778
0.603771
0.603767
0.603765
0.603766
0.603771
0.60378
0.603792
0.603802
0.603807
0.603807
0.603804
0.603804
0.603806
0.603809
0.603808
0.603803
0.603795
0.603787
0.603782
0.603778
0.603776
0.603776
0.60378
0.603788
0.603799
0.60381
0.603821
0.60383
0.603839
0.603845
0.603851
0.603855
0.603859
0.603862
0.603864
0.603867
0.603868
0.60387
0.603871
0.603872
0.603873
0.603874
0.603875
0.603876
0.603876
0.603877
0.603877
0.603878
0.603878
0.603878
0.603878
0.603879
0.603879
0.603879
0.603879
0.603879
0.603879
0.603879
0.603879
0.603878
0.603878
0.603878
0.603878
0.603877
0.603877
0.603877
0.603876
0.603876
0.603875
0.603875
0.603874
0.603874
0.603873
0.603873
0.603871
0.639305
0.639299
0.639284
0.639262
0.639239
0.639217
0.639202
0.639194
0.63919
0.639188
0.63919
0.639198
0.63921
0.639224
0.639238
0.63925
0.63926
0.639269
0.639273
0.639271
0.63926
0.639244
0.639227
0.639211
0.6392
0.639195
0.639192
0.639191
0.639194
0.639202
0.639214
0.639229
0.63924
0.639243
0.639241
0.639237
0.639237
0.639241
0.639244
0.639241
0.639234
0.639222
0.639214
0.639208
0.639206
0.639204
0.639206
0.639213
0.639224
0.639237
0.63925
0.639262
0.639272
0.63928
0.639286
0.639291
0.639295
0.639298
0.639301
0.639303
0.639305
0.639306
0.639307
0.639308
0.639309
0.63931
0.639311
0.639311
0.639312
0.639312
0.639313
0.639313
0.639313
0.639313
0.639314
0.639314
0.639314
0.639314
0.639314
0.639314
0.639314
0.639314
0.639314
0.639314
0.639313
0.639313
0.639313
0.639313
0.639312
0.639312
0.639312
0.639311
0.639311
0.63931
0.63931
0.639309
0.639309
0.639308
0.639308
0.639306
0.676017
0.676009
0.675989
0.67596
0.675933
0.675909
0.675895
0.675889
0.67589
0.675891
0.675896
0.675909
0.675925
0.675942
0.675957
0.67597
0.67598
0.675988
0.675989
0.675983
0.675968
0.675946
0.675927
0.675908
0.675897
0.675893
0.675894
0.675895
0.6759
0.675912
0.675929
0.675946
0.675956
0.675957
0.675953
0.675948
0.675949
0.675956
0.675959
0.675952
0.675941
0.675925
0.675914
0.67591
0.675911
0.67591
0.675914
0.675925
0.67594
0.675956
0.67597
0.675983
0.675992
0.676
0.676005
0.676009
0.676013
0.676015
0.676017
0.676019
0.67602
0.676021
0.676022
0.676023
0.676023
0.676024
0.676024
0.676025
0.676025
0.676026
0.676026
0.676026
0.676026
0.676026
0.676026
0.676027
0.676027
0.676027
0.676027
0.676027
0.676027
0.676026
0.676026
0.676026
0.676026
0.676026
0.676026
0.676025
0.676025
0.676025
0.676024
0.676024
0.676024
0.676023
0.676023
0.676022
0.676022
0.676021
0.676021
0.676018
0.713949
0.713938
0.713914
0.713871
0.71384
0.713815
0.713799
0.713798
0.713812
0.713818
0.713827
0.713844
0.713865
0.713885
0.713901
0.713913
0.713923
0.71393
0.713926
0.713914
0.713897
0.713863
0.713839
0.713818
0.713805
0.713803
0.713817
0.713821
0.71383
0.713847
0.713868
0.713888
0.713894
0.713891
0.713887
0.713883
0.713886
0.713897
0.713898
0.71388
0.713862
0.713842
0.713826
0.713824
0.713836
0.713839
0.713846
0.713861
0.71388
0.713899
0.713915
0.713927
0.713936
0.713942
0.713947
0.71395
0.713952
0.713954
0.713956
0.713957
0.713958
0.713958
0.713959
0.713959
0.71396
0.71396
0.71396
0.713961
0.713961
0.713961
0.713961
0.713961
0.713962
0.713962
0.713962
0.713962
0.713962
0.713962
0.713962
0.713962
0.713962
0.713962
0.713961
0.713961
0.713961
0.713961
0.713961
0.713961
0.71396
0.71396
0.71396
0.713959
0.713959
0.713959
0.713958
0.713958
0.713957
0.713957
0.713956
0.713953
0.753127
0.753099
0.753073
0.753001
0.752958
0.752939
0.752918
0.75292
0.752974
0.752997
0.753013
0.753037
0.753063
0.753085
0.753101
0.753112
0.753119
0.753125
0.753112
0.753077
0.753061
0.753
0.752964
0.752947
0.752926
0.752927
0.752978
0.752999
0.753013
0.753037
0.753063
0.753084
0.753083
0.753057
0.753058
0.753058
0.753067
0.753083
0.753081
0.75303
0.752996
0.752976
0.752952
0.752951
0.753001
0.75302
0.753032
0.753054
0.753078
0.753099
0.753114
0.753125
0.753132
0.753137
0.753141
0.753143
0.753145
0.753146
0.753147
0.753147
0.753148
0.753148
0.753148
0.753149
0.753149
0.753149
0.753149
0.753149
0.75315
0.75315
0.75315
0.75315
0.75315
0.75315
0.75315
0.75315
0.75315
0.75315
0.75315
0.75315
0.75315
0.75315
0.75315
0.75315
0.75315
0.753149
0.753149
0.753149
0.753149
0.753149
0.753148
0.753148
0.753148
0.753147
0.753147
0.753147
0.753146
0.753146
0.753145
0.75314
0.793758
0.79364
0.793609
0.793472
0.79339
0.79343
0.793406
0.79341
0.793571
0.793649
0.79368
0.793714
0.793745
0.793767
0.793781
0.793789
0.793795
0.793797
0.793768
0.793624
0.793605
0.793479
0.793402
0.793441
0.793414
0.793414
0.793571
0.793646
0.793675
0.793708
0.793739
0.79376
0.793742
0.793607
0.793607
0.793616
0.793633
0.793653
0.793648
0.793524
0.793443
0.793475
0.793444
0.793443
0.793598
0.793671
0.793698
0.793729
0.793758
0.79378
0.793794
0.793803
0.793808
0.793812
0.793813
0.793815
0.793815
0.793816
0.793816
0.793817
0.793817
0.793817
0.793817
0.793817
0.793817
0.793817
0.793818
0.793818
0.793818
0.793818
0.793818
0.793818
0.793818
0.793818
0.793818
0.793818
0.793818
0.793818
0.793818
0.793818
0.793818
0.793818
0.793818
0.793818
0.793818
0.793818
0.793818
0.793818
0.793817
0.793817
0.793817
0.793817
0.793816
0.793816
0.793816
0.793816
0.793815
0.793815
0.793813
0.793807
0.836477
0.835964
0.835869
0.835677
0.835502
0.835852
0.835878
0.83589
0.836218
0.836434
0.836498
0.836544
0.836578
0.836598
0.836607
0.836611
0.836612
0.83661
0.836555
0.835966
0.835876
0.835694
0.83552
0.835863
0.835882
0.835887
0.83621
0.836423
0.836484
0.836528
0.836561
0.836579
0.836534
0.835952
0.835877
0.835893
0.835919
0.835944
0.835939
0.835752
0.835566
0.835901
0.835919
0.835925
0.836247
0.836456
0.836515
0.836557
0.83659
0.83661
0.836621
0.836626
0.836629
0.83663
0.836631
0.836631
0.836632
0.836632
0.836632
0.836632
0.836632
0.836632
0.836632
0.836632
0.836632
0.836632
0.836632
0.836632
0.836632
0.836632
0.836633
0.836633
0.836633
0.836633
0.836633
0.836633
0.836633
0.836633
0.836633
0.836633
0.836633
0.836633
0.836633
0.836633
0.836633
0.836633
0.836633
0.836633
0.836632
0.836632
0.836632
0.836632
0.836632
0.836632
0.836631
0.836631
0.836631
0.83663
0.836628
0.83662
0.882802
0.881081
0.880714
0.881063
0.88082
0.882401
0.882706
0.882769
0.88251
0.882857
0.882952
0.883003
0.883032
0.883043
0.883045
0.883042
0.883039
0.88303
0.882957
0.881122
0.880739
0.88109
0.880845
0.882411
0.882705
0.882759
0.882493
0.882834
0.882924
0.882971
0.883
0.883009
0.882942
0.881115
0.880739
0.880755
0.880799
0.880828
0.880824
0.881169
0.880894
0.882452
0.882747
0.882807
0.882541
0.88288
0.882968
0.883014
0.883042
0.883056
0.883061
0.883063
0.883063
0.883063
0.883063
0.883062
0.883062
0.883062
0.883062
0.883063
0.883063
0.883063
0.883063
0.883063
0.883062
0.883062
0.883063
0.883063
0.883063
0.883063
0.883063
0.883063
0.883064
0.883064
0.883064
0.883064
0.883064
0.883064
0.883064
0.883064
0.883064
0.883064
0.883064
0.883064
0.883064
0.883064
0.883064
0.883064
0.883064
0.883064
0.883064
0.883064
0.883064
0.883064
0.883063
0.883063
0.883063
0.883062
0.883059
0.883051
0.936882
0.933791
0.932878
0.937912
0.938383
0.944421
0.945597
0.945881
0.937022
0.936479
0.936438
0.936447
0.936453
0.93645
0.936441
0.936432
0.936424
0.936411
0.93641
0.933801
0.932919
0.937962
0.938435
0.94445
0.945605
0.945878
0.937004
0.936454
0.936408
0.936413
0.936418
0.936412
0.936411
0.933823
0.933003
0.933141
0.933259
0.933298
0.933234
0.93813
0.938486
0.944475
0.945635
0.945915
0.937048
0.936497
0.936451
0.936456
0.936461
0.936461
0.936459
0.936457
0.936455
0.936454
0.936454
0.936454
0.936453
0.936454
0.936454
0.936454
0.936455
0.936455
0.936455
0.936455
0.936455
0.936455
0.936455
0.936455
0.936455
0.936455
0.936455
0.936456
0.936456
0.936456
0.936457
0.936457
0.936457
0.936457
0.936457
0.936457
0.936457
0.936457
0.936457
0.936457
0.936457
0.936458
0.936458
0.936458
0.936458
0.936458
0.936458
0.936457
0.936458
0.936458
0.936458
0.936457
0.936457
0.936456
0.936454
0.936455
1.03403
1.04155
1.04202
1.0812
1.0838
1.11343
1.11568
1.11617
1.03388
1.02905
1.0289
1.02894
1.02896
1.02896
1.02897
1.02897
1.02897
1.02896
1.02908
1.04118
1.04205
1.0813
1.08394
1.11352
1.11573
1.1162
1.03382
1.02898
1.02883
1.02887
1.0289
1.02889
1.02901
1.04128
1.04226
1.0433
1.04372
1.04383
1.04376
1.08188
1.08404
1.11351
1.11571
1.11619
1.03388
1.02904
1.02889
1.02893
1.02895
1.02896
1.02896
1.02896
1.02896
1.02896
1.02896
1.02896
1.02896
1.02896
1.02896
1.02896
1.02896
1.02896
1.02896
1.02896
1.02896
1.02897
1.02897
1.02897
1.02897
1.02897
1.02897
1.02897
1.02897
1.02897
1.02897
1.02897
1.02897
1.02897
1.02897
1.02897
1.02897
1.02897
1.02897
1.02897
1.02897
1.02897
1.02897
1.02897
1.02897
1.02897
1.02897
1.02897
1.02897
1.02897
1.02897
1.02897
1.02897
1.02897
1.02897
1.02897
)
;

boundaryField
{
    inlet
    {
        type            cyclic;
    }
    outlet
    {
        type            cyclic;
    }
    bottomWall
    {
        type            kqRWallFunction;
        value           nonuniform List<scalar> 
100
(
1.11223
1.03229
1.04137
1.08048
1.0837
1.11392
1.0328
1.02844
1.04103
1.04208
1.04318
1.04363
1.04376
1.04372
1.08218
1.0844
1.11404
1.11619
1.11664
1.03352
1.02862
1.02849
1.02855
1.02857
1.02857
1.02857
1.02855
1.02854
1.02853
1.02852
1.02851
1.02852
1.02853
1.02855
1.02856
1.02857
1.02857
1.02856
1.02867
1.04079
1.0419
1.04303
1.0435
1.04365
1.04371
1.04374
1.04376
1.04378
1.04379
1.04379
1.04379
1.0438
1.0438
1.0438
1.0438
1.0438
1.0438
1.0438
1.0438
1.0438
1.0438
1.0438
1.0438
1.0438
1.0438
1.0438
1.0438
1.0438
1.04381
1.0438
1.0438
1.0438
1.0438
1.0438
1.04381
1.04381
1.04381
1.04381
1.04381
1.04381
1.04381
1.04381
1.04381
1.04381
1.04381
1.04381
1.04381
1.04381
1.04381
1.04381
1.04381
1.04381
1.04381
1.04381
1.04381
1.04381
1.04381
1.04381
1.04379
1.04377
)
;
    }
    topWall
    {
        type            kqRWallFunction;
        value           nonuniform List<scalar> 
100
(
1.03403
1.04155
1.04202
1.0812
1.0838
1.11343
1.11568
1.11617
1.03388
1.02905
1.0289
1.02894
1.02896
1.02896
1.02897
1.02897
1.02897
1.02896
1.02908
1.04118
1.04205
1.0813
1.08394
1.11352
1.11573
1.1162
1.03382
1.02898
1.02883
1.02887
1.0289
1.02889
1.02901
1.04128
1.04226
1.0433
1.04372
1.04383
1.04376
1.08188
1.08404
1.11351
1.11571
1.11619
1.03388
1.02904
1.02889
1.02893
1.02895
1.02896
1.02896
1.02896
1.02896
1.02896
1.02896
1.02896
1.02896
1.02896
1.02896
1.02896
1.02896
1.02896
1.02896
1.02896
1.02896
1.02897
1.02897
1.02897
1.02897
1.02897
1.02897
1.02897
1.02897
1.02897
1.02897
1.02897
1.02897
1.02897
1.02897
1.02897
1.02897
1.02897
1.02897
1.02897
1.02897
1.02897
1.02897
1.02897
1.02897
1.02897
1.02897
1.02897
1.02897
1.02897
1.02897
1.02897
1.02897
1.02897
1.02897
1.02897
)
;
    }
    frontAndBack
    {
        type            empty;
    }
}


// ************************************************************************* //
