/*--------------------------------*- C++ -*----------------------------------*\
  =========                 |
  \\      /  F ield         | OpenFOAM: The Open Source CFD Toolbox
   \\    /   O peration     | Website:  https://openfoam.org
    \\  /    A nd           | Version:  11
     \\/     M anipulation  |
\*---------------------------------------------------------------------------*/
FoamFile
{
    format      ascii;
    class       volScalarField;
    location    "900";
    object      nut;
}
// * * * * * * * * * * * * * * * * * * * * * * * * * * * * * * * * * * * * * //

dimensions      [0 2 -1 0 0 0 0];

internalField   nonuniform List<scalar> 
5000
(
7.86145e-05
6.59336e-05
7.26637e-05
7.56521e-05
7.57219e-05
7.86064e-05
6.59358e-05
6.55798e-05
7.26804e-05
7.2306e-05
7.2272e-05
7.2274e-05
7.22768e-05
7.22851e-05
7.56218e-05
7.57234e-05
7.86133e-05
7.89964e-05
7.90574e-05
6.59552e-05
6.5584e-05
6.5571e-05
6.55747e-05
6.55773e-05
6.55785e-05
6.5579e-05
6.55785e-05
6.55781e-05
6.55775e-05
6.55775e-05
6.55771e-05
6.55773e-05
6.55772e-05
6.55774e-05
6.55771e-05
6.55769e-05
6.55765e-05
6.55763e-05
6.55762e-05
7.27065e-05
7.23134e-05
7.22743e-05
7.22755e-05
7.2278e-05
7.22788e-05
7.22786e-05
7.22784e-05
7.22784e-05
7.22786e-05
7.22787e-05
7.22789e-05
7.2279e-05
7.22791e-05
7.22792e-05
7.22793e-05
7.22793e-05
7.22794e-05
7.22794e-05
7.22794e-05
7.22794e-05
7.22793e-05
7.22793e-05
7.22794e-05
7.22794e-05
7.22795e-05
7.22795e-05
7.22796e-05
7.22796e-05
7.22797e-05
7.22797e-05
7.22797e-05
7.22797e-05
7.22796e-05
7.22796e-05
7.22797e-05
7.22797e-05
7.22797e-05
7.22797e-05
7.22797e-05
7.22798e-05
7.22798e-05
7.22798e-05
7.22798e-05
7.22798e-05
7.22799e-05
7.22799e-05
7.22799e-05
7.22799e-05
7.22799e-05
7.22799e-05
7.22799e-05
7.22799e-05
7.22799e-05
7.22799e-05
7.22799e-05
7.22799e-05
7.22799e-05
7.22798e-05
7.22793e-05
7.22894e-05
0.000163348
0.00015765
0.000160171
0.000162096
0.000162468
0.000163869
0.000157698
0.000156857
0.000160076
0.000160243
0.000160264
0.000160281
0.000160289
0.000160257
0.000162101
0.000162483
0.000163875
0.00016429
0.000164393
0.000157805
0.000156937
0.000156852
0.000156852
0.000156857
0.00015686
0.000156861
0.000156861
0.000156861
0.000156861
0.000156861
0.000156861
0.000156862
0.000156862
0.000156863
0.000156863
0.000156863
0.000156863
0.000156861
0.000156793
0.000160083
0.000160248
0.000160265
0.00016028
0.000160289
0.000160293
0.000160295
0.000160296
0.000160297
0.000160298
0.000160298
0.000160298
0.000160299
0.000160299
0.000160299
0.000160299
0.000160299
0.000160299
0.000160299
0.000160299
0.000160299
0.000160299
0.000160299
0.000160299
0.000160299
0.000160299
0.000160299
0.000160299
0.000160299
0.000160299
0.000160299
0.000160299
0.000160299
0.000160299
0.000160299
0.000160299
0.000160299
0.000160299
0.000160299
0.0001603
0.0001603
0.0001603
0.0001603
0.0001603
0.0001603
0.0001603
0.0001603
0.0001603
0.0001603
0.0001603
0.0001603
0.0001603
0.0001603
0.0001603
0.0001603
0.0001603
0.0001603
0.0001603
0.000160299
0.000160297
0.000160267
0.000253053
0.00025176
0.00025187
0.000252394
0.000252531
0.000253156
0.000251744
0.000251395
0.0002518
0.000251799
0.000251801
0.000251817
0.00025183
0.000251803
0.000252382
0.00025254
0.000253166
0.000253421
0.000253498
0.000251843
0.000251465
0.000251425
0.000251437
0.000251449
0.000251457
0.000251461
0.000251463
0.000251465
0.000251466
0.000251467
0.000251468
0.000251468
0.000251469
0.000251469
0.00025147
0.00025147
0.00025147
0.000251468
0.000251412
0.00025184
0.000251826
0.000251818
0.000251828
0.000251839
0.000251845
0.000251849
0.000251852
0.000251854
0.000251856
0.000251857
0.000251857
0.000251858
0.000251858
0.000251858
0.000251858
0.000251858
0.000251858
0.000251858
0.000251858
0.000251858
0.000251858
0.000251859
0.000251859
0.000251859
0.000251859
0.000251859
0.000251859
0.000251859
0.000251859
0.000251859
0.000251859
0.000251859
0.000251859
0.000251859
0.000251859
0.000251859
0.000251859
0.000251859
0.000251859
0.000251859
0.000251859
0.000251859
0.000251859
0.000251859
0.000251859
0.000251859
0.000251859
0.000251859
0.000251859
0.000251859
0.000251859
0.000251859
0.000251859
0.000251859
0.000251859
0.000251859
0.000251859
0.000251859
0.000251856
0.000251821
0.000340712
0.000340459
0.000340343
0.000340415
0.000340437
0.000340647
0.000340406
0.000340317
0.000340292
0.000340269
0.000340275
0.000340293
0.000340308
0.000340295
0.000340413
0.000340446
0.000340657
0.000340761
0.000340799
0.000340464
0.000340364
0.00034036
0.000340377
0.000340393
0.000340404
0.000340412
0.000340417
0.000340421
0.000340423
0.000340426
0.000340428
0.000340429
0.00034043
0.00034043
0.000340431
0.000340431
0.000340432
0.000340431
0.000340396
0.00034036
0.000340317
0.000340309
0.000340318
0.000340328
0.000340336
0.000340342
0.000340346
0.00034035
0.000340352
0.000340354
0.000340355
0.000340356
0.000340356
0.000340357
0.000340357
0.000340357
0.000340357
0.000340358
0.000340358
0.000340358
0.000340358
0.000340358
0.000340358
0.000340358
0.000340358
0.000340358
0.000340358
0.000340358
0.000340359
0.000340359
0.000340359
0.000340359
0.000340359
0.000340359
0.000340359
0.000340359
0.000340359
0.000340359
0.000340359
0.000340359
0.000340359
0.000340359
0.000340359
0.000340359
0.000340359
0.000340359
0.000340359
0.000340359
0.000340359
0.000340359
0.000340359
0.000340359
0.000340359
0.000340359
0.000340359
0.000340358
0.000340358
0.000340358
0.000340355
0.000340327
0.000422803
0.000422747
0.000422683
0.000422669
0.000422661
0.000422714
0.000422685
0.000422666
0.000422632
0.000422622
0.000422632
0.000422649
0.000422665
0.000422662
0.00042267
0.000422666
0.00042272
0.000422752
0.000422768
0.000422713
0.000422694
0.000422701
0.000422717
0.000422733
0.000422747
0.000422757
0.000422764
0.00042277
0.000422775
0.000422779
0.000422782
0.000422785
0.000422786
0.000422787
0.000422788
0.000422789
0.00042279
0.00042279
0.000422768
0.000422718
0.000422689
0.000422683
0.000422689
0.000422698
0.000422706
0.000422712
0.000422717
0.000422722
0.000422725
0.000422727
0.000422729
0.00042273
0.000422731
0.000422732
0.000422733
0.000422733
0.000422733
0.000422733
0.000422734
0.000422734
0.000422734
0.000422734
0.000422734
0.000422735
0.000422735
0.000422735
0.000422735
0.000422735
0.000422735
0.000422735
0.000422736
0.000422736
0.000422736
0.000422736
0.000422736
0.000422736
0.000422736
0.000422736
0.000422736
0.000422736
0.000422736
0.000422736
0.000422736
0.000422736
0.000422736
0.000422736
0.000422736
0.000422736
0.000422736
0.000422736
0.000422736
0.000422735
0.000422735
0.000422735
0.000422735
0.000422735
0.000422735
0.000422734
0.000422732
0.000422712
0.000498571
0.000498549
0.000498516
0.000498495
0.000498483
0.000498489
0.000498483
0.000498474
0.000498457
0.000498455
0.000498464
0.000498478
0.000498493
0.000498495
0.000498488
0.00049848
0.000498487
0.000498494
0.000498499
0.000498493
0.000498491
0.000498497
0.000498511
0.000498525
0.000498539
0.000498551
0.00049856
0.000498568
0.000498574
0.00049858
0.000498584
0.000498587
0.00049859
0.000498592
0.000498593
0.000498594
0.000498596
0.000498596
0.000498582
0.000498553
0.000498534
0.000498528
0.000498532
0.000498538
0.000498544
0.00049855
0.000498556
0.000498561
0.000498564
0.000498567
0.00049857
0.000498571
0.000498573
0.000498574
0.000498574
0.000498575
0.000498576
0.000498576
0.000498577
0.000498577
0.000498577
0.000498577
0.000498578
0.000498578
0.000498578
0.000498578
0.000498579
0.000498579
0.000498579
0.000498579
0.000498579
0.000498579
0.00049858
0.00049858
0.00049858
0.00049858
0.00049858
0.00049858
0.00049858
0.00049858
0.00049858
0.00049858
0.00049858
0.00049858
0.00049858
0.00049858
0.00049858
0.00049858
0.00049858
0.00049858
0.00049858
0.000498579
0.000498579
0.000498579
0.000498579
0.000498579
0.000498578
0.000498578
0.000498576
0.000498562
0.000568125
0.000568109
0.000568087
0.000568069
0.000568056
0.000568049
0.000568042
0.000568032
0.000568021
0.000568019
0.000568025
0.000568036
0.000568048
0.000568053
0.000568048
0.000568042
0.000568039
0.000568037
0.000568039
0.000568039
0.000568038
0.000568042
0.000568052
0.000568065
0.000568079
0.000568091
0.000568101
0.00056811
0.000568117
0.000568124
0.00056813
0.000568134
0.000568138
0.00056814
0.000568142
0.000568144
0.000568146
0.000568147
0.000568138
0.00056812
0.000568106
0.000568099
0.0005681
0.000568103
0.000568108
0.000568114
0.000568119
0.000568124
0.000568128
0.000568131
0.000568133
0.000568136
0.000568137
0.000568139
0.00056814
0.000568141
0.000568141
0.000568142
0.000568143
0.000568143
0.000568144
0.000568144
0.000568144
0.000568145
0.000568145
0.000568145
0.000568146
0.000568146
0.000568146
0.000568147
0.000568147
0.000568147
0.000568147
0.000568147
0.000568148
0.000568148
0.000568148
0.000568148
0.000568148
0.000568148
0.000568148
0.000568148
0.000568148
0.000568148
0.000568148
0.000568148
0.000568148
0.000568148
0.000568148
0.000568148
0.000568148
0.000568147
0.000568147
0.000568147
0.000568147
0.000568146
0.000568146
0.000568145
0.000568144
0.000568134
0.000631859
0.000631844
0.000631826
0.000631809
0.000631797
0.000631786
0.000631776
0.000631765
0.000631754
0.000631751
0.000631754
0.000631762
0.000631771
0.000631777
0.000631775
0.000631771
0.000631767
0.000631763
0.000631763
0.000631762
0.000631761
0.000631763
0.000631771
0.000631782
0.000631794
0.000631806
0.000631816
0.000631826
0.000631835
0.000631842
0.000631849
0.000631854
0.000631859
0.000631862
0.000631864
0.000631867
0.000631869
0.000631871
0.000631865
0.000631853
0.000631842
0.000631835
0.000631833
0.000631834
0.000631838
0.000631842
0.000631847
0.000631851
0.000631855
0.000631859
0.000631861
0.000631864
0.000631866
0.000631867
0.000631869
0.00063187
0.000631871
0.000631872
0.000631873
0.000631873
0.000631874
0.000631874
0.000631875
0.000631875
0.000631876
0.000631876
0.000631877
0.000631877
0.000631877
0.000631878
0.000631878
0.000631879
0.000631879
0.000631879
0.000631879
0.00063188
0.00063188
0.00063188
0.00063188
0.00063188
0.000631881
0.000631881
0.000631881
0.000631881
0.000631881
0.000631881
0.000631881
0.000631881
0.00063188
0.00063188
0.00063188
0.00063188
0.000631879
0.000631879
0.000631879
0.000631878
0.000631878
0.000631877
0.000631876
0.000631869
0.000690248
0.000690235
0.000690219
0.000690203
0.00069019
0.000690178
0.000690167
0.000690155
0.000690144
0.000690139
0.000690139
0.000690144
0.000690151
0.000690156
0.000690156
0.000690154
0.00069015
0.000690146
0.000690145
0.000690144
0.000690142
0.000690142
0.000690148
0.000690157
0.000690168
0.000690179
0.00069019
0.0006902
0.000690209
0.000690217
0.000690224
0.00069023
0.000690235
0.000690239
0.000690242
0.000690246
0.000690249
0.000690251
0.000690247
0.000690239
0.00069023
0.000690222
0.000690219
0.000690219
0.000690221
0.000690224
0.000690229
0.000690233
0.000690237
0.00069024
0.000690243
0.000690245
0.000690248
0.000690249
0.000690251
0.000690252
0.000690253
0.000690255
0.000690255
0.000690256
0.000690257
0.000690258
0.000690259
0.000690259
0.00069026
0.00069026
0.000690261
0.000690261
0.000690262
0.000690262
0.000690263
0.000690263
0.000690264
0.000690264
0.000690265
0.000690265
0.000690265
0.000690266
0.000690266
0.000690266
0.000690266
0.000690267
0.000690267
0.000690267
0.000690267
0.000690267
0.000690267
0.000690267
0.000690267
0.000690266
0.000690266
0.000690266
0.000690265
0.000690265
0.000690265
0.000690264
0.000690264
0.000690263
0.000690262
0.000690256
0.000743778
0.000743767
0.000743752
0.000743737
0.000743724
0.000743712
0.0007437
0.000743687
0.000743676
0.000743669
0.000743667
0.000743669
0.000743674
0.000743678
0.000743679
0.000743678
0.000743675
0.000743671
0.000743669
0.000743668
0.000743665
0.000743665
0.000743668
0.000743676
0.000743685
0.000743696
0.000743706
0.000743716
0.000743725
0.000743734
0.000743741
0.000743748
0.000743754
0.000743758
0.000743762
0.000743766
0.000743769
0.000743772
0.00074377
0.000743764
0.000743757
0.00074375
0.000743746
0.000743745
0.000743746
0.000743748
0.000743752
0.000743756
0.000743759
0.000743762
0.000743765
0.000743768
0.00074377
0.000743772
0.000743774
0.000743775
0.000743777
0.000743778
0.000743779
0.00074378
0.000743781
0.000743782
0.000743783
0.000743784
0.000743784
0.000743785
0.000743786
0.000743787
0.000743787
0.000743788
0.000743789
0.000743789
0.00074379
0.00074379
0.000743791
0.000743791
0.000743792
0.000743792
0.000743793
0.000743793
0.000743793
0.000743793
0.000743794
0.000743794
0.000743794
0.000743794
0.000743794
0.000743794
0.000743794
0.000743794
0.000743793
0.000743793
0.000743793
0.000743792
0.000743792
0.000743791
0.000743791
0.00074379
0.000743789
0.000743785
0.000792909
0.0007929
0.000792887
0.000792873
0.00079286
0.000792848
0.000792835
0.000792822
0.00079281
0.000792803
0.000792799
0.000792799
0.000792802
0.000792805
0.000792806
0.000792805
0.000792803
0.000792799
0.000792797
0.000792795
0.000792792
0.000792791
0.000792793
0.000792799
0.000792807
0.000792817
0.000792826
0.000792836
0.000792845
0.000792854
0.000792862
0.000792869
0.000792875
0.00079288
0.000792884
0.000792888
0.000792892
0.000792895
0.000792895
0.000792891
0.000792885
0.000792879
0.000792875
0.000792873
0.000792873
0.000792874
0.000792877
0.000792881
0.000792884
0.000792887
0.00079289
0.000792893
0.000792895
0.000792897
0.000792899
0.0007929
0.000792902
0.000792903
0.000792904
0.000792906
0.000792907
0.000792908
0.000792909
0.00079291
0.000792911
0.000792912
0.000792913
0.000792913
0.000792914
0.000792915
0.000792916
0.000792917
0.000792918
0.000792918
0.000792919
0.00079292
0.00079292
0.000792921
0.000792921
0.000792922
0.000792922
0.000792923
0.000792923
0.000792923
0.000792924
0.000792924
0.000792924
0.000792924
0.000792924
0.000792923
0.000792923
0.000792923
0.000792922
0.000792922
0.000792921
0.000792921
0.00079292
0.000792919
0.000792918
0.000792915
0.000838064
0.000838056
0.000838045
0.000838032
0.000838019
0.000838007
0.000837994
0.000837981
0.000837969
0.00083796
0.000837955
0.000837953
0.000837954
0.000837956
0.000837957
0.000837957
0.000837955
0.000837952
0.000837949
0.000837947
0.000837944
0.000837942
0.000837943
0.000837947
0.000837954
0.000837962
0.000837971
0.000837981
0.00083799
0.000837998
0.000838006
0.000838014
0.00083802
0.000838025
0.00083803
0.000838034
0.000838038
0.000838042
0.000838042
0.00083804
0.000838036
0.000838031
0.000838027
0.000838024
0.000838023
0.000838024
0.000838027
0.00083803
0.000838033
0.000838035
0.000838038
0.000838041
0.000838043
0.000838045
0.000838047
0.000838049
0.00083805
0.000838052
0.000838053
0.000838054
0.000838055
0.000838057
0.000838058
0.000838059
0.00083806
0.000838061
0.000838063
0.000838064
0.000838065
0.000838066
0.000838067
0.000838068
0.000838069
0.00083807
0.000838071
0.000838071
0.000838072
0.000838073
0.000838074
0.000838074
0.000838075
0.000838076
0.000838076
0.000838076
0.000838077
0.000838077
0.000838077
0.000838077
0.000838077
0.000838077
0.000838077
0.000838076
0.000838076
0.000838075
0.000838075
0.000838074
0.000838073
0.000838073
0.000838071
0.000838069
0.000879615
0.000879608
0.000879598
0.000879586
0.000879574
0.000879562
0.00087955
0.000879536
0.000879524
0.000879515
0.000879509
0.000879505
0.000879505
0.000879505
0.000879506
0.000879506
0.000879504
0.000879501
0.000879499
0.000879496
0.000879493
0.00087949
0.00087949
0.000879493
0.000879499
0.000879506
0.000879514
0.000879523
0.000879532
0.00087954
0.000879548
0.000879556
0.000879562
0.000879568
0.000879572
0.000879577
0.000879581
0.000879585
0.000879586
0.000879586
0.000879583
0.000879579
0.000879575
0.000879572
0.000879571
0.000879571
0.000879573
0.000879575
0.000879578
0.00087958
0.000879583
0.000879585
0.000879587
0.000879589
0.000879591
0.000879593
0.000879595
0.000879596
0.000879598
0.000879599
0.0008796
0.000879602
0.000879603
0.000879604
0.000879606
0.000879607
0.000879609
0.00087961
0.000879611
0.000879613
0.000879614
0.000879615
0.000879616
0.000879617
0.000879619
0.00087962
0.000879621
0.000879622
0.000879622
0.000879623
0.000879624
0.000879625
0.000879626
0.000879626
0.000879627
0.000879627
0.000879627
0.000879628
0.000879627
0.000879627
0.000879627
0.000879627
0.000879626
0.000879626
0.000879625
0.000879624
0.000879624
0.000879623
0.000879621
0.000879619
0.00091788
0.000917875
0.000917865
0.000917855
0.000917844
0.000917832
0.00091782
0.000917806
0.000917794
0.000917784
0.000917777
0.000917773
0.00091777
0.00091777
0.00091777
0.000917769
0.000917768
0.000917765
0.000917763
0.00091776
0.000917756
0.000917754
0.000917753
0.000917754
0.000917759
0.000917765
0.000917772
0.000917781
0.000917789
0.000917797
0.000917805
0.000917812
0.000917819
0.000917825
0.00091783
0.000917834
0.000917839
0.000917843
0.000917845
0.000917845
0.000917843
0.00091784
0.000917837
0.000917834
0.000917832
0.000917831
0.000917833
0.000917834
0.000917837
0.000917839
0.000917841
0.000917844
0.000917846
0.000917848
0.00091785
0.000917851
0.000917853
0.000917854
0.000917856
0.000917857
0.000917859
0.00091786
0.000917862
0.000917864
0.000917865
0.000917867
0.000917869
0.00091787
0.000917872
0.000917873
0.000917875
0.000917876
0.000917878
0.000917879
0.00091788
0.000917882
0.000917883
0.000917884
0.000917885
0.000917887
0.000917888
0.000917889
0.000917889
0.00091789
0.000917891
0.000917891
0.000917892
0.000917892
0.000917892
0.000917892
0.000917892
0.000917891
0.000917891
0.00091789
0.00091789
0.000917889
0.000917888
0.000917887
0.000917886
0.000917884
0.000953115
0.00095311
0.000953103
0.000953093
0.000953083
0.000953071
0.000953059
0.000953046
0.000953034
0.000953024
0.000953016
0.000953011
0.000953007
0.000953005
0.000953004
0.000953004
0.000953003
0.000953
0.000952998
0.000952995
0.000952991
0.000952988
0.000952986
0.000952987
0.00095299
0.000952996
0.000953002
0.000953009
0.000953017
0.000953025
0.000953033
0.00095304
0.000953047
0.000953052
0.000953057
0.000953062
0.000953066
0.000953071
0.000953073
0.000953074
0.000953073
0.000953071
0.000953068
0.000953065
0.000953063
0.000953062
0.000953063
0.000953064
0.000953066
0.000953068
0.00095307
0.000953072
0.000953074
0.000953076
0.000953078
0.000953079
0.000953081
0.000953082
0.000953084
0.000953086
0.000953087
0.000953089
0.000953091
0.000953093
0.000953095
0.000953096
0.000953098
0.0009531
0.000953102
0.000953104
0.000953106
0.000953107
0.000953109
0.000953111
0.000953113
0.000953114
0.000953116
0.000953117
0.000953119
0.00095312
0.000953121
0.000953122
0.000953124
0.000953124
0.000953125
0.000953126
0.000953127
0.000953127
0.000953127
0.000953127
0.000953127
0.000953127
0.000953126
0.000953125
0.000953125
0.000953124
0.000953123
0.000953122
0.000953121
0.000953119
0.000985509
0.000985504
0.000985498
0.000985489
0.00098548
0.000985469
0.000985458
0.000985445
0.000985433
0.000985422
0.000985414
0.000985407
0.000985403
0.0009854
0.000985398
0.000985397
0.000985396
0.000985394
0.000985391
0.000985388
0.000985385
0.000985381
0.000985379
0.000985379
0.000985381
0.000985386
0.000985391
0.000985398
0.000985405
0.000985412
0.00098542
0.000985427
0.000985433
0.000985439
0.000985444
0.000985448
0.000985453
0.000985457
0.000985459
0.000985461
0.000985461
0.00098546
0.000985458
0.000985455
0.000985453
0.000985451
0.000985451
0.000985452
0.000985454
0.000985455
0.000985457
0.000985459
0.00098546
0.000985462
0.000985464
0.000985465
0.000985467
0.000985468
0.00098547
0.000985472
0.000985474
0.000985476
0.000985478
0.00098548
0.000985482
0.000985484
0.000985486
0.000985488
0.000985491
0.000985493
0.000985495
0.000985497
0.000985499
0.000985501
0.000985503
0.000985505
0.000985507
0.000985508
0.00098551
0.000985512
0.000985513
0.000985515
0.000985516
0.000985517
0.000985518
0.000985519
0.00098552
0.00098552
0.00098552
0.000985521
0.00098552
0.00098552
0.00098552
0.000985519
0.000985518
0.000985517
0.000985516
0.000985515
0.000985514
0.000985512
0.00101517
0.00101517
0.00101517
0.00101516
0.00101515
0.00101514
0.00101513
0.00101512
0.0010151
0.00101509
0.00101508
0.00101508
0.00101507
0.00101507
0.00101507
0.00101506
0.00101506
0.00101506
0.00101506
0.00101505
0.00101505
0.00101505
0.00101505
0.00101504
0.00101505
0.00101505
0.00101505
0.00101506
0.00101507
0.00101507
0.00101508
0.00101509
0.00101509
0.0010151
0.0010151
0.00101511
0.00101511
0.00101512
0.00101512
0.00101512
0.00101512
0.00101512
0.00101512
0.00101512
0.00101511
0.00101511
0.00101511
0.00101511
0.00101511
0.00101512
0.00101512
0.00101512
0.00101512
0.00101512
0.00101512
0.00101512
0.00101513
0.00101513
0.00101513
0.00101513
0.00101513
0.00101513
0.00101514
0.00101514
0.00101514
0.00101514
0.00101515
0.00101515
0.00101515
0.00101515
0.00101516
0.00101516
0.00101516
0.00101516
0.00101517
0.00101517
0.00101517
0.00101517
0.00101517
0.00101518
0.00101518
0.00101518
0.00101518
0.00101518
0.00101518
0.00101519
0.00101519
0.00101519
0.00101519
0.00101519
0.00101519
0.00101519
0.00101519
0.00101519
0.00101518
0.00101518
0.00101518
0.00101518
0.00101518
0.00101518
0.00104215
0.00104215
0.00104214
0.00104214
0.00104213
0.00104212
0.00104211
0.0010421
0.00104208
0.00104207
0.00104207
0.00104206
0.00104205
0.00104205
0.00104204
0.00104204
0.00104204
0.00104204
0.00104203
0.00104203
0.00104203
0.00104202
0.00104202
0.00104202
0.00104202
0.00104202
0.00104203
0.00104203
0.00104204
0.00104204
0.00104205
0.00104206
0.00104206
0.00104207
0.00104207
0.00104208
0.00104208
0.00104209
0.00104209
0.00104209
0.00104209
0.00104209
0.00104209
0.00104209
0.00104209
0.00104208
0.00104208
0.00104208
0.00104208
0.00104208
0.00104209
0.00104209
0.00104209
0.00104209
0.00104209
0.00104209
0.00104209
0.00104209
0.0010421
0.0010421
0.0010421
0.0010421
0.00104211
0.00104211
0.00104211
0.00104211
0.00104212
0.00104212
0.00104212
0.00104213
0.00104213
0.00104213
0.00104213
0.00104214
0.00104214
0.00104214
0.00104214
0.00104215
0.00104215
0.00104215
0.00104215
0.00104215
0.00104216
0.00104216
0.00104216
0.00104216
0.00104216
0.00104216
0.00104216
0.00104216
0.00104216
0.00104216
0.00104216
0.00104216
0.00104216
0.00104216
0.00104216
0.00104216
0.00104216
0.00104215
0.00106639
0.00106639
0.00106639
0.00106638
0.00106637
0.00106636
0.00106635
0.00106634
0.00106633
0.00106632
0.00106631
0.0010663
0.0010663
0.00106629
0.00106629
0.00106628
0.00106628
0.00106628
0.00106628
0.00106627
0.00106627
0.00106627
0.00106626
0.00106626
0.00106626
0.00106627
0.00106627
0.00106627
0.00106628
0.00106628
0.00106629
0.00106629
0.0010663
0.0010663
0.00106631
0.00106631
0.00106632
0.00106632
0.00106632
0.00106633
0.00106633
0.00106633
0.00106633
0.00106633
0.00106632
0.00106632
0.00106632
0.00106632
0.00106632
0.00106632
0.00106632
0.00106632
0.00106632
0.00106632
0.00106632
0.00106633
0.00106633
0.00106633
0.00106633
0.00106633
0.00106634
0.00106634
0.00106634
0.00106634
0.00106635
0.00106635
0.00106635
0.00106636
0.00106636
0.00106636
0.00106637
0.00106637
0.00106637
0.00106638
0.00106638
0.00106638
0.00106638
0.00106639
0.00106639
0.00106639
0.00106639
0.0010664
0.0010664
0.0010664
0.0010664
0.0010664
0.0010664
0.0010664
0.00106641
0.00106641
0.00106641
0.00106641
0.0010664
0.0010664
0.0010664
0.0010664
0.0010664
0.0010664
0.0010664
0.0010664
0.00108778
0.00108778
0.00108778
0.00108777
0.00108777
0.00108776
0.00108775
0.00108774
0.00108773
0.00108772
0.00108771
0.0010877
0.00108769
0.00108769
0.00108768
0.00108768
0.00108768
0.00108767
0.00108767
0.00108767
0.00108766
0.00108766
0.00108766
0.00108766
0.00108766
0.00108766
0.00108766
0.00108766
0.00108767
0.00108767
0.00108768
0.00108768
0.00108769
0.00108769
0.0010877
0.0010877
0.0010877
0.00108771
0.00108771
0.00108771
0.00108771
0.00108772
0.00108772
0.00108771
0.00108771
0.00108771
0.00108771
0.00108771
0.00108771
0.00108771
0.00108771
0.00108771
0.00108771
0.00108771
0.00108771
0.00108771
0.00108771
0.00108771
0.00108772
0.00108772
0.00108772
0.00108772
0.00108773
0.00108773
0.00108773
0.00108774
0.00108774
0.00108774
0.00108775
0.00108775
0.00108775
0.00108776
0.00108776
0.00108776
0.00108777
0.00108777
0.00108777
0.00108778
0.00108778
0.00108778
0.00108778
0.00108779
0.00108779
0.00108779
0.00108779
0.0010878
0.0010878
0.0010878
0.0010878
0.0010878
0.0010878
0.0010878
0.0010878
0.0010878
0.0010878
0.00108779
0.00108779
0.00108779
0.00108779
0.00108779
0.00110614
0.00110614
0.00110614
0.00110613
0.00110613
0.00110612
0.00110611
0.0011061
0.00110609
0.00110608
0.00110608
0.00110607
0.00110606
0.00110605
0.00110604
0.00110604
0.00110604
0.00110603
0.00110603
0.00110603
0.00110603
0.00110602
0.00110602
0.00110602
0.00110602
0.00110602
0.00110602
0.00110602
0.00110603
0.00110603
0.00110603
0.00110604
0.00110604
0.00110605
0.00110605
0.00110605
0.00110606
0.00110606
0.00110606
0.00110607
0.00110607
0.00110607
0.00110607
0.00110607
0.00110607
0.00110607
0.00110606
0.00110606
0.00110606
0.00110606
0.00110606
0.00110606
0.00110606
0.00110606
0.00110606
0.00110606
0.00110606
0.00110607
0.00110607
0.00110607
0.00110607
0.00110608
0.00110608
0.00110608
0.00110609
0.00110609
0.0011061
0.0011061
0.0011061
0.00110611
0.00110611
0.00110611
0.00110612
0.00110612
0.00110613
0.00110613
0.00110613
0.00110614
0.00110614
0.00110614
0.00110614
0.00110615
0.00110615
0.00110615
0.00110615
0.00110616
0.00110616
0.00110616
0.00110616
0.00110616
0.00110616
0.00110616
0.00110616
0.00110616
0.00110616
0.00110616
0.00110615
0.00110615
0.00110615
0.00110615
0.00112125
0.00112125
0.00112124
0.00112124
0.00112123
0.00112123
0.00112122
0.00112121
0.0011212
0.00112119
0.00112118
0.00112117
0.00112117
0.00112116
0.00112115
0.00112115
0.00112114
0.00112114
0.00112114
0.00112113
0.00112113
0.00112113
0.00112113
0.00112112
0.00112112
0.00112112
0.00112112
0.00112113
0.00112113
0.00112113
0.00112114
0.00112114
0.00112114
0.00112115
0.00112115
0.00112115
0.00112116
0.00112116
0.00112116
0.00112117
0.00112117
0.00112117
0.00112117
0.00112117
0.00112117
0.00112117
0.00112116
0.00112116
0.00112116
0.00112116
0.00112116
0.00112116
0.00112116
0.00112116
0.00112116
0.00112116
0.00112116
0.00112116
0.00112117
0.00112117
0.00112117
0.00112118
0.00112118
0.00112118
0.00112119
0.00112119
0.0011212
0.0011212
0.0011212
0.00112121
0.00112121
0.00112122
0.00112122
0.00112122
0.00112123
0.00112123
0.00112123
0.00112124
0.00112124
0.00112124
0.00112125
0.00112125
0.00112125
0.00112126
0.00112126
0.00112126
0.00112126
0.00112126
0.00112126
0.00112126
0.00112126
0.00112126
0.00112126
0.00112126
0.00112126
0.00112126
0.00112126
0.00112126
0.00112125
0.00112125
0.00113285
0.00113285
0.00113285
0.00113285
0.00113284
0.00113284
0.00113283
0.00113282
0.00113281
0.0011328
0.00113279
0.00113278
0.00113278
0.00113277
0.00113276
0.00113275
0.00113275
0.00113275
0.00113274
0.00113274
0.00113274
0.00113274
0.00113273
0.00113273
0.00113273
0.00113273
0.00113273
0.00113273
0.00113273
0.00113274
0.00113274
0.00113274
0.00113275
0.00113275
0.00113275
0.00113275
0.00113276
0.00113276
0.00113276
0.00113277
0.00113277
0.00113277
0.00113277
0.00113277
0.00113277
0.00113277
0.00113277
0.00113276
0.00113276
0.00113276
0.00113276
0.00113276
0.00113276
0.00113276
0.00113276
0.00113276
0.00113276
0.00113276
0.00113277
0.00113277
0.00113277
0.00113278
0.00113278
0.00113278
0.00113279
0.00113279
0.0011328
0.0011328
0.00113281
0.00113281
0.00113282
0.00113282
0.00113282
0.00113283
0.00113283
0.00113284
0.00113284
0.00113284
0.00113285
0.00113285
0.00113285
0.00113286
0.00113286
0.00113286
0.00113286
0.00113287
0.00113287
0.00113287
0.00113287
0.00113287
0.00113287
0.00113287
0.00113287
0.00113287
0.00113287
0.00113287
0.00113286
0.00113286
0.00113286
0.00113286
0.00114074
0.00114074
0.00114073
0.00114073
0.00114073
0.00114072
0.00114072
0.00114071
0.0011407
0.00114069
0.00114068
0.00114067
0.00114066
0.00114065
0.00114065
0.00114064
0.00114064
0.00114063
0.00114063
0.00114063
0.00114063
0.00114062
0.00114062
0.00114062
0.00114062
0.00114062
0.00114062
0.00114062
0.00114062
0.00114062
0.00114062
0.00114062
0.00114063
0.00114063
0.00114063
0.00114063
0.00114064
0.00114064
0.00114064
0.00114065
0.00114065
0.00114065
0.00114065
0.00114065
0.00114065
0.00114065
0.00114065
0.00114064
0.00114064
0.00114064
0.00114064
0.00114064
0.00114064
0.00114064
0.00114064
0.00114064
0.00114064
0.00114064
0.00114065
0.00114065
0.00114065
0.00114066
0.00114066
0.00114067
0.00114067
0.00114067
0.00114068
0.00114068
0.00114069
0.00114069
0.0011407
0.0011407
0.00114071
0.00114071
0.00114071
0.00114072
0.00114072
0.00114073
0.00114073
0.00114073
0.00114074
0.00114074
0.00114074
0.00114075
0.00114075
0.00114075
0.00114075
0.00114075
0.00114075
0.00114075
0.00114075
0.00114075
0.00114075
0.00114075
0.00114075
0.00114075
0.00114075
0.00114075
0.00114075
0.00114074
0.00114473
0.00114473
0.00114472
0.00114472
0.00114472
0.00114471
0.00114471
0.0011447
0.00114469
0.00114468
0.00114467
0.00114466
0.00114465
0.00114465
0.00114464
0.00114463
0.00114463
0.00114462
0.00114462
0.00114462
0.00114462
0.00114462
0.00114462
0.00114461
0.00114461
0.00114461
0.00114461
0.00114461
0.00114461
0.00114461
0.00114461
0.00114461
0.00114461
0.00114461
0.00114462
0.00114462
0.00114462
0.00114463
0.00114463
0.00114463
0.00114463
0.00114464
0.00114464
0.00114464
0.00114464
0.00114463
0.00114463
0.00114463
0.00114463
0.00114462
0.00114462
0.00114462
0.00114462
0.00114462
0.00114462
0.00114462
0.00114463
0.00114463
0.00114463
0.00114463
0.00114464
0.00114464
0.00114465
0.00114465
0.00114466
0.00114466
0.00114467
0.00114467
0.00114468
0.00114468
0.00114469
0.00114469
0.00114469
0.0011447
0.0011447
0.00114471
0.00114471
0.00114471
0.00114472
0.00114472
0.00114473
0.00114473
0.00114473
0.00114473
0.00114474
0.00114474
0.00114474
0.00114474
0.00114474
0.00114474
0.00114474
0.00114474
0.00114474
0.00114474
0.00114474
0.00114474
0.00114474
0.00114474
0.00114474
0.00114473
0.00114473
0.00114473
0.00114473
0.00114472
0.00114472
0.00114472
0.00114471
0.0011447
0.0011447
0.00114469
0.00114468
0.00114467
0.00114466
0.00114465
0.00114464
0.00114464
0.00114463
0.00114463
0.00114463
0.00114462
0.00114462
0.00114462
0.00114462
0.00114462
0.00114462
0.00114462
0.00114462
0.00114461
0.00114461
0.00114461
0.00114461
0.00114461
0.00114461
0.00114462
0.00114462
0.00114462
0.00114462
0.00114463
0.00114463
0.00114463
0.00114463
0.00114463
0.00114464
0.00114464
0.00114463
0.00114463
0.00114463
0.00114463
0.00114463
0.00114462
0.00114462
0.00114462
0.00114462
0.00114462
0.00114462
0.00114462
0.00114462
0.00114463
0.00114463
0.00114464
0.00114464
0.00114464
0.00114465
0.00114465
0.00114466
0.00114466
0.00114467
0.00114467
0.00114468
0.00114468
0.00114469
0.00114469
0.0011447
0.0011447
0.00114471
0.00114471
0.00114471
0.00114472
0.00114472
0.00114472
0.00114473
0.00114473
0.00114473
0.00114474
0.00114474
0.00114474
0.00114474
0.00114475
0.00114475
0.00114475
0.00114475
0.00114475
0.00114475
0.00114475
0.00114474
0.00114474
0.00114474
0.00114474
0.00114474
0.00114474
0.00114075
0.00114075
0.00114074
0.00114074
0.00114074
0.00114073
0.00114073
0.00114072
0.00114071
0.0011407
0.00114069
0.00114068
0.00114068
0.00114067
0.00114066
0.00114065
0.00114065
0.00114065
0.00114065
0.00114064
0.00114064
0.00114064
0.00114064
0.00114064
0.00114064
0.00114064
0.00114063
0.00114063
0.00114063
0.00114063
0.00114063
0.00114063
0.00114063
0.00114063
0.00114063
0.00114063
0.00114064
0.00114064
0.00114064
0.00114064
0.00114065
0.00114065
0.00114065
0.00114065
0.00114065
0.00114065
0.00114064
0.00114064
0.00114064
0.00114064
0.00114063
0.00114063
0.00114063
0.00114063
0.00114063
0.00114064
0.00114064
0.00114064
0.00114065
0.00114065
0.00114065
0.00114066
0.00114066
0.00114067
0.00114067
0.00114068
0.00114068
0.00114069
0.00114069
0.0011407
0.0011407
0.00114071
0.00114071
0.00114072
0.00114072
0.00114073
0.00114073
0.00114073
0.00114074
0.00114074
0.00114074
0.00114075
0.00114075
0.00114075
0.00114076
0.00114076
0.00114076
0.00114076
0.00114076
0.00114076
0.00114076
0.00114076
0.00114076
0.00114076
0.00114076
0.00114076
0.00114076
0.00114076
0.00114075
0.00114075
0.00113287
0.00113287
0.00113286
0.00113286
0.00113286
0.00113285
0.00113285
0.00113284
0.00113283
0.00113282
0.00113282
0.00113281
0.0011328
0.00113279
0.00113278
0.00113278
0.00113277
0.00113277
0.00113277
0.00113277
0.00113277
0.00113277
0.00113277
0.00113277
0.00113276
0.00113276
0.00113276
0.00113276
0.00113275
0.00113275
0.00113275
0.00113275
0.00113275
0.00113275
0.00113275
0.00113275
0.00113276
0.00113276
0.00113276
0.00113276
0.00113277
0.00113277
0.00113277
0.00113277
0.00113277
0.00113276
0.00113276
0.00113276
0.00113276
0.00113275
0.00113275
0.00113275
0.00113275
0.00113275
0.00113275
0.00113276
0.00113276
0.00113276
0.00113277
0.00113277
0.00113278
0.00113278
0.00113279
0.00113279
0.0011328
0.0011328
0.00113281
0.00113281
0.00113282
0.00113282
0.00113283
0.00113283
0.00113283
0.00113284
0.00113284
0.00113285
0.00113285
0.00113285
0.00113286
0.00113286
0.00113287
0.00113287
0.00113287
0.00113287
0.00113288
0.00113288
0.00113288
0.00113288
0.00113288
0.00113288
0.00113288
0.00113288
0.00113288
0.00113288
0.00113288
0.00113288
0.00113288
0.00113288
0.00113288
0.00113287
0.00112127
0.00112127
0.00112126
0.00112126
0.00112126
0.00112125
0.00112125
0.00112124
0.00112123
0.00112122
0.00112121
0.0011212
0.0011212
0.00112119
0.00112118
0.00112118
0.00112117
0.00112117
0.00112117
0.00112117
0.00112117
0.00112117
0.00112117
0.00112117
0.00112117
0.00112116
0.00112116
0.00112116
0.00112115
0.00112115
0.00112115
0.00112115
0.00112115
0.00112115
0.00112115
0.00112115
0.00112115
0.00112116
0.00112116
0.00112116
0.00112116
0.00112116
0.00112116
0.00112116
0.00112116
0.00112116
0.00112116
0.00112115
0.00112115
0.00112115
0.00112115
0.00112115
0.00112115
0.00112115
0.00112115
0.00112116
0.00112116
0.00112116
0.00112117
0.00112117
0.00112118
0.00112118
0.00112119
0.00112119
0.0011212
0.0011212
0.00112121
0.00112121
0.00112122
0.00112122
0.00112123
0.00112123
0.00112123
0.00112124
0.00112124
0.00112125
0.00112125
0.00112125
0.00112126
0.00112126
0.00112126
0.00112127
0.00112127
0.00112127
0.00112128
0.00112128
0.00112128
0.00112128
0.00112128
0.00112128
0.00112128
0.00112128
0.00112128
0.00112128
0.00112128
0.00112128
0.00112128
0.00112128
0.00112127
0.00112127
0.00110617
0.00110617
0.00110616
0.00110616
0.00110616
0.00110615
0.00110615
0.00110614
0.00110613
0.00110612
0.00110611
0.0011061
0.0011061
0.00110609
0.00110608
0.00110608
0.00110608
0.00110608
0.00110607
0.00110607
0.00110607
0.00110607
0.00110607
0.00110607
0.00110607
0.00110607
0.00110606
0.00110606
0.00110605
0.00110605
0.00110605
0.00110605
0.00110605
0.00110605
0.00110605
0.00110605
0.00110606
0.00110606
0.00110606
0.00110606
0.00110606
0.00110606
0.00110606
0.00110606
0.00110606
0.00110606
0.00110606
0.00110605
0.00110605
0.00110605
0.00110605
0.00110605
0.00110605
0.00110605
0.00110605
0.00110606
0.00110606
0.00110607
0.00110607
0.00110607
0.00110608
0.00110608
0.00110609
0.00110609
0.0011061
0.0011061
0.00110611
0.00110611
0.00110612
0.00110612
0.00110613
0.00110613
0.00110614
0.00110614
0.00110614
0.00110615
0.00110615
0.00110616
0.00110616
0.00110616
0.00110617
0.00110617
0.00110617
0.00110617
0.00110618
0.00110618
0.00110618
0.00110618
0.00110618
0.00110618
0.00110618
0.00110618
0.00110618
0.00110618
0.00110618
0.00110618
0.00110618
0.00110618
0.00110618
0.00110617
0.00108781
0.00108781
0.00108781
0.00108781
0.0010878
0.0010878
0.00108779
0.00108778
0.00108777
0.00108776
0.00108775
0.00108774
0.00108774
0.00108773
0.00108773
0.00108772
0.00108772
0.00108772
0.00108772
0.00108772
0.00108772
0.00108772
0.00108772
0.00108772
0.00108772
0.00108771
0.00108771
0.0010877
0.0010877
0.0010877
0.00108769
0.00108769
0.00108769
0.00108769
0.0010877
0.0010877
0.0010877
0.0010877
0.0010877
0.00108771
0.00108771
0.00108771
0.00108771
0.00108771
0.0010877
0.0010877
0.0010877
0.0010877
0.00108769
0.00108769
0.00108769
0.00108769
0.00108769
0.0010877
0.0010877
0.0010877
0.00108771
0.00108771
0.00108772
0.00108772
0.00108773
0.00108773
0.00108774
0.00108774
0.00108775
0.00108775
0.00108776
0.00108776
0.00108776
0.00108777
0.00108777
0.00108778
0.00108778
0.00108779
0.00108779
0.00108779
0.0010878
0.0010878
0.0010878
0.00108781
0.00108781
0.00108781
0.00108781
0.00108782
0.00108782
0.00108782
0.00108782
0.00108782
0.00108782
0.00108783
0.00108783
0.00108783
0.00108782
0.00108782
0.00108782
0.00108782
0.00108782
0.00108782
0.00108782
0.00108782
0.00106642
0.00106642
0.00106642
0.00106642
0.00106641
0.00106641
0.0010664
0.00106639
0.00106638
0.00106637
0.00106636
0.00106635
0.00106635
0.00106634
0.00106634
0.00106634
0.00106634
0.00106634
0.00106634
0.00106634
0.00106634
0.00106634
0.00106634
0.00106633
0.00106633
0.00106633
0.00106632
0.00106632
0.00106631
0.00106631
0.00106631
0.00106631
0.00106631
0.00106631
0.00106631
0.00106631
0.00106631
0.00106632
0.00106632
0.00106632
0.00106632
0.00106632
0.00106632
0.00106632
0.00106631
0.00106631
0.00106631
0.00106631
0.0010663
0.0010663
0.0010663
0.0010663
0.00106631
0.00106631
0.00106631
0.00106632
0.00106632
0.00106633
0.00106633
0.00106634
0.00106634
0.00106635
0.00106635
0.00106636
0.00106636
0.00106637
0.00106637
0.00106637
0.00106638
0.00106638
0.00106639
0.00106639
0.00106639
0.0010664
0.0010664
0.00106641
0.00106641
0.00106641
0.00106642
0.00106642
0.00106642
0.00106642
0.00106643
0.00106643
0.00106643
0.00106643
0.00106643
0.00106643
0.00106644
0.00106644
0.00106644
0.00106644
0.00106644
0.00106644
0.00106643
0.00106643
0.00106643
0.00106643
0.00106643
0.00106643
0.00104218
0.00104218
0.00104218
0.00104218
0.00104217
0.00104216
0.00104215
0.00104215
0.00104214
0.00104213
0.00104212
0.00104211
0.00104211
0.0010421
0.0010421
0.0010421
0.0010421
0.0010421
0.0010421
0.0010421
0.0010421
0.0010421
0.0010421
0.0010421
0.00104209
0.00104209
0.00104208
0.00104208
0.00104207
0.00104207
0.00104207
0.00104207
0.00104207
0.00104207
0.00104207
0.00104207
0.00104208
0.00104208
0.00104208
0.00104208
0.00104208
0.00104208
0.00104208
0.00104208
0.00104207
0.00104207
0.00104207
0.00104207
0.00104206
0.00104206
0.00104206
0.00104207
0.00104207
0.00104207
0.00104208
0.00104208
0.00104209
0.00104209
0.0010421
0.0010421
0.00104211
0.00104211
0.00104212
0.00104212
0.00104213
0.00104213
0.00104213
0.00104214
0.00104214
0.00104215
0.00104215
0.00104215
0.00104216
0.00104216
0.00104216
0.00104217
0.00104217
0.00104217
0.00104218
0.00104218
0.00104218
0.00104218
0.00104219
0.00104219
0.00104219
0.00104219
0.00104219
0.00104219
0.0010422
0.0010422
0.0010422
0.0010422
0.0010422
0.00104219
0.00104219
0.00104219
0.00104219
0.00104219
0.00104219
0.00104219
0.00101521
0.00101521
0.00101521
0.0010152
0.0010152
0.00101519
0.00101518
0.00101517
0.00101516
0.00101515
0.00101514
0.00101513
0.00101513
0.00101513
0.00101512
0.00101512
0.00101513
0.00101513
0.00101513
0.00101513
0.00101513
0.00101513
0.00101513
0.00101513
0.00101512
0.00101511
0.00101511
0.0010151
0.0010151
0.0010151
0.0010151
0.0010151
0.0010151
0.0010151
0.0010151
0.0010151
0.0010151
0.00101511
0.00101511
0.00101511
0.00101511
0.00101511
0.00101511
0.0010151
0.0010151
0.0010151
0.00101509
0.00101509
0.00101509
0.00101509
0.00101509
0.0010151
0.0010151
0.0010151
0.00101511
0.00101511
0.00101512
0.00101512
0.00101513
0.00101513
0.00101514
0.00101514
0.00101515
0.00101515
0.00101516
0.00101516
0.00101517
0.00101517
0.00101517
0.00101518
0.00101518
0.00101518
0.00101519
0.00101519
0.00101519
0.0010152
0.0010152
0.0010152
0.0010152
0.00101521
0.00101521
0.00101521
0.00101521
0.00101522
0.00101522
0.00101522
0.00101522
0.00101522
0.00101522
0.00101522
0.00101522
0.00101522
0.00101522
0.00101522
0.00101522
0.00101522
0.00101522
0.00101522
0.00101522
0.00101521
0.000985546
0.000985543
0.00098554
0.000985536
0.000985529
0.00098552
0.000985509
0.0009855
0.000985491
0.000985481
0.000985473
0.000985467
0.000985463
0.000985461
0.00098546
0.000985461
0.000985463
0.000985465
0.000985467
0.000985468
0.000985469
0.000985468
0.000985466
0.000985462
0.000985456
0.000985451
0.000985445
0.00098544
0.000985436
0.000985433
0.000985432
0.000985433
0.000985434
0.000985437
0.000985439
0.000985441
0.000985443
0.000985444
0.000985445
0.000985446
0.000985446
0.000985445
0.000985442
0.00098544
0.000985437
0.000985433
0.00098543
0.000985428
0.000985428
0.000985429
0.000985432
0.000985435
0.00098544
0.000985445
0.00098545
0.000985456
0.000985461
0.000985466
0.000985471
0.000985476
0.00098548
0.000985485
0.000985489
0.000985493
0.000985497
0.000985501
0.000985505
0.000985509
0.000985513
0.000985516
0.000985519
0.000985522
0.000985525
0.000985528
0.000985531
0.000985534
0.000985536
0.000985539
0.000985541
0.000985543
0.000985545
0.000985547
0.000985549
0.000985551
0.000985552
0.000985553
0.000985554
0.000985555
0.000985556
0.000985556
0.000985556
0.000985556
0.000985556
0.000985555
0.000985555
0.000985554
0.000985553
0.000985553
0.000985552
0.00098555
0.000953153
0.00095315
0.000953147
0.000953141
0.000953134
0.000953124
0.000953112
0.000953103
0.000953094
0.000953085
0.000953077
0.000953072
0.000953069
0.000953068
0.000953068
0.00095307
0.000953072
0.000953075
0.000953077
0.000953078
0.000953079
0.000953078
0.000953075
0.00095307
0.000953064
0.000953058
0.000953053
0.000953048
0.000953044
0.000953042
0.000953041
0.000953043
0.000953045
0.000953047
0.00095305
0.000953052
0.000953053
0.000953055
0.000953056
0.000953057
0.000953056
0.000953055
0.000953051
0.000953048
0.000953045
0.000953042
0.000953039
0.000953037
0.000953037
0.000953039
0.000953043
0.000953048
0.000953053
0.000953058
0.000953064
0.00095307
0.000953075
0.00095308
0.000953085
0.00095309
0.000953094
0.000953098
0.000953103
0.000953107
0.000953111
0.000953114
0.000953118
0.000953121
0.000953125
0.000953128
0.000953131
0.000953134
0.000953136
0.000953139
0.000953141
0.000953144
0.000953146
0.000953148
0.00095315
0.000953152
0.000953154
0.000953155
0.000953157
0.000953158
0.00095316
0.000953161
0.000953162
0.000953162
0.000953163
0.000953163
0.000953163
0.000953163
0.000953163
0.000953162
0.000953162
0.000953161
0.000953161
0.00095316
0.000953159
0.000953157
0.000917919
0.000917915
0.000917911
0.000917905
0.000917896
0.000917885
0.000917873
0.000917863
0.000917855
0.000917846
0.000917839
0.000917834
0.000917832
0.000917832
0.000917834
0.000917837
0.00091784
0.000917844
0.000917846
0.000917847
0.000917847
0.000917845
0.000917841
0.000917836
0.000917829
0.000917823
0.000917818
0.000917813
0.00091781
0.000917808
0.000917809
0.000917811
0.000917814
0.000917817
0.000917819
0.000917821
0.000917822
0.000917823
0.000917825
0.000917825
0.000917825
0.000917822
0.000917818
0.000917815
0.000917812
0.000917808
0.000917805
0.000917804
0.000917805
0.000917808
0.000917813
0.000917818
0.000917824
0.00091783
0.000917836
0.000917842
0.000917847
0.000917852
0.000917857
0.000917862
0.000917866
0.00091787
0.000917874
0.000917878
0.000917882
0.000917885
0.000917888
0.000917892
0.000917895
0.000917897
0.0009179
0.000917903
0.000917905
0.000917907
0.000917909
0.000917911
0.000917913
0.000917915
0.000917917
0.000917919
0.00091792
0.000917922
0.000917923
0.000917924
0.000917925
0.000917926
0.000917927
0.000917927
0.000917928
0.000917928
0.000917928
0.000917928
0.000917928
0.000917927
0.000917927
0.000917926
0.000917926
0.000917925
0.000917924
0.000917922
0.000879654
0.000879649
0.000879645
0.000879637
0.000879627
0.000879615
0.000879603
0.000879594
0.000879585
0.000879577
0.000879571
0.000879567
0.000879566
0.000879568
0.000879571
0.000879574
0.000879578
0.000879582
0.000879585
0.000879585
0.000879585
0.000879581
0.000879577
0.00087957
0.000879563
0.000879558
0.000879553
0.000879549
0.000879545
0.000879545
0.000879546
0.00087955
0.000879553
0.000879556
0.000879558
0.000879559
0.00087956
0.000879562
0.000879564
0.000879564
0.000879563
0.00087956
0.000879555
0.000879552
0.000879548
0.000879545
0.000879542
0.000879542
0.000879544
0.000879548
0.000879553
0.00087956
0.000879566
0.000879573
0.000879579
0.000879585
0.00087959
0.000879595
0.0008796
0.000879604
0.000879608
0.000879612
0.000879616
0.000879619
0.000879623
0.000879626
0.000879629
0.000879632
0.000879634
0.000879637
0.000879639
0.000879641
0.000879643
0.000879645
0.000879647
0.000879649
0.000879651
0.000879652
0.000879654
0.000879655
0.000879656
0.000879658
0.000879659
0.00087966
0.00087966
0.000879661
0.000879662
0.000879662
0.000879662
0.000879663
0.000879663
0.000879662
0.000879662
0.000879662
0.000879661
0.000879661
0.00087966
0.00087966
0.000879659
0.000879657
0.000838102
0.000838097
0.000838092
0.000838083
0.000838072
0.000838059
0.000838047
0.000838038
0.00083803
0.000838023
0.000838017
0.000838014
0.000838015
0.000838018
0.000838022
0.000838026
0.000838031
0.000838035
0.000838037
0.000838037
0.000838036
0.000838031
0.000838026
0.000838019
0.000838012
0.000838007
0.000838002
0.000837998
0.000837995
0.000837996
0.000837998
0.000838003
0.000838007
0.000838009
0.000838011
0.000838012
0.000838013
0.000838015
0.000838017
0.000838017
0.000838015
0.000838011
0.000838006
0.000838002
0.000837999
0.000837995
0.000837993
0.000837994
0.000837997
0.000838002
0.000838008
0.000838015
0.000838023
0.000838029
0.000838036
0.000838041
0.000838047
0.000838052
0.000838056
0.000838061
0.000838064
0.000838068
0.000838071
0.000838075
0.000838078
0.00083808
0.000838083
0.000838086
0.000838088
0.00083809
0.000838092
0.000838094
0.000838096
0.000838097
0.000838099
0.0008381
0.000838102
0.000838103
0.000838104
0.000838105
0.000838106
0.000838107
0.000838108
0.000838109
0.00083811
0.00083811
0.000838111
0.000838111
0.000838111
0.000838111
0.000838111
0.000838111
0.000838111
0.000838111
0.00083811
0.00083811
0.000838109
0.000838108
0.000838108
0.000838106
0.000792947
0.000792942
0.000792935
0.000792925
0.000792912
0.000792899
0.000792887
0.000792878
0.000792871
0.000792864
0.000792859
0.000792858
0.00079286
0.000792865
0.00079287
0.000792875
0.00079288
0.000792886
0.000792887
0.000792886
0.000792883
0.000792877
0.000792871
0.000792863
0.000792856
0.000792851
0.000792847
0.000792844
0.000792842
0.000792843
0.000792847
0.000792853
0.000792857
0.000792859
0.00079286
0.000792861
0.000792862
0.000792865
0.000792867
0.000792866
0.000792864
0.000792859
0.000792853
0.000792849
0.000792846
0.000792843
0.000792841
0.000792843
0.000792847
0.000792853
0.000792861
0.000792868
0.000792876
0.000792883
0.000792889
0.000792895
0.0007929
0.000792905
0.000792909
0.000792913
0.000792917
0.00079292
0.000792923
0.000792926
0.000792929
0.000792931
0.000792933
0.000792936
0.000792937
0.000792939
0.000792941
0.000792943
0.000792944
0.000792945
0.000792947
0.000792948
0.000792949
0.00079295
0.000792951
0.000792952
0.000792953
0.000792953
0.000792954
0.000792955
0.000792955
0.000792956
0.000792956
0.000792956
0.000792956
0.000792956
0.000792956
0.000792956
0.000792956
0.000792956
0.000792955
0.000792955
0.000792954
0.000792954
0.000792953
0.000792951
0.000743816
0.000743809
0.000743801
0.000743789
0.000743776
0.000743762
0.00074375
0.000743742
0.000743736
0.00074373
0.000743726
0.000743727
0.000743731
0.000743736
0.000743743
0.000743749
0.000743754
0.00074376
0.000743761
0.000743758
0.000743753
0.000743746
0.000743739
0.000743731
0.000743724
0.00074372
0.000743716
0.000743713
0.000743712
0.000743715
0.000743721
0.000743728
0.000743732
0.000743733
0.000743733
0.000743733
0.000743735
0.000743739
0.000743741
0.000743739
0.000743735
0.000743729
0.000743723
0.00074372
0.000743717
0.000743714
0.000743713
0.000743716
0.000743721
0.000743729
0.000743737
0.000743746
0.000743753
0.00074376
0.000743767
0.000743772
0.000743777
0.000743782
0.000743786
0.000743789
0.000743793
0.000743796
0.000743798
0.000743801
0.000743803
0.000743805
0.000743807
0.000743809
0.00074381
0.000743812
0.000743813
0.000743814
0.000743816
0.000743817
0.000743818
0.000743819
0.000743819
0.00074382
0.000743821
0.000743822
0.000743822
0.000743823
0.000743823
0.000743824
0.000743824
0.000743824
0.000743825
0.000743825
0.000743825
0.000743825
0.000743825
0.000743825
0.000743824
0.000743824
0.000743824
0.000743823
0.000743823
0.000743822
0.000743822
0.00074382
0.000690286
0.000690277
0.000690268
0.000690255
0.00069024
0.000690227
0.000690215
0.000690209
0.000690204
0.000690198
0.000690196
0.000690198
0.000690204
0.000690212
0.000690219
0.000690226
0.000690232
0.000690237
0.000690237
0.000690232
0.000690226
0.000690217
0.000690209
0.000690201
0.000690194
0.000690191
0.000690188
0.000690185
0.000690185
0.00069019
0.000690197
0.000690206
0.000690209
0.000690208
0.000690208
0.000690208
0.000690211
0.000690216
0.000690217
0.000690214
0.000690209
0.000690202
0.000690196
0.000690193
0.00069019
0.000690187
0.000690188
0.000690192
0.000690199
0.000690208
0.000690217
0.000690226
0.000690234
0.000690241
0.000690247
0.000690252
0.000690257
0.000690261
0.000690264
0.000690267
0.00069027
0.000690273
0.000690275
0.000690277
0.000690279
0.000690281
0.000690282
0.000690284
0.000690285
0.000690286
0.000690287
0.000690288
0.000690289
0.00069029
0.000690291
0.000690291
0.000690292
0.000690293
0.000690293
0.000690294
0.000690294
0.000690294
0.000690295
0.000690295
0.000690295
0.000690296
0.000690296
0.000690296
0.000690296
0.000690296
0.000690296
0.000690295
0.000690295
0.000690295
0.000690295
0.000690294
0.000690294
0.000690293
0.000690293
0.000690291
0.000631897
0.000631887
0.000631876
0.00063186
0.000631845
0.000631832
0.000631821
0.000631817
0.000631813
0.000631809
0.000631809
0.000631813
0.000631822
0.00063183
0.000631839
0.000631846
0.000631852
0.000631857
0.000631855
0.000631846
0.000631838
0.000631828
0.000631819
0.000631811
0.000631805
0.000631803
0.000631801
0.000631799
0.000631801
0.000631808
0.000631817
0.000631827
0.000631829
0.000631825
0.000631824
0.000631825
0.000631829
0.000631835
0.000631836
0.00063183
0.000631823
0.000631815
0.000631809
0.000631807
0.000631804
0.000631803
0.000631804
0.000631811
0.00063182
0.00063183
0.00063184
0.000631849
0.000631856
0.000631863
0.000631869
0.000631873
0.000631877
0.000631881
0.000631884
0.000631887
0.000631889
0.000631891
0.000631893
0.000631894
0.000631896
0.000631897
0.000631898
0.000631899
0.0006319
0.000631901
0.000631902
0.000631903
0.000631903
0.000631904
0.000631905
0.000631905
0.000631906
0.000631906
0.000631906
0.000631907
0.000631907
0.000631907
0.000631908
0.000631908
0.000631908
0.000631908
0.000631908
0.000631908
0.000631908
0.000631908
0.000631908
0.000631908
0.000631907
0.000631907
0.000631907
0.000631907
0.000631906
0.000631906
0.000631905
0.000631904
0.000568165
0.00056815
0.000568136
0.000568119
0.000568103
0.000568092
0.000568084
0.000568081
0.000568078
0.000568077
0.00056808
0.000568087
0.000568098
0.000568108
0.000568117
0.000568124
0.00056813
0.000568135
0.000568129
0.000568115
0.000568104
0.000568092
0.000568082
0.000568077
0.000568072
0.000568071
0.000568069
0.000568071
0.000568075
0.000568084
0.000568095
0.000568106
0.000568106
0.000568097
0.000568094
0.000568096
0.000568102
0.000568109
0.000568109
0.0005681
0.000568089
0.000568083
0.000568078
0.000568076
0.000568074
0.000568075
0.000568079
0.000568088
0.000568099
0.00056811
0.00056812
0.000568129
0.000568136
0.000568142
0.000568147
0.000568151
0.000568154
0.000568157
0.00056816
0.000568162
0.000568164
0.000568165
0.000568166
0.000568168
0.000568169
0.00056817
0.00056817
0.000568171
0.000568172
0.000568173
0.000568173
0.000568174
0.000568174
0.000568175
0.000568175
0.000568175
0.000568176
0.000568176
0.000568176
0.000568176
0.000568177
0.000568177
0.000568177
0.000568177
0.000568177
0.000568177
0.000568177
0.000568177
0.000568177
0.000568177
0.000568177
0.000568177
0.000568176
0.000568176
0.000568176
0.000568176
0.000568176
0.000568175
0.000568174
0.000568173
0.000498607
0.000498583
0.000498563
0.000498547
0.000498527
0.000498528
0.000498524
0.000498523
0.000498515
0.000498523
0.000498531
0.000498541
0.000498554
0.000498565
0.000498574
0.000498581
0.000498586
0.00049859
0.000498579
0.000498555
0.000498536
0.000498526
0.000498511
0.000498517
0.000498517
0.000498517
0.00049851
0.000498519
0.000498528
0.00049854
0.000498553
0.000498564
0.000498559
0.00049854
0.000498531
0.000498536
0.000498545
0.000498554
0.00049855
0.00049854
0.000498523
0.000498525
0.000498524
0.000498523
0.000498515
0.000498524
0.000498533
0.000498544
0.000498556
0.000498568
0.000498578
0.000498586
0.000498593
0.000498598
0.000498602
0.000498605
0.000498608
0.00049861
0.000498612
0.000498613
0.000498614
0.000498615
0.000498616
0.000498617
0.000498618
0.000498618
0.000498619
0.000498619
0.00049862
0.00049862
0.000498621
0.000498621
0.000498621
0.000498622
0.000498622
0.000498622
0.000498622
0.000498622
0.000498623
0.000498623
0.000498623
0.000498623
0.000498623
0.000498623
0.000498623
0.000498623
0.000498623
0.000498623
0.000498623
0.000498623
0.000498623
0.000498623
0.000498622
0.000498622
0.000498622
0.000498622
0.000498622
0.000498621
0.00049862
0.000498619
0.000422809
0.000422764
0.000422719
0.000422723
0.000422698
0.00042274
0.000422756
0.000422759
0.000422703
0.00042273
0.000422747
0.000422762
0.000422776
0.000422787
0.000422795
0.000422801
0.000422805
0.000422808
0.000422789
0.000422745
0.000422699
0.000422707
0.000422688
0.000422734
0.000422752
0.000422755
0.0004227
0.000422728
0.000422746
0.000422762
0.000422776
0.000422787
0.000422774
0.000422735
0.000422701
0.000422709
0.000422721
0.000422731
0.000422722
0.000422727
0.000422702
0.000422744
0.00042276
0.000422762
0.000422706
0.000422733
0.000422751
0.000422766
0.00042278
0.000422791
0.0004228
0.000422807
0.000422812
0.000422816
0.000422819
0.000422821
0.000422823
0.000422824
0.000422825
0.000422826
0.000422827
0.000422828
0.000422828
0.000422829
0.000422829
0.000422829
0.00042283
0.00042283
0.00042283
0.000422831
0.000422831
0.000422831
0.000422831
0.000422831
0.000422831
0.000422831
0.000422832
0.000422832
0.000422832
0.000422832
0.000422832
0.000422832
0.000422832
0.000422832
0.000422832
0.000422832
0.000422832
0.000422832
0.000422832
0.000422832
0.000422832
0.000422832
0.000422831
0.000422831
0.000422831
0.000422831
0.000422831
0.00042283
0.00042283
0.000422827
0.000340533
0.000340481
0.000340354
0.000340459
0.000340446
0.000340631
0.000340708
0.000340724
0.000340397
0.000340444
0.00034048
0.000340501
0.000340515
0.000340525
0.000340531
0.000340535
0.000340538
0.000340539
0.000340507
0.000340475
0.000340341
0.000340449
0.000340441
0.000340629
0.000340708
0.000340723
0.000340394
0.000340443
0.000340479
0.0003405
0.000340515
0.000340524
0.000340497
0.00034047
0.000340352
0.00034035
0.000340365
0.000340376
0.000340359
0.000340473
0.000340456
0.000340638
0.000340715
0.00034073
0.0003404
0.000340448
0.000340483
0.000340504
0.000340518
0.000340529
0.000340536
0.00034054
0.000340544
0.000340546
0.000340548
0.000340549
0.00034055
0.000340551
0.000340551
0.000340552
0.000340552
0.000340553
0.000340553
0.000340553
0.000340553
0.000340553
0.000340554
0.000340554
0.000340554
0.000340554
0.000340554
0.000340554
0.000340554
0.000340554
0.000340554
0.000340555
0.000340555
0.000340555
0.000340555
0.000340555
0.000340555
0.000340555
0.000340555
0.000340555
0.000340555
0.000340555
0.000340555
0.000340555
0.000340555
0.000340555
0.000340555
0.000340554
0.000340554
0.000340554
0.000340554
0.000340554
0.000340554
0.000340554
0.000340553
0.00034055
0.000251881
0.000252139
0.000251852
0.000252373
0.000252463
0.000253053
0.000253283
0.000253336
0.000251729
0.000251687
0.000251727
0.000251751
0.000251764
0.000251771
0.000251774
0.000251776
0.000251777
0.000251776
0.000251723
0.000252137
0.000251849
0.00025237
0.000252463
0.000253053
0.000253283
0.000253335
0.000251727
0.000251685
0.000251725
0.000251749
0.000251762
0.000251768
0.000251717
0.000252136
0.000251867
0.000251828
0.000251837
0.000251847
0.000251817
0.000252383
0.000252475
0.000253061
0.00025329
0.000253342
0.000251732
0.000251689
0.000251729
0.000251752
0.000251766
0.000251773
0.000251777
0.00025178
0.000251781
0.000251782
0.000251783
0.000251784
0.000251784
0.000251784
0.000251784
0.000251785
0.000251785
0.000251785
0.000251785
0.000251785
0.000251785
0.000251785
0.000251785
0.000251785
0.000251785
0.000251785
0.000251785
0.000251785
0.000251786
0.000251786
0.000251786
0.000251786
0.000251786
0.000251786
0.000251786
0.000251786
0.000251786
0.000251786
0.000251786
0.000251786
0.000251786
0.000251786
0.000251786
0.000251786
0.000251786
0.000251786
0.000251786
0.000251786
0.000251786
0.000251785
0.000251785
0.000251785
0.000251785
0.000251785
0.000251784
0.00025178
0.000157823
0.000160297
0.000160297
0.000162117
0.000162406
0.000163782
0.000164152
0.00016424
0.000157789
0.000157113
0.000157053
0.000157056
0.000157061
0.000157063
0.000157064
0.000157064
0.000157064
0.000157062
0.000156996
0.000160206
0.000160288
0.000162119
0.00016241
0.000163784
0.000164152
0.000164238
0.000157787
0.000157111
0.000157051
0.000157054
0.000157059
0.000157059
0.000156995
0.000160207
0.000160307
0.000160322
0.000160335
0.000160341
0.000160307
0.000162132
0.000162416
0.000163789
0.000164158
0.000164244
0.000157791
0.000157114
0.000157054
0.000157056
0.000157061
0.000157064
0.000157066
0.000157066
0.000157066
0.000157067
0.000157067
0.000157067
0.000157067
0.000157067
0.000157067
0.000157067
0.000157067
0.000157067
0.000157067
0.000157067
0.000157067
0.000157067
0.000157067
0.000157067
0.000157067
0.000157067
0.000157067
0.000157067
0.000157067
0.000157067
0.000157067
0.000157067
0.000157067
0.000157067
0.000157067
0.000157067
0.000157067
0.000157067
0.000157067
0.000157067
0.000157067
0.000157067
0.000157067
0.000157067
0.000157067
0.000157067
0.000157067
0.000157067
0.000157067
0.000157067
0.000157067
0.000157067
0.000157067
0.000157067
0.000157066
0.000157063
6.60306e-05
7.27294e-05
7.23468e-05
7.5622e-05
7.57219e-05
7.85979e-05
7.8973e-05
7.90285e-05
6.59918e-05
6.56248e-05
6.56101e-05
6.56124e-05
6.56139e-05
6.5615e-05
6.5616e-05
6.5617e-05
6.56177e-05
6.56182e-05
6.56179e-05
7.27294e-05
7.23511e-05
7.56235e-05
7.5722e-05
7.85929e-05
7.8966e-05
7.90207e-05
6.59915e-05
6.56247e-05
6.56105e-05
6.56131e-05
6.56148e-05
6.56154e-05
6.56154e-05
7.27269e-05
7.23436e-05
7.23044e-05
7.23044e-05
7.23064e-05
7.23146e-05
7.56265e-05
7.57268e-05
7.86012e-05
7.89773e-05
7.90336e-05
6.59904e-05
6.56236e-05
6.56092e-05
6.56117e-05
6.56134e-05
6.56141e-05
6.56145e-05
6.56147e-05
6.56148e-05
6.56149e-05
6.56149e-05
6.5615e-05
6.5615e-05
6.5615e-05
6.5615e-05
6.5615e-05
6.5615e-05
6.5615e-05
6.5615e-05
6.56151e-05
6.56151e-05
6.56151e-05
6.56151e-05
6.56152e-05
6.56152e-05
6.56152e-05
6.56152e-05
6.56152e-05
6.56152e-05
6.56152e-05
6.56151e-05
6.56151e-05
6.56152e-05
6.56152e-05
6.56152e-05
6.56152e-05
6.56152e-05
6.56152e-05
6.56152e-05
6.56152e-05
6.56152e-05
6.56152e-05
6.56152e-05
6.56152e-05
6.56152e-05
6.56152e-05
6.56152e-05
6.56152e-05
6.56152e-05
6.56152e-05
6.56152e-05
6.56152e-05
6.56152e-05
6.56153e-05
6.56153e-05
6.56158e-05
)
;

boundaryField
{
    inlet
    {
        type            cyclic;
    }
    outlet
    {
        type            cyclic;
    }
    bottomWall
    {
        type            nutkWallFunction;
        Cmu             0.09;
        kappa           0.41;
        E               9.8;
        value           nonuniform List<scalar> 
100
(
2.32799e-08
0
0
0
0
3.23067e-08
0
0
0
0
0
0
0
0
0
0
3.29182e-08
4.43472e-08
4.67742e-08
0
0
0
0
0
0
0
0
0
0
0
0
0
0
0
0
0
0
0
0
0
0
0
0
0
0
0
0
0
0
0
0
0
0
0
0
0
0
0
0
0
0
0
0
0
0
0
0
0
0
0
0
0
0
0
0
0
0
0
0
0
0
0
0
0
0
0
0
0
0
0
0
0
0
0
0
0
0
0
0
0
)
;
    }
    topWall
    {
        type            nutkWallFunction;
        Cmu             0.09;
        kappa           0.41;
        E               9.8;
        value           nonuniform List<scalar> 
100
(
0
0
0
0
0
2.96674e-08
4.16691e-08
4.42502e-08
0
0
0
0
0
0
0
0
0
0
0
0
0
0
0
3.01383e-08
4.18903e-08
4.4391e-08
0
0
0
0
0
0
0
0
0
0
0
0
0
0
0
3.00873e-08
4.18179e-08
4.43618e-08
0
0
0
0
0
0
0
0
0
0
0
0
0
0
0
0
0
0
0
0
0
0
0
0
0
0
0
0
0
0
0
0
0
0
0
0
0
0
0
0
0
0
0
0
0
0
0
0
0
0
0
0
0
0
0
0
)
;
    }
    frontAndBack
    {
        type            empty;
    }
}


// ************************************************************************* //
