/*--------------------------------*- C++ -*----------------------------------*\
  =========                 |
  \\      /  F ield         | OpenFOAM: The Open Source CFD Toolbox
   \\    /   O peration     | Website:  https://openfoam.org
    \\  /    A nd           | Version:  11
     \\/     M anipulation  |
\*---------------------------------------------------------------------------*/
FoamFile
{
    format      ascii;
    class       volScalarField;
    location    "900";
    object      omega;
}
// * * * * * * * * * * * * * * * * * * * * * * * * * * * * * * * * * * * * * //

dimensions      [0 0 -1 0 0 0 0];

internalField   nonuniform List<scalar> 
5000
(
13333.3
15656.5
13333.3
13333.3
13333.3
13333.3
15663.7
15682.3
13333.3
13333.3
13333.3
13333.3
13333.3
13333.3
13333.3
13333.3
13333.3
13333.3
13333.3
15670.1
15684
15685.1
15685.1
15684.9
15684.6
15684.4
15684.3
15684.2
15684.2
15684.1
15684
15684
15684.2
15684.5
15684.8
15684.9
15685
15684.9
15686.7
13333.3
13333.3
13333.3
13333.3
13333.3
13333.3
13333.3
13333.3
13333.3
13333.3
13333.3
13333.3
13333.3
13333.3
13333.3
13333.3
13333.3
13333.3
13333.3
13333.3
13333.3
13333.3
13333.3
13333.3
13333.3
13333.3
13333.3
13333.3
13333.3
13333.3
13333.3
13333.3
13333.3
13333.3
13333.3
13333.3
13333.3
13333.3
13333.3
13333.3
13333.3
13333.3
13333.3
13333.3
13333.3
13333.3
13333.3
13333.3
13333.3
13333.3
13333.3
13333.3
13333.3
13333.3
13333.3
13333.3
13333.3
13333.3
13333.3
13333.3
13333.3
5786.08
5943.48
5825.61
5783.92
5776.72
5765.72
5941.97
5965.8
5828.56
5819.59
5819.98
5820.27
5820.3
5821.12
5785.96
5777.69
5766.11
5760.05
5758.54
5940.99
5963.84
5965.85
5965.72
5965.49
5965.35
5965.27
5965.25
5965.24
5965.24
5965.22
5965.2
5965.19
5965.17
5965.19
5965.23
5965.27
5965.3
5965.37
5967.94
5828.33
5819.31
5819.78
5820.09
5820.13
5820.13
5820.12
5820.11
5820.09
5820.07
5820.06
5820.05
5820.05
5820.05
5820.04
5820.04
5820.04
5820.04
5820.04
5820.04
5820.04
5820.05
5820.05
5820.05
5820.05
5820.05
5820.05
5820.05
5820.05
5820.05
5820.05
5820.05
5820.05
5820.05
5820.05
5820.06
5820.06
5820.06
5820.06
5820.06
5820.06
5820.06
5820.06
5820.06
5820.06
5820.06
5820.06
5820.06
5820.06
5820.06
5820.06
5820.06
5820.06
5820.06
5820.06
5820.06
5820.06
5820.07
5820.07
5820.1
5820.84
3489.47
3505.5
3496.95
3489.76
3487.64
3485.59
3505.67
3510.86
3498.04
3496.63
3496.69
3496.72
3496.72
3497.1
3490.5
3488.05
3485.86
3484.14
3483.55
3505.3
3510.65
3511.33
3511.31
3511.23
3511.15
3511.1
3511.07
3511.04
3511.02
3510.99
3510.97
3510.96
3510.95
3510.97
3511
3511.02
3511.04
3511.06
3511.55
3498
3496.53
3496.6
3496.63
3496.62
3496.6
3496.58
3496.55
3496.52
3496.5
3496.48
3496.47
3496.47
3496.46
3496.46
3496.46
3496.46
3496.46
3496.46
3496.46
3496.46
3496.46
3496.46
3496.46
3496.46
3496.46
3496.46
3496.46
3496.46
3496.46
3496.46
3496.46
3496.46
3496.46
3496.46
3496.46
3496.46
3496.46
3496.46
3496.46
3496.46
3496.46
3496.46
3496.46
3496.46
3496.46
3496.46
3496.46
3496.46
3496.46
3496.46
3496.47
3496.47
3496.47
3496.47
3496.47
3496.47
3496.47
3496.47
3496.5
3496.98
2454.12
2456.15
2455.67
2454.39
2453.87
2453.43
2456.35
2457.44
2456.1
2456.02
2456.07
2456.08
2456.09
2456.2
2454.79
2454.13
2453.62
2453.12
2452.94
2456.33
2457.54
2457.75
2457.77
2457.75
2457.73
2457.7
2457.68
2457.65
2457.63
2457.61
2457.59
2457.58
2457.57
2457.58
2457.59
2457.6
2457.61
2457.61
2457.69
2456.13
2456
2456.03
2456.03
2456.03
2456.03
2456.01
2455.99
2455.97
2455.96
2455.94
2455.94
2455.93
2455.93
2455.92
2455.92
2455.92
2455.92
2455.92
2455.92
2455.92
2455.92
2455.92
2455.92
2455.92
2455.92
2455.92
2455.92
2455.92
2455.92
2455.92
2455.92
2455.92
2455.92
2455.92
2455.92
2455.92
2455.92
2455.92
2455.92
2455.92
2455.92
2455.92
2455.92
2455.92
2455.92
2455.92
2455.92
2455.92
2455.92
2455.92
2455.92
2455.92
2455.92
2455.92
2455.92
2455.92
2455.92
2455.92
2455.94
2456.12
1876.92
1877.19
1877.25
1877.01
1876.9
1876.77
1877.25
1877.49
1877.41
1877.48
1877.52
1877.54
1877.56
1877.59
1877.27
1877.1
1876.93
1876.76
1876.71
1877.34
1877.61
1877.68
1877.7
1877.7
1877.7
1877.69
1877.68
1877.67
1877.65
1877.63
1877.62
1877.61
1877.6
1877.6
1877.61
1877.61
1877.61
1877.61
1877.63
1877.48
1877.51
1877.52
1877.52
1877.53
1877.53
1877.53
1877.52
1877.51
1877.5
1877.49
1877.49
1877.48
1877.48
1877.47
1877.47
1877.47
1877.47
1877.47
1877.47
1877.47
1877.47
1877.46
1877.46
1877.46
1877.46
1877.46
1877.46
1877.46
1877.46
1877.46
1877.46
1877.46
1877.46
1877.46
1877.46
1877.46
1877.46
1877.46
1877.46
1877.46
1877.46
1877.46
1877.46
1877.46
1877.46
1877.46
1877.46
1877.46
1877.46
1877.46
1877.46
1877.46
1877.46
1877.46
1877.46
1877.46
1877.46
1877.46
1877.47
1877.52
1510.36
1510.38
1510.41
1510.36
1510.33
1510.28
1510.36
1510.42
1510.46
1510.51
1510.53
1510.55
1510.57
1510.59
1510.52
1510.48
1510.42
1510.36
1510.35
1510.47
1510.54
1510.56
1510.58
1510.59
1510.6
1510.6
1510.6
1510.59
1510.58
1510.57
1510.56
1510.55
1510.54
1510.54
1510.54
1510.54
1510.54
1510.54
1510.55
1510.55
1510.57
1510.56
1510.56
1510.57
1510.57
1510.58
1510.57
1510.57
1510.56
1510.56
1510.56
1510.55
1510.55
1510.55
1510.54
1510.54
1510.54
1510.54
1510.54
1510.54
1510.54
1510.54
1510.54
1510.54
1510.54
1510.54
1510.54
1510.53
1510.53
1510.53
1510.53
1510.53
1510.53
1510.53
1510.53
1510.53
1510.53
1510.53
1510.53
1510.53
1510.53
1510.53
1510.53
1510.53
1510.53
1510.53
1510.53
1510.53
1510.53
1510.53
1510.53
1510.53
1510.53
1510.53
1510.53
1510.53
1510.53
1510.53
1510.54
1510.55
1256.55
1256.53
1256.53
1256.51
1256.5
1256.48
1256.49
1256.51
1256.54
1256.56
1256.57
1256.59
1256.61
1256.63
1256.62
1256.61
1256.59
1256.57
1256.56
1256.59
1256.61
1256.62
1256.63
1256.65
1256.66
1256.66
1256.67
1256.66
1256.66
1256.65
1256.65
1256.64
1256.64
1256.64
1256.64
1256.63
1256.63
1256.63
1256.64
1256.65
1256.64
1256.63
1256.63
1256.63
1256.63
1256.64
1256.64
1256.64
1256.64
1256.63
1256.63
1256.63
1256.63
1256.62
1256.62
1256.62
1256.62
1256.62
1256.62
1256.62
1256.62
1256.62
1256.61
1256.61
1256.61
1256.61
1256.61
1256.61
1256.61
1256.61
1256.61
1256.61
1256.61
1256.61
1256.61
1256.61
1256.61
1256.61
1256.61
1256.61
1256.61
1256.61
1256.61
1256.61
1256.61
1256.61
1256.61
1256.61
1256.61
1256.61
1256.61
1256.61
1256.61
1256.61
1256.61
1256.61
1256.61
1256.61
1256.61
1256.61
1069.79
1069.78
1069.77
1069.76
1069.74
1069.73
1069.72
1069.73
1069.75
1069.76
1069.77
1069.78
1069.8
1069.81
1069.82
1069.82
1069.81
1069.8
1069.8
1069.81
1069.81
1069.82
1069.83
1069.85
1069.86
1069.87
1069.87
1069.87
1069.87
1069.87
1069.87
1069.86
1069.86
1069.86
1069.86
1069.86
1069.86
1069.86
1069.86
1069.86
1069.85
1069.84
1069.84
1069.83
1069.84
1069.84
1069.84
1069.84
1069.84
1069.84
1069.84
1069.84
1069.84
1069.84
1069.84
1069.83
1069.83
1069.83
1069.83
1069.83
1069.83
1069.83
1069.83
1069.83
1069.83
1069.83
1069.83
1069.83
1069.83
1069.83
1069.83
1069.83
1069.82
1069.82
1069.82
1069.82
1069.82
1069.82
1069.82
1069.82
1069.82
1069.82
1069.82
1069.82
1069.82
1069.82
1069.82
1069.82
1069.82
1069.82
1069.82
1069.82
1069.82
1069.82
1069.82
1069.82
1069.82
1069.82
1069.82
1069.82
926.123
926.112
926.103
926.091
926.077
926.064
926.058
926.061
926.068
926.073
926.077
926.086
926.099
926.112
926.122
926.125
926.121
926.12
926.118
926.12
926.125
926.132
926.14
926.15
926.16
926.17
926.177
926.182
926.184
926.184
926.183
926.182
926.18
926.18
926.18
926.179
926.178
926.178
926.181
926.18
926.172
926.162
926.154
926.151
926.153
926.154
926.156
926.157
926.158
926.158
926.158
926.157
926.156
926.156
926.155
926.154
926.153
926.152
926.151
926.151
926.15
926.15
926.149
926.148
926.148
926.148
926.147
926.147
926.146
926.146
926.146
926.145
926.145
926.144
926.144
926.143
926.143
926.142
926.142
926.141
926.141
926.14
926.14
926.139
926.139
926.138
926.138
926.137
926.137
926.137
926.136
926.136
926.136
926.136
926.135
926.135
926.135
926.135
926.137
926.135
811.836
811.828
811.82
811.81
811.798
811.785
811.778
811.778
811.781
811.782
811.784
811.789
811.799
811.809
811.818
811.823
811.822
811.823
811.821
811.822
811.826
811.831
811.838
811.846
811.855
811.864
811.872
811.877
811.881
811.883
811.884
811.884
811.884
811.884
811.885
811.885
811.884
811.885
811.886
811.886
811.88
811.871
811.864
811.86
811.859
811.86
811.861
811.862
811.863
811.864
811.864
811.864
811.864
811.863
811.863
811.862
811.862
811.861
811.861
811.86
811.86
811.859
811.859
811.858
811.858
811.857
811.857
811.856
811.856
811.856
811.855
811.855
811.854
811.854
811.853
811.852
811.852
811.851
811.851
811.85
811.85
811.849
811.849
811.848
811.848
811.847
811.847
811.846
811.846
811.845
811.845
811.845
811.844
811.844
811.844
811.844
811.843
811.844
811.845
811.843
718.582
718.576
718.57
718.562
718.551
718.54
718.533
718.531
718.531
718.53
718.53
718.532
718.539
718.547
718.555
718.559
718.56
718.561
718.561
718.562
718.565
718.569
718.574
718.58
718.587
718.595
718.603
718.609
718.613
718.617
718.619
718.62
718.621
718.622
718.623
718.624
718.624
718.624
718.626
718.626
718.622
718.615
718.608
718.605
718.603
718.603
718.603
718.604
718.604
718.605
718.606
718.606
718.606
718.606
718.606
718.606
718.606
718.605
718.605
718.604
718.604
718.604
718.603
718.603
718.602
718.602
718.602
718.601
718.601
718.6
718.6
718.599
718.599
718.598
718.598
718.597
718.597
718.596
718.595
718.595
718.594
718.594
718.593
718.593
718.592
718.591
718.591
718.59
718.59
718.589
718.589
718.589
718.588
718.588
718.588
718.587
718.587
718.587
718.588
718.587
641.014
641.009
641.005
640.998
640.99
640.98
640.973
640.97
640.968
640.966
640.964
640.965
640.969
640.975
640.981
640.985
640.987
640.988
640.988
640.989
640.992
640.995
640.999
641.004
641.01
641.016
641.023
641.029
641.034
641.038
641.041
641.043
641.044
641.046
641.048
641.049
641.05
641.05
641.052
641.053
641.05
641.045
641.039
641.036
641.034
641.032
641.032
641.033
641.033
641.034
641.035
641.035
641.035
641.036
641.036
641.036
641.036
641.035
641.035
641.035
641.035
641.034
641.034
641.034
641.033
641.033
641.033
641.032
641.032
641.031
641.031
641.03
641.03
641.029
641.029
641.028
641.028
641.027
641.026
641.026
641.025
641.025
641.024
641.023
641.023
641.022
641.022
641.021
641.021
641.02
641.02
641.019
641.019
641.019
641.018
641.018
641.018
641.018
641.018
641.017
575.571
575.568
575.565
575.56
575.553
575.545
575.538
575.534
575.532
575.529
575.526
575.526
575.528
575.531
575.536
575.539
575.541
575.543
575.543
575.544
575.546
575.549
575.552
575.556
575.56
575.566
575.572
575.577
575.582
575.586
575.589
575.592
575.594
575.597
575.599
575.6
575.601
575.602
575.604
575.605
575.603
575.6
575.596
575.592
575.59
575.589
575.588
575.588
575.588
575.589
575.59
575.59
575.591
575.591
575.591
575.591
575.592
575.591
575.591
575.591
575.591
575.591
575.591
575.59
575.59
575.59
575.59
575.589
575.589
575.588
575.588
575.587
575.587
575.586
575.586
575.585
575.585
575.584
575.583
575.583
575.582
575.582
575.581
575.58
575.58
575.579
575.579
575.578
575.578
575.577
575.577
575.576
575.576
575.575
575.575
575.575
575.575
575.574
575.575
575.574
519.81
519.808
519.805
519.801
519.796
519.789
519.783
519.779
519.776
519.773
519.77
519.768
519.769
519.771
519.774
519.777
519.778
519.78
519.781
519.782
519.783
519.786
519.788
519.791
519.794
519.799
519.804
519.809
519.813
519.817
519.82
519.823
519.826
519.829
519.831
519.833
519.834
519.836
519.837
519.839
519.838
519.836
519.832
519.83
519.828
519.826
519.825
519.825
519.825
519.825
519.826
519.826
519.827
519.827
519.828
519.828
519.828
519.828
519.828
519.828
519.828
519.828
519.828
519.828
519.828
519.827
519.827
519.827
519.826
519.826
519.826
519.825
519.825
519.824
519.824
519.823
519.823
519.822
519.822
519.821
519.82
519.82
519.819
519.819
519.818
519.817
519.817
519.816
519.816
519.815
519.815
519.814
519.814
519.814
519.813
519.813
519.813
519.813
519.813
519.812
472.008
472.007
472.005
472.002
471.997
471.992
471.987
471.983
471.98
471.977
471.973
471.971
471.971
471.972
471.973
471.975
471.977
471.978
471.979
471.979
471.981
471.983
471.985
471.987
471.99
471.993
471.997
472.001
472.005
472.009
472.012
472.015
472.018
472.021
472.023
472.025
472.027
472.029
472.031
472.032
472.032
472.031
472.028
472.026
472.025
472.023
472.022
472.021
472.021
472.022
472.022
472.023
472.023
472.023
472.024
472.024
472.025
472.025
472.025
472.025
472.025
472.025
472.025
472.025
472.025
472.024
472.024
472.024
472.024
472.023
472.023
472.022
472.022
472.022
472.021
472.021
472.02
472.02
472.019
472.019
472.018
472.018
472.017
472.016
472.016
472.015
472.015
472.014
472.014
472.013
472.013
472.012
472.012
472.011
472.011
472.011
472.011
472.01
472.01
472.01
430.929
430.927
430.926
430.923
430.92
430.915
430.911
430.908
430.905
430.901
430.898
430.896
430.895
430.895
430.895
430.896
430.897
430.899
430.899
430.9
430.901
430.902
430.904
430.906
430.908
430.911
430.914
430.917
430.92
430.924
430.927
430.93
430.933
430.935
430.938
430.94
430.942
430.944
430.946
430.947
430.948
430.947
430.946
430.944
430.943
430.941
430.94
430.94
430.94
430.94
430.94
430.94
430.941
430.941
430.942
430.942
430.942
430.943
430.943
430.943
430.943
430.943
430.943
430.943
430.943
430.943
430.943
430.942
430.942
430.942
430.942
430.941
430.941
430.941
430.94
430.94
430.939
430.939
430.938
430.938
430.937
430.937
430.936
430.936
430.935
430.935
430.934
430.934
430.933
430.933
430.932
430.932
430.932
430.931
430.931
430.93
430.93
430.93
430.93
430.93
395.664
395.663
395.662
395.66
395.657
395.654
395.65
395.647
395.644
395.641
395.638
395.635
395.634
395.633
395.633
395.634
395.634
395.635
395.635
395.636
395.637
395.638
395.639
395.64
395.642
395.644
395.647
395.649
395.652
395.655
395.658
395.661
395.663
395.666
395.668
395.671
395.672
395.674
395.676
395.678
395.679
395.679
395.678
395.677
395.676
395.675
395.674
395.673
395.673
395.673
395.673
395.673
395.674
395.674
395.675
395.675
395.675
395.676
395.676
395.676
395.676
395.676
395.676
395.676
395.676
395.676
395.676
395.676
395.676
395.676
395.675
395.675
395.675
395.675
395.674
395.674
395.673
395.673
395.673
395.672
395.672
395.671
395.671
395.671
395.67
395.67
395.669
395.669
395.668
395.668
395.667
395.667
395.667
395.666
395.666
395.665
395.665
395.665
395.665
395.664
365.54
365.539
365.538
365.537
365.535
365.532
365.529
365.526
365.524
365.521
365.518
365.515
365.513
365.512
365.512
365.512
365.512
365.512
365.512
365.513
365.514
365.515
365.515
365.516
365.517
365.519
365.521
365.523
365.525
365.528
365.53
365.533
365.535
365.538
365.54
365.542
365.544
365.546
365.548
365.55
365.551
365.551
365.551
365.55
365.549
365.549
365.548
365.547
365.547
365.547
365.547
365.547
365.547
365.548
365.548
365.548
365.549
365.549
365.549
365.549
365.55
365.55
365.55
365.55
365.55
365.55
365.55
365.55
365.55
365.55
365.55
365.549
365.549
365.549
365.549
365.549
365.548
365.548
365.548
365.547
365.547
365.547
365.546
365.546
365.545
365.545
365.545
365.544
365.544
365.543
365.543
365.543
365.542
365.542
365.541
365.541
365.541
365.541
365.541
365.54
340.047
340.046
340.046
340.045
340.043
340.041
340.038
340.036
340.034
340.031
340.029
340.026
340.024
340.023
340.022
340.022
340.021
340.021
340.021
340.022
340.022
340.023
340.023
340.024
340.025
340.026
340.028
340.029
340.031
340.033
340.035
340.037
340.039
340.042
340.044
340.046
340.048
340.049
340.051
340.053
340.054
340.055
340.055
340.055
340.054
340.054
340.053
340.053
340.052
340.052
340.052
340.052
340.052
340.053
340.053
340.053
340.054
340.054
340.054
340.054
340.055
340.055
340.055
340.055
340.055
340.055
340.055
340.055
340.055
340.055
340.055
340.055
340.055
340.055
340.055
340.055
340.054
340.054
340.054
340.054
340.053
340.053
340.053
340.053
340.052
340.052
340.052
340.051
340.051
340.05
340.05
340.05
340.049
340.049
340.049
340.048
340.048
340.048
340.048
340.047
318.797
318.796
318.796
318.795
318.794
318.792
318.79
318.788
318.786
318.784
318.782
318.779
318.777
318.776
318.775
318.774
318.773
318.773
318.773
318.773
318.773
318.774
318.774
318.775
318.775
318.776
318.777
318.778
318.78
318.781
318.783
318.785
318.787
318.789
318.791
318.793
318.794
318.796
318.798
318.799
318.8
318.801
318.801
318.802
318.801
318.801
318.801
318.8
318.8
318.8
318.8
318.8
318.8
318.8
318.8
318.801
318.801
318.801
318.801
318.802
318.802
318.802
318.802
318.803
318.803
318.803
318.803
318.803
318.803
318.803
318.803
318.803
318.803
318.803
318.803
318.803
318.803
318.803
318.803
318.803
318.802
318.802
318.802
318.802
318.802
318.801
318.801
318.801
318.8
318.8
318.8
318.799
318.799
318.799
318.798
318.798
318.798
318.797
318.797
318.797
301.49
301.49
301.489
301.488
301.487
301.486
301.485
301.483
301.482
301.48
301.477
301.475
301.473
301.472
301.471
301.47
301.469
301.468
301.468
301.468
301.468
301.468
301.469
301.469
301.469
301.47
301.47
301.471
301.472
301.474
301.475
301.477
301.478
301.48
301.482
301.483
301.485
301.486
301.488
301.489
301.49
301.491
301.492
301.492
301.492
301.492
301.492
301.491
301.491
301.491
301.491
301.491
301.491
301.491
301.491
301.491
301.492
301.492
301.492
301.492
301.493
301.493
301.493
301.494
301.494
301.494
301.494
301.495
301.495
301.495
301.495
301.495
301.495
301.495
301.495
301.495
301.495
301.495
301.495
301.495
301.495
301.495
301.495
301.494
301.494
301.494
301.494
301.494
301.493
301.493
301.493
301.492
301.492
301.492
301.491
301.491
301.491
301.49
301.49
301.49
287.897
287.897
287.896
287.896
287.895
287.894
287.893
287.892
287.89
287.888
287.887
287.885
287.883
287.881
287.88
287.879
287.878
287.877
287.877
287.876
287.877
287.877
287.877
287.877
287.877
287.877
287.878
287.879
287.879
287.88
287.881
287.883
287.884
287.885
287.887
287.888
287.889
287.891
287.892
287.893
287.895
287.896
287.896
287.896
287.897
287.897
287.897
287.896
287.896
287.896
287.896
287.896
287.896
287.896
287.896
287.896
287.896
287.897
287.897
287.897
287.897
287.898
287.898
287.898
287.899
287.899
287.899
287.9
287.9
287.9
287.901
287.901
287.901
287.901
287.901
287.901
287.901
287.901
287.901
287.901
287.901
287.901
287.901
287.901
287.901
287.901
287.9
287.9
287.9
287.9
287.9
287.899
287.899
287.899
287.898
287.898
287.898
287.897
287.897
287.897
277.845
277.844
277.844
277.844
277.843
277.842
277.841
277.84
277.839
277.838
277.836
277.834
277.832
277.831
277.83
277.828
277.827
277.827
277.826
277.826
277.826
277.826
277.826
277.826
277.826
277.826
277.826
277.827
277.827
277.828
277.829
277.83
277.831
277.832
277.833
277.834
277.835
277.836
277.837
277.839
277.84
277.841
277.841
277.842
277.842
277.842
277.842
277.842
277.842
277.842
277.841
277.841
277.841
277.841
277.841
277.842
277.842
277.842
277.842
277.843
277.843
277.843
277.844
277.844
277.845
277.845
277.846
277.846
277.846
277.847
277.847
277.847
277.847
277.848
277.848
277.848
277.848
277.848
277.848
277.848
277.848
277.848
277.848
277.848
277.848
277.848
277.848
277.848
277.848
277.847
277.847
277.847
277.847
277.846
277.846
277.846
277.845
277.845
277.845
277.845
271.208
271.208
271.208
271.207
271.207
271.206
271.205
271.204
271.203
271.202
271.201
271.199
271.197
271.196
271.194
271.193
271.192
271.191
271.191
271.19
271.19
271.19
271.19
271.19
271.19
271.19
271.19
271.191
271.191
271.191
271.192
271.193
271.193
271.194
271.195
271.196
271.197
271.198
271.199
271.2
271.201
271.202
271.202
271.203
271.203
271.204
271.204
271.203
271.203
271.203
271.203
271.203
271.203
271.203
271.203
271.203
271.203
271.203
271.204
271.204
271.205
271.205
271.206
271.206
271.206
271.207
271.207
271.208
271.208
271.209
271.209
271.21
271.21
271.21
271.21
271.211
271.211
271.211
271.211
271.211
271.211
271.211
271.211
271.211
271.211
271.211
271.211
271.211
271.211
271.21
271.21
271.21
271.21
271.209
271.209
271.209
271.209
271.208
271.208
271.208
267.906
267.906
267.905
267.905
267.905
267.904
267.903
267.903
267.902
267.9
267.899
267.897
267.896
267.894
267.893
267.892
267.891
267.89
267.889
267.889
267.889
267.889
267.889
267.889
267.889
267.889
267.889
267.889
267.889
267.889
267.89
267.89
267.89
267.891
267.892
267.893
267.893
267.894
267.895
267.896
267.897
267.898
267.898
267.899
267.899
267.899
267.899
267.899
267.899
267.899
267.899
267.899
267.898
267.898
267.899
267.899
267.899
267.899
267.9
267.9
267.901
267.901
267.902
267.902
267.903
267.903
267.904
267.905
267.905
267.906
267.906
267.906
267.907
267.907
267.907
267.908
267.908
267.908
267.908
267.908
267.908
267.909
267.909
267.909
267.909
267.908
267.908
267.908
267.908
267.908
267.908
267.908
267.907
267.907
267.907
267.906
267.906
267.906
267.906
267.906
267.907
267.907
267.906
267.906
267.906
267.905
267.905
267.904
267.903
267.902
267.9
267.899
267.897
267.896
267.895
267.893
267.893
267.892
267.891
267.891
267.891
267.891
267.891
267.891
267.891
267.891
267.891
267.891
267.891
267.891
267.891
267.891
267.891
267.892
267.892
267.893
267.893
267.894
267.895
267.895
267.896
267.897
267.898
267.898
267.898
267.899
267.899
267.899
267.898
267.898
267.898
267.898
267.898
267.898
267.898
267.898
267.898
267.899
267.899
267.9
267.9
267.901
267.902
267.902
267.903
267.904
267.904
267.905
267.905
267.906
267.906
267.907
267.907
267.908
267.908
267.908
267.908
267.909
267.909
267.909
267.909
267.909
267.909
267.909
267.909
267.909
267.909
267.909
267.909
267.909
267.909
267.908
267.908
267.908
267.908
267.907
267.907
267.907
267.907
267.906
271.211
271.211
271.211
271.21
271.21
271.209
271.209
271.208
271.207
271.206
271.205
271.203
271.202
271.2
271.199
271.198
271.197
271.196
271.196
271.196
271.196
271.196
271.196
271.196
271.196
271.196
271.196
271.196
271.195
271.195
271.195
271.195
271.195
271.195
271.196
271.196
271.197
271.197
271.198
271.199
271.199
271.2
271.2
271.201
271.201
271.201
271.201
271.201
271.201
271.201
271.201
271.2
271.2
271.2
271.201
271.201
271.201
271.202
271.202
271.203
271.204
271.205
271.205
271.206
271.207
271.207
271.208
271.209
271.209
271.21
271.21
271.211
271.211
271.212
271.212
271.212
271.212
271.213
271.213
271.213
271.213
271.213
271.213
271.213
271.213
271.213
271.213
271.213
271.213
271.213
271.213
271.212
271.212
271.212
271.212
271.211
271.211
271.211
271.211
271.211
277.849
277.849
277.849
277.849
277.848
277.848
277.847
277.846
277.845
277.844
277.843
277.841
277.84
277.838
277.837
277.836
277.835
277.835
277.835
277.835
277.835
277.835
277.835
277.835
277.835
277.835
277.835
277.835
277.834
277.834
277.834
277.833
277.833
277.834
277.834
277.834
277.834
277.835
277.835
277.836
277.837
277.837
277.838
277.838
277.838
277.839
277.839
277.838
277.838
277.838
277.838
277.838
277.838
277.838
277.838
277.838
277.839
277.84
277.84
277.841
277.842
277.843
277.843
277.844
277.845
277.846
277.846
277.847
277.848
277.848
277.849
277.849
277.85
277.85
277.85
277.851
277.851
277.851
277.851
277.851
277.852
277.852
277.852
277.852
277.852
277.852
277.852
277.851
277.851
277.851
277.851
277.851
277.85
277.85
277.85
277.85
277.849
277.849
277.849
277.849
287.903
287.904
287.903
287.903
287.902
287.902
287.901
287.9
287.899
287.897
287.896
287.894
287.893
287.891
287.89
287.889
287.889
287.889
287.889
287.889
287.889
287.89
287.89
287.89
287.89
287.89
287.889
287.889
287.889
287.888
287.888
287.887
287.887
287.887
287.888
287.888
287.888
287.888
287.889
287.89
287.89
287.891
287.891
287.891
287.892
287.892
287.891
287.891
287.891
287.891
287.89
287.89
287.89
287.891
287.891
287.892
287.892
287.893
287.894
287.895
287.896
287.897
287.898
287.899
287.899
287.9
287.901
287.902
287.902
287.903
287.903
287.904
287.904
287.904
287.905
287.905
287.905
287.905
287.906
287.906
287.906
287.906
287.906
287.906
287.906
287.906
287.905
287.905
287.905
287.905
287.905
287.905
287.904
287.904
287.904
287.904
287.903
287.903
287.903
287.903
301.498
301.498
301.498
301.497
301.497
301.496
301.495
301.494
301.492
301.491
301.489
301.487
301.486
301.484
301.484
301.483
301.483
301.483
301.483
301.484
301.484
301.485
301.485
301.485
301.485
301.485
301.484
301.484
301.483
301.483
301.482
301.482
301.482
301.482
301.482
301.482
301.482
301.483
301.483
301.484
301.484
301.485
301.485
301.485
301.485
301.485
301.485
301.485
301.484
301.484
301.484
301.484
301.484
301.485
301.485
301.486
301.487
301.488
301.489
301.49
301.491
301.492
301.493
301.494
301.495
301.495
301.496
301.497
301.497
301.498
301.498
301.499
301.499
301.5
301.5
301.5
301.5
301.5
301.5
301.5
301.5
301.5
301.5
301.5
301.5
301.5
301.5
301.5
301.5
301.499
301.499
301.499
301.499
301.498
301.498
301.498
301.498
301.497
301.497
301.497
318.806
318.806
318.806
318.805
318.805
318.804
318.803
318.801
318.799
318.797
318.796
318.794
318.792
318.791
318.79
318.79
318.79
318.79
318.791
318.792
318.793
318.793
318.794
318.794
318.794
318.793
318.793
318.792
318.791
318.79
318.79
318.789
318.79
318.79
318.79
318.79
318.791
318.791
318.791
318.792
318.793
318.793
318.793
318.793
318.793
318.793
318.793
318.792
318.792
318.791
318.791
318.791
318.792
318.793
318.793
318.794
318.796
318.797
318.798
318.799
318.8
318.801
318.802
318.803
318.804
318.805
318.806
318.806
318.807
318.807
318.808
318.808
318.808
318.809
318.809
318.809
318.809
318.809
318.809
318.809
318.809
318.809
318.809
318.809
318.809
318.808
318.808
318.808
318.808
318.808
318.807
318.807
318.807
318.807
318.806
318.806
318.806
318.805
318.805
318.805
340.058
340.058
340.057
340.057
340.056
340.055
340.053
340.051
340.049
340.047
340.045
340.043
340.041
340.04
340.04
340.04
340.04
340.041
340.042
340.044
340.045
340.046
340.046
340.046
340.046
340.045
340.044
340.043
340.042
340.041
340.041
340.04
340.041
340.041
340.042
340.042
340.042
340.043
340.043
340.044
340.044
340.045
340.045
340.045
340.044
340.044
340.043
340.043
340.042
340.042
340.042
340.042
340.043
340.044
340.045
340.047
340.048
340.049
340.051
340.052
340.053
340.054
340.055
340.056
340.057
340.058
340.058
340.059
340.059
340.06
340.06
340.061
340.061
340.061
340.061
340.061
340.061
340.061
340.061
340.061
340.061
340.061
340.061
340.06
340.06
340.06
340.06
340.059
340.059
340.059
340.059
340.058
340.058
340.058
340.058
340.057
340.057
340.057
340.056
340.056
365.551
365.552
365.551
365.55
365.549
365.547
365.546
365.543
365.54
365.538
365.536
365.534
365.532
365.531
365.531
365.532
365.533
365.534
365.536
365.538
365.539
365.54
365.54
365.54
365.54
365.538
365.537
365.536
365.535
365.534
365.534
365.534
365.534
365.535
365.536
365.536
365.536
365.537
365.537
365.538
365.538
365.539
365.539
365.538
365.538
365.537
365.537
365.536
365.535
365.535
365.536
365.536
365.537
365.538
365.54
365.541
365.543
365.545
365.546
365.548
365.549
365.55
365.551
365.552
365.553
365.553
365.554
365.554
365.555
365.555
365.555
365.556
365.556
365.556
365.556
365.556
365.556
365.556
365.555
365.555
365.555
365.555
365.555
365.554
365.554
365.554
365.554
365.553
365.553
365.553
365.552
365.552
365.552
365.551
365.551
365.551
365.551
365.55
365.55
365.55
395.676
395.677
395.676
395.675
395.673
395.671
395.669
395.666
395.662
395.66
395.658
395.656
395.654
395.654
395.654
395.655
395.657
395.659
395.662
395.664
395.666
395.666
395.666
395.665
395.665
395.663
395.662
395.66
395.659
395.658
395.658
395.658
395.659
395.66
395.661
395.662
395.662
395.663
395.663
395.664
395.664
395.664
395.664
395.663
395.663
395.662
395.661
395.66
395.66
395.66
395.661
395.661
395.663
395.665
395.666
395.668
395.67
395.672
395.673
395.675
395.676
395.677
395.678
395.679
395.68
395.68
395.681
395.681
395.682
395.682
395.682
395.682
395.682
395.682
395.682
395.682
395.682
395.681
395.681
395.681
395.681
395.68
395.68
395.68
395.679
395.679
395.679
395.678
395.678
395.678
395.677
395.677
395.677
395.676
395.676
395.676
395.675
395.675
395.675
395.675
430.942
430.942
430.941
430.94
430.938
430.935
430.932
430.928
430.924
430.922
430.919
430.918
430.917
430.917
430.918
430.919
430.922
430.925
430.928
430.931
430.933
430.933
430.933
430.931
430.93
430.928
430.926
430.925
430.923
430.922
430.922
430.923
430.924
430.926
430.927
430.928
430.929
430.929
430.929
430.93
430.93
430.93
430.93
430.929
430.928
430.927
430.926
430.925
430.925
430.925
430.926
430.928
430.93
430.932
430.934
430.936
430.938
430.94
430.942
430.943
430.944
430.946
430.946
430.947
430.948
430.948
430.949
430.949
430.949
430.949
430.949
430.949
430.949
430.949
430.949
430.948
430.948
430.948
430.947
430.947
430.947
430.946
430.946
430.945
430.945
430.945
430.944
430.944
430.943
430.943
430.943
430.942
430.942
430.942
430.941
430.941
430.941
430.941
430.94
430.94
472.022
472.023
472.022
472.02
472.017
472.013
472.01
472.005
472.001
471.998
471.996
471.995
471.994
471.995
471.997
471.999
472.003
472.006
472.01
472.014
472.015
472.015
472.014
472.012
472.01
472.007
472.005
472.003
472.002
472.002
472.002
472.003
472.005
472.008
472.009
472.01
472.01
472.011
472.011
472.012
472.012
472.012
472.011
472.01
472.008
472.007
472.006
472.006
472.006
472.006
472.008
472.01
472.012
472.015
472.017
472.02
472.022
472.024
472.026
472.027
472.028
472.029
472.03
472.03
472.031
472.031
472.031
472.031
472.031
472.031
472.031
472.031
472.031
472.03
472.03
472.03
472.029
472.029
472.029
472.028
472.028
472.027
472.027
472.026
472.026
472.025
472.025
472.025
472.024
472.024
472.023
472.023
472.022
472.022
472.022
472.022
472.021
472.021
472.021
472.021
519.825
519.825
519.824
519.821
519.817
519.813
519.808
519.803
519.798
519.795
519.794
519.793
519.793
519.795
519.798
519.802
519.806
519.81
519.815
519.819
519.82
519.819
519.817
519.814
519.812
519.808
519.805
519.804
519.803
519.802
519.803
519.805
519.809
519.812
519.813
519.814
519.814
519.814
519.815
519.816
519.816
519.815
519.814
519.812
519.81
519.809
519.808
519.808
519.808
519.81
519.812
519.814
519.817
519.82
519.823
519.826
519.828
519.83
519.831
519.833
519.834
519.834
519.835
519.835
519.835
519.836
519.836
519.835
519.835
519.835
519.835
519.834
519.834
519.834
519.833
519.833
519.832
519.832
519.831
519.831
519.83
519.83
519.829
519.829
519.828
519.828
519.827
519.827
519.826
519.826
519.825
519.825
519.825
519.824
519.824
519.824
519.823
519.823
519.823
519.823
575.587
575.588
575.585
575.582
575.576
575.571
575.565
575.559
575.554
575.552
575.551
575.551
575.553
575.556
575.56
575.565
575.57
575.575
575.58
575.584
575.585
575.583
575.58
575.575
575.572
575.568
575.565
575.563
575.563
575.563
575.565
575.567
575.572
575.576
575.578
575.578
575.578
575.578
575.578
575.579
575.579
575.578
575.576
575.574
575.571
575.571
575.57
575.57
575.571
575.573
575.576
575.579
575.583
575.586
575.589
575.592
575.594
575.596
575.597
575.598
575.599
575.599
575.6
575.6
575.6
575.599
575.599
575.599
575.599
575.598
575.598
575.597
575.597
575.596
575.596
575.595
575.595
575.594
575.594
575.593
575.592
575.592
575.591
575.591
575.59
575.59
575.589
575.589
575.588
575.588
575.587
575.587
575.586
575.586
575.586
575.585
575.585
575.585
575.585
575.585
641.03
641.031
641.028
641.023
641.016
641.008
641.002
640.995
640.991
640.99
640.99
640.991
640.994
640.999
641.004
641.011
641.017
641.022
641.028
641.032
641.032
641.029
641.023
641.017
641.013
641.008
641.005
641.004
641.004
641.005
641.008
641.012
641.018
641.023
641.025
641.024
641.023
641.023
641.023
641.024
641.024
641.021
641.019
641.016
641.014
641.013
641.013
641.014
641.016
641.019
641.023
641.027
641.031
641.035
641.038
641.04
641.042
641.043
641.044
641.045
641.045
641.045
641.045
641.045
641.045
641.044
641.044
641.043
641.043
641.042
641.042
641.041
641.04
641.04
641.039
641.039
641.038
641.037
641.037
641.036
641.035
641.035
641.034
641.034
641.033
641.032
641.032
641.031
641.031
641.03
641.03
641.029
641.029
641.029
641.028
641.028
641.028
641.028
641.027
641.027
718.599
718.601
718.596
718.589
718.58
718.571
718.564
718.557
718.554
718.554
718.556
718.559
718.564
718.57
718.577
718.584
718.591
718.597
718.604
718.607
718.605
718.6
718.592
718.584
718.579
718.574
718.571
718.571
718.572
718.574
718.578
718.584
718.592
718.598
718.598
718.596
718.595
718.594
718.595
718.596
718.595
718.591
718.589
718.585
718.583
718.582
718.583
718.584
718.587
718.592
718.597
718.602
718.606
718.61
718.613
718.615
718.616
718.617
718.617
718.617
718.617
718.617
718.616
718.616
718.615
718.615
718.614
718.613
718.612
718.612
718.611
718.61
718.61
718.609
718.608
718.608
718.607
718.606
718.605
718.605
718.604
718.604
718.603
718.602
718.602
718.601
718.601
718.6
718.6
718.599
718.599
718.598
718.598
718.598
718.597
718.597
718.597
718.597
718.596
718.596
811.855
811.857
811.85
811.84
811.829
811.818
811.811
811.805
811.803
811.805
811.809
811.815
811.822
811.83
811.839
811.847
811.854
811.86
811.867
811.87
811.865
811.857
811.847
811.837
811.831
811.826
811.824
811.825
811.828
811.831
811.837
811.845
811.854
811.86
811.86
811.856
811.853
811.853
811.854
811.855
811.852
811.848
811.844
811.84
811.838
811.839
811.84
811.843
811.848
811.853
811.859
811.865
811.869
811.872
811.874
811.876
811.876
811.876
811.876
811.876
811.875
811.874
811.873
811.872
811.871
811.871
811.87
811.869
811.868
811.867
811.866
811.865
811.865
811.864
811.863
811.862
811.862
811.861
811.86
811.86
811.859
811.858
811.858
811.857
811.856
811.856
811.855
811.855
811.854
811.854
811.853
811.853
811.853
811.852
811.852
811.852
811.852
811.852
811.851
811.851
926.145
926.148
926.138
926.125
926.111
926.098
926.092
926.087
926.089
926.093
926.1
926.108
926.118
926.128
926.138
926.146
926.153
926.158
926.165
926.168
926.161
926.149
926.136
926.123
926.117
926.113
926.113
926.115
926.119
926.125
926.133
926.142
926.153
926.16
926.157
926.151
926.147
926.147
926.148
926.149
926.146
926.138
926.134
926.13
926.13
926.131
926.134
926.138
926.144
926.152
926.158
926.164
926.167
926.169
926.17
926.171
926.17
926.169
926.168
926.167
926.166
926.164
926.163
926.162
926.161
926.16
926.158
926.157
926.156
926.155
926.155
926.154
926.153
926.152
926.151
926.151
926.15
926.149
926.148
926.148
926.147
926.146
926.146
926.145
926.145
926.144
926.144
926.143
926.143
926.142
926.142
926.142
926.141
926.141
926.141
926.141
926.14
926.14
926.14
926.139
1069.82
1069.83
1069.81
1069.79
1069.78
1069.76
1069.76
1069.76
1069.76
1069.77
1069.78
1069.79
1069.8
1069.82
1069.83
1069.83
1069.84
1069.84
1069.85
1069.85
1069.84
1069.83
1069.81
1069.79
1069.79
1069.78
1069.79
1069.79
1069.8
1069.81
1069.82
1069.83
1069.84
1069.85
1069.84
1069.83
1069.83
1069.83
1069.83
1069.83
1069.83
1069.81
1069.81
1069.81
1069.81
1069.81
1069.82
1069.82
1069.83
1069.84
1069.84
1069.85
1069.85
1069.85
1069.85
1069.85
1069.85
1069.85
1069.84
1069.84
1069.84
1069.84
1069.84
1069.84
1069.83
1069.83
1069.83
1069.83
1069.83
1069.83
1069.83
1069.83
1069.83
1069.82
1069.82
1069.82
1069.82
1069.82
1069.82
1069.82
1069.82
1069.82
1069.82
1069.82
1069.82
1069.82
1069.82
1069.82
1069.82
1069.82
1069.81
1069.81
1069.81
1069.81
1069.81
1069.81
1069.81
1069.81
1069.81
1069.81
1256.59
1256.6
1256.59
1256.55
1256.53
1256.51
1256.5
1256.51
1256.54
1256.55
1256.56
1256.58
1256.59
1256.6
1256.61
1256.62
1256.62
1256.62
1256.63
1256.64
1256.63
1256.6
1256.58
1256.55
1256.54
1256.54
1256.57
1256.57
1256.58
1256.59
1256.6
1256.61
1256.62
1256.63
1256.63
1256.62
1256.62
1256.62
1256.62
1256.61
1256.6
1256.58
1256.56
1256.56
1256.59
1256.59
1256.6
1256.6
1256.61
1256.62
1256.63
1256.63
1256.63
1256.63
1256.62
1256.62
1256.62
1256.61
1256.61
1256.61
1256.61
1256.6
1256.6
1256.6
1256.6
1256.6
1256.6
1256.59
1256.59
1256.59
1256.59
1256.59
1256.59
1256.59
1256.59
1256.59
1256.59
1256.59
1256.59
1256.58
1256.58
1256.58
1256.58
1256.58
1256.58
1256.58
1256.58
1256.58
1256.58
1256.58
1256.58
1256.58
1256.58
1256.58
1256.58
1256.58
1256.58
1256.58
1256.58
1256.58
1510.46
1510.48
1510.49
1510.39
1510.37
1510.33
1510.29
1510.3
1510.43
1510.46
1510.46
1510.48
1510.5
1510.5
1510.51
1510.51
1510.51
1510.51
1510.52
1510.52
1510.55
1510.45
1510.42
1510.37
1510.33
1510.33
1510.46
1510.47
1510.47
1510.49
1510.5
1510.51
1510.52
1510.52
1510.55
1510.54
1510.53
1510.53
1510.54
1510.47
1510.46
1510.41
1510.36
1510.36
1510.49
1510.5
1510.5
1510.51
1510.52
1510.52
1510.52
1510.52
1510.52
1510.51
1510.51
1510.5
1510.5
1510.49
1510.49
1510.48
1510.48
1510.48
1510.48
1510.47
1510.47
1510.47
1510.47
1510.47
1510.47
1510.47
1510.47
1510.47
1510.47
1510.46
1510.46
1510.46
1510.46
1510.46
1510.46
1510.46
1510.46
1510.46
1510.46
1510.46
1510.46
1510.46
1510.46
1510.46
1510.46
1510.46
1510.46
1510.46
1510.46
1510.46
1510.46
1510.46
1510.46
1510.46
1510.46
1510.45
1877.35
1877.26
1877.39
1877.05
1876.97
1876.87
1876.75
1876.75
1877.37
1877.44
1877.43
1877.45
1877.46
1877.46
1877.46
1877.45
1877.45
1877.44
1877.45
1877.31
1877.47
1877.14
1877.04
1876.93
1876.78
1876.77
1877.39
1877.44
1877.43
1877.44
1877.45
1877.45
1877.46
1877.32
1877.47
1877.45
1877.44
1877.44
1877.47
1877.15
1877.07
1876.97
1876.82
1876.81
1877.43
1877.48
1877.46
1877.47
1877.48
1877.48
1877.47
1877.46
1877.45
1877.44
1877.43
1877.42
1877.42
1877.41
1877.41
1877.41
1877.4
1877.4
1877.4
1877.4
1877.4
1877.39
1877.39
1877.39
1877.39
1877.39
1877.39
1877.39
1877.39
1877.39
1877.39
1877.39
1877.39
1877.39
1877.39
1877.39
1877.38
1877.38
1877.38
1877.38
1877.38
1877.38
1877.38
1877.38
1877.38
1877.38
1877.38
1877.38
1877.38
1877.38
1877.38
1877.38
1877.38
1877.38
1877.38
1877.38
2456.37
2455.24
2455.88
2454.56
2454.14
2453.84
2453.36
2453.27
2456.6
2456.89
2456.82
2456.81
2456.8
2456.79
2456.77
2456.75
2456.74
2456.72
2456.79
2455.29
2456
2454.68
2454.23
2453.88
2453.37
2453.28
2456.59
2456.86
2456.78
2456.76
2456.75
2456.74
2456.8
2455.29
2455.92
2455.98
2455.95
2455.94
2456.05
2454.68
2454.25
2453.93
2453.43
2453.34
2456.66
2456.93
2456.85
2456.82
2456.81
2456.8
2456.78
2456.76
2456.74
2456.73
2456.72
2456.71
2456.71
2456.7
2456.7
2456.69
2456.69
2456.69
2456.69
2456.69
2456.68
2456.68
2456.68
2456.68
2456.68
2456.68
2456.68
2456.68
2456.68
2456.68
2456.68
2456.68
2456.68
2456.68
2456.68
2456.68
2456.68
2456.68
2456.68
2456.68
2456.68
2456.68
2456.68
2456.68
2456.68
2456.68
2456.68
2456.68
2456.68
2456.68
2456.68
2456.68
2456.68
2456.68
2456.68
2456.67
3504.83
3494.43
3496.95
3491.12
3488.9
3487.02
3485.06
3484.57
3505.8
3507.77
3507.58
3507.45
3507.38
3507.33
3507.29
3507.25
3507.22
3507.2
3507.66
3494.61
3497.09
3491.27
3489.01
3487.06
3485.05
3484.55
3505.76
3507.7
3507.5
3507.34
3507.27
3507.24
3507.68
3494.61
3496.83
3497.44
3497.49
3497.48
3497.87
3491.39
3489.04
3487.11
3485.12
3484.65
3505.87
3507.83
3507.62
3507.47
3507.4
3507.35
3507.31
3507.28
3507.26
3507.25
3507.23
3507.23
3507.22
3507.22
3507.22
3507.21
3507.21
3507.21
3507.21
3507.21
3507.21
3507.21
3507.21
3507.2
3507.2
3507.2
3507.2
3507.21
3507.21
3507.21
3507.21
3507.21
3507.21
3507.21
3507.21
3507.21
3507.2
3507.21
3507.2
3507.21
3507.2
3507.21
3507.2
3507.21
3507.21
3507.21
3507.21
3507.21
3507.21
3507.21
3507.21
3507.21
3507.21
3507.21
3507.21
3507.23
5936.27
5825.37
5819.67
5785.41
5778
5766.33
5760.48
5759.14
5938.43
5960.55
5962.56
5962.51
5962.35
5962.25
5962.17
5962.11
5962.06
5962.06
5964.54
5828.77
5820.26
5785.66
5778.18
5766.44
5760.53
5759.19
5938.41
5960.48
5962.45
5962.37
5962.21
5962.16
5964.61
5828.84
5820.11
5820.42
5820.67
5820.71
5821.53
5786.22
5778.27
5766.42
5760.52
5759.19
5938.54
5960.64
5962.62
5962.55
5962.38
5962.28
5962.22
5962.18
5962.16
5962.15
5962.14
5962.13
5962.13
5962.13
5962.13
5962.13
5962.13
5962.13
5962.13
5962.13
5962.13
5962.13
5962.13
5962.13
5962.13
5962.13
5962.13
5962.13
5962.13
5962.13
5962.14
5962.14
5962.14
5962.14
5962.14
5962.14
5962.14
5962.14
5962.14
5962.14
5962.14
5962.14
5962.14
5962.14
5962.14
5962.14
5962.14
5962.14
5962.14
5962.14
5962.14
5962.14
5962.14
5962.15
5962.17
5962.29
15659.8
13333.3
13333.3
13333.3
13333.3
13333.3
13333.3
13333.3
15666.7
15680.8
15682
15682.1
15682
15681.9
15681.7
15681.5
15681.3
15681
15682.9
13333.3
13333.3
13333.3
13333.3
13333.3
13333.3
13333.3
15665.9
15679.8
15680.9
15680.9
15680.9
15680.6
15682.5
13333.3
13333.3
13333.3
13333.3
13333.3
13333.3
13333.3
13333.3
13333.3
13333.3
13333.3
15667.2
15681
15682.1
15682.1
15682.1
15682
15681.9
15681.8
15681.8
15681.8
15681.8
15681.8
15681.8
15681.8
15681.8
15681.8
15681.8
15681.8
15681.8
15681.8
15681.8
15681.8
15681.8
15681.8
15681.8
15681.8
15681.8
15681.9
15681.9
15681.9
15681.9
15681.9
15681.9
15681.9
15681.9
15681.9
15681.9
15681.9
15681.9
15681.9
15681.9
15681.9
15681.9
15681.9
15681.9
15681.9
15681.9
15681.9
15681.9
15681.9
15681.9
15681.9
15681.9
15681.9
15681.8
15681.8
)
;

boundaryField
{
    inlet
    {
        type            cyclic;
    }
    outlet
    {
        type            cyclic;
    }
    bottomWall
    {
        beta1           0.075;
        blended         false;
        type            omegaWallFunction;
        value           nonuniform List<scalar> 
100
(
13333.3
15656.5
13333.3
13333.3
13333.3
13333.3
15663.7
15682.3
13333.3
13333.3
13333.3
13333.3
13333.3
13333.3
13333.3
13333.3
13333.3
13333.3
13333.3
15670.1
15684
15685.1
15685.1
15684.9
15684.6
15684.4
15684.3
15684.2
15684.2
15684.1
15684
15684
15684.2
15684.5
15684.8
15684.9
15685
15684.9
15686.7
13333.3
13333.3
13333.3
13333.3
13333.3
13333.3
13333.3
13333.3
13333.3
13333.3
13333.3
13333.3
13333.3
13333.3
13333.3
13333.3
13333.3
13333.3
13333.3
13333.3
13333.3
13333.3
13333.3
13333.3
13333.3
13333.3
13333.3
13333.3
13333.3
13333.3
13333.3
13333.3
13333.3
13333.3
13333.3
13333.3
13333.3
13333.3
13333.3
13333.3
13333.3
13333.3
13333.3
13333.3
13333.3
13333.3
13333.3
13333.3
13333.3
13333.3
13333.3
13333.3
13333.3
13333.3
13333.3
13333.3
13333.3
13333.3
13333.3
13333.3
13333.3
)
;
    }
    topWall
    {
        beta1           0.075;
        blended         false;
        type            omegaWallFunction;
        value           nonuniform List<scalar> 
100
(
15659.8
13333.3
13333.3
13333.3
13333.3
13333.3
13333.3
13333.3
15666.7
15680.8
15682
15682.1
15682
15681.9
15681.7
15681.5
15681.3
15681
15682.9
13333.3
13333.3
13333.3
13333.3
13333.3
13333.3
13333.3
15665.9
15679.8
15680.9
15680.9
15680.9
15680.6
15682.5
13333.3
13333.3
13333.3
13333.3
13333.3
13333.3
13333.3
13333.3
13333.3
13333.3
13333.3
15667.2
15681
15682.1
15682.1
15682.1
15682
15681.9
15681.8
15681.8
15681.8
15681.8
15681.8
15681.8
15681.8
15681.8
15681.8
15681.8
15681.8
15681.8
15681.8
15681.8
15681.8
15681.8
15681.8
15681.8
15681.8
15681.8
15681.9
15681.9
15681.9
15681.9
15681.9
15681.9
15681.9
15681.9
15681.9
15681.9
15681.9
15681.9
15681.9
15681.9
15681.9
15681.9
15681.9
15681.9
15681.9
15681.9
15681.9
15681.9
15681.9
15681.9
15681.9
15681.9
15681.9
15681.8
15681.8
)
;
    }
    frontAndBack
    {
        type            empty;
    }
}


// ************************************************************************* //
