/*--------------------------------*- C++ -*----------------------------------*\
  =========                 |
  \\      /  F ield         | OpenFOAM: The Open Source CFD Toolbox
   \\    /   O peration     | Website:  https://openfoam.org
    \\  /    A nd           | Version:  11
     \\/     M anipulation  |
\*---------------------------------------------------------------------------*/
FoamFile
{
    format      ascii;
    class       volScalarField;
    location    "900";
    object      p;
}
// * * * * * * * * * * * * * * * * * * * * * * * * * * * * * * * * * * * * * //

dimensions      [0 2 -2 0 0 0 0];

internalField   nonuniform List<scalar> 
5000
(
-1.59327e-06
0.00353913
0.00461418
-0.0026087
-0.0158699
-0.0290727
-0.0355051
-0.0327845
-0.0288025
-0.0292732
-0.0313851
-0.0328039
-0.0337774
-0.0345614
-0.0350804
-0.0370668
-0.0386399
-0.0366078
-0.03449
-0.0328857
-0.030986
-0.0295773
-0.0280783
-0.0262042
-0.0227658
-0.018077
-0.0110149
-0.0025412
0.00804608
0.0187203
0.0310292
0.0425307
0.0541025
0.062567
0.0685448
0.0717436
0.0738462
0.075512
0.0787423
0.0784512
0.0700593
0.0596212
0.0492927
0.0408003
0.0339059
0.0294727
0.0266258
0.0251854
0.0242464
0.0237177
0.0232459
0.0229351
0.0225919
0.0223378
0.0220105
0.0217674
0.0214619
0.0212151
0.0208557
0.0205064
0.0200722
0.0196727
0.0192311
0.0188736
0.0184714
0.0181608
0.0177931
0.0175194
0.0171873
0.016925
0.016547
0.0161902
0.015695
0.0152973
0.0147598
0.014381
0.0138459
0.0134426
0.0129792
0.0125437
0.0121492
0.0117032
0.0112889
0.0108557
0.0104408
0.0100155
0.00961811
0.00917303
0.00878391
0.00831753
0.0078991
0.00746711
0.00700416
0.00659115
0.00610759
0.00568209
0.00520715
0.00471465
0.00386194
0.00147887
0.00026066
0.00353749
0.00439783
-0.00276635
-0.0158874
-0.0287443
-0.0352206
-0.0329074
-0.0290793
-0.0293781
-0.0314225
-0.0328213
-0.0337869
-0.0345677
-0.0351553
-0.0370117
-0.0385021
-0.0365784
-0.0342881
-0.0326181
-0.0308584
-0.0295142
-0.0280521
-0.0261956
-0.0227649
-0.0180787
-0.0110185
-0.00254413
0.00804279
0.0187192
0.0310281
0.0425322
0.0541061
0.0625733
0.0685498
0.0717469
0.0738473
0.0755099
0.0784843
0.0781127
0.0699293
0.0595719
0.04927
0.0407878
0.0338986
0.0294675
0.0266225
0.0251833
0.0242453
0.023717
0.0232456
0.0229349
0.0225918
0.0223377
0.0220105
0.0217673
0.0214619
0.0212151
0.0208557
0.0205063
0.0200721
0.0196727
0.0192311
0.0188736
0.0184714
0.0181607
0.0177931
0.0175193
0.0171874
0.0169249
0.016547
0.0161902
0.0156949
0.0152972
0.0147598
0.0143809
0.0138459
0.0134426
0.0129792
0.0125436
0.0121492
0.0117031
0.0112889
0.0108556
0.0104408
0.0100154
0.00961812
0.009173
0.0087839
0.00831751
0.00789911
0.00746708
0.00700419
0.00659112
0.00610761
0.00568207
0.00520723
0.00471475
0.00386334
0.00157346
0.00042648
0.00356339
0.00424564
-0.00291867
-0.0159115
-0.0285426
-0.0349882
-0.0329413
-0.0292607
-0.0294714
-0.0314631
-0.0328419
-0.0337983
-0.0345984
-0.0352419
-0.0369998
-0.038405
-0.0365265
-0.0341415
-0.0323896
-0.0307104
-0.0294367
-0.0280196
-0.0261855
-0.0227658
-0.0180833
-0.0110266
-0.0025498
0.00803619
0.018718
0.0310259
0.042536
0.0541138
0.0625871
0.0685605
0.071754
0.07385
0.0755076
0.0783052
0.0778609
0.0698052
0.059514
0.0492409
0.0407698
0.0338869
0.0294586
0.026617
0.0251795
0.0242435
0.023716
0.0232453
0.0229345
0.0225918
0.0223376
0.0220106
0.0217671
0.021462
0.0212149
0.0208557
0.0205061
0.0200721
0.0196725
0.0192312
0.0188735
0.0184715
0.0181607
0.0177932
0.0175192
0.0171874
0.0169248
0.016547
0.01619
0.0156949
0.0152971
0.0147599
0.0143808
0.013846
0.0134425
0.0129792
0.0125436
0.0121492
0.011703
0.0112889
0.0108555
0.0104409
0.0100154
0.00961817
0.00917294
0.00878392
0.00831745
0.00789917
0.007467
0.00700426
0.00659105
0.00610765
0.00568202
0.00520741
0.00471482
0.00386256
0.00163931
0.000536928
0.00360295
0.0041479
-0.00303666
-0.0159384
-0.0284271
-0.0348235
-0.0329367
-0.0293793
-0.0295524
-0.0315024
-0.0328618
-0.03381
-0.0346304
-0.035314
-0.0370065
-0.0383424
-0.0364754
-0.0340325
-0.0322173
-0.0305783
-0.0293603
-0.0279871
-0.0261774
-0.0227704
-0.0180917
-0.0110402
-0.00255839
0.00802586
0.0187169
0.0310226
0.0425429
0.054126
0.0626097
0.0685776
0.0717653
0.0738544
0.0755063
0.0781926
0.0776794
0.0696962
0.0594542
0.0492094
0.0407476
0.0338714
0.0294457
0.0266091
0.0251742
0.0242413
0.0237145
0.023245
0.0229341
0.022592
0.0223373
0.0220108
0.0217668
0.0214621
0.0212145
0.0208557
0.0205058
0.0200721
0.0196724
0.0192314
0.0188734
0.0184718
0.0181605
0.0177935
0.0175189
0.0171876
0.0169244
0.0165471
0.0161898
0.0156949
0.0152969
0.01476
0.0143806
0.0138461
0.0134423
0.0129793
0.0125434
0.0121493
0.0117029
0.011289
0.0108554
0.010441
0.0100152
0.00961829
0.00917284
0.00878398
0.00831735
0.00789928
0.00746686
0.00700441
0.00659091
0.00610777
0.0056819
0.00520771
0.00471489
0.00386102
0.00169013
0.000649164
0.00364865
0.00407809
-0.00312582
-0.0159598
-0.0283417
-0.0346981
-0.0329345
-0.0294863
-0.0296369
-0.0315441
-0.0328828
-0.0338226
-0.0346511
-0.0353599
-0.037009
-0.0382842
-0.0364193
-0.0339355
-0.0320731
-0.0304581
-0.0292853
-0.0279568
-0.0261731
-0.0227805
-0.0181047
-0.0110599
-0.00257022
0.00801146
0.0187162
0.0310179
0.0425533
0.0541433
0.062642
0.0686015
0.0717812
0.0738605
0.0755058
0.0781033
0.0775195
0.0695884
0.0593894
0.0491744
0.0407201
0.0338515
0.0294284
0.0265989
0.0251671
0.0242387
0.0237127
0.0232449
0.0229336
0.0225924
0.0223369
0.0220111
0.0217663
0.0214624
0.021214
0.0208558
0.0205054
0.0200722
0.0196721
0.0192317
0.0188732
0.0184722
0.0181603
0.0177939
0.0175184
0.0171879
0.0169239
0.0165472
0.0161894
0.015695
0.0152966
0.0147603
0.0143804
0.0138463
0.0134421
0.0129795
0.0125432
0.0121494
0.0117027
0.0112892
0.0108552
0.0104412
0.010015
0.00961849
0.00917267
0.00878413
0.00831716
0.00789947
0.00746664
0.00700464
0.00659069
0.00610795
0.00568171
0.00520814
0.00471495
0.0038603
0.00174432
0.000779582
0.00370306
0.00401954
-0.00320029
-0.0159732
-0.0282644
-0.0345907
-0.0329433
-0.0296028
-0.0297328
-0.0315919
-0.032907
-0.0338371
-0.0346633
-0.0353867
-0.0370016
-0.0382189
-0.0363521
-0.0338375
-0.0319363
-0.0303411
-0.0292096
-0.0279287
-0.0261732
-0.0227964
-0.0181226
-0.0110862
-0.00258539
0.00799287
0.0187158
0.031012
0.0425673
0.054166
0.0626845
0.0686324
0.0718017
0.0738684
0.0755053
0.0780172
0.0773577
0.0694733
0.0593158
0.0491339
0.0406864
0.0338266
0.0294064
0.0265861
0.0251582
0.0242355
0.0237104
0.0232448
0.0229329
0.0225929
0.0223365
0.0220117
0.0217656
0.0214628
0.0212132
0.0208559
0.0205049
0.0200723
0.0196718
0.0192322
0.018873
0.0184729
0.0181599
0.0177945
0.0175178
0.0171883
0.0169232
0.0165473
0.0161888
0.0156951
0.0152961
0.0147606
0.01438
0.0138466
0.0134418
0.0129797
0.012543
0.0121497
0.0117025
0.0112894
0.0108549
0.0104415
0.0100147
0.00961875
0.00917244
0.00878433
0.00831692
0.00789973
0.00746635
0.00700494
0.0065904
0.0061082
0.00568144
0.00520868
0.00471506
0.00386119
0.00180863
0.000929195
0.00376851
0.00396585
-0.0032689
-0.0159802
-0.0281879
-0.0344901
-0.0329628
-0.0297343
-0.0298419
-0.0316474
-0.0329351
-0.0338535
-0.0346712
-0.0354032
-0.036985
-0.0381438
-0.0362724
-0.033732
-0.0317956
-0.0302206
-0.0291314
-0.0279023
-0.0261776
-0.022818
-0.0181455
-0.0111189
-0.00260404
0.0079702
0.0187156
0.0310049
0.0425846
0.0541942
0.0627371
0.0686704
0.0718268
0.0738781
0.0755042
0.0779273
0.0771862
0.0693476
0.0592316
0.0490867
0.0406462
0.0337965
0.0293798
0.0265708
0.0251476
0.0242319
0.0237078
0.0232448
0.0229321
0.0225936
0.0223359
0.0220123
0.0217648
0.0214633
0.0212122
0.020856
0.0205042
0.0200724
0.0196714
0.0192328
0.0188727
0.0184737
0.0181595
0.0177952
0.0175171
0.0171889
0.0169222
0.0165475
0.0161881
0.0156952
0.0152957
0.014761
0.0143796
0.013847
0.0134414
0.01298
0.0125426
0.01215
0.0117022
0.0112898
0.0108545
0.0104419
0.0100144
0.0096191
0.00917213
0.00878462
0.0083166
0.00790007
0.00746599
0.00700532
0.00659003
0.00610852
0.00568111
0.00520932
0.00471529
0.00386414
0.00188423
0.0010959
0.00384562
0.00391584
-0.0033354
-0.0159835
-0.0281098
-0.0343912
-0.0329911
-0.0298801
-0.0299636
-0.0317108
-0.0329674
-0.0338717
-0.0346774
-0.0354145
-0.0369609
-0.0380599
-0.0361809
-0.0336164
-0.0316449
-0.0300924
-0.0290491
-0.0278768
-0.0261861
-0.0228452
-0.0181735
-0.011158
-0.00262623
0.00794362
0.0187155
0.0309967
0.0426053
0.054228
0.0627997
0.0687154
0.0718564
0.0738896
0.0755021
0.0778316
0.0770034
0.0692111
0.0591365
0.0490326
0.0405995
0.0337612
0.0293485
0.0265528
0.0251353
0.0242277
0.0237047
0.0232448
0.0229312
0.0225944
0.0223352
0.0220131
0.0217639
0.0214638
0.021211
0.0208562
0.0205034
0.0200726
0.019671
0.0192336
0.0188724
0.0184746
0.018159
0.0177961
0.0175163
0.0171895
0.0169211
0.0165477
0.0161873
0.0156954
0.0152951
0.0147614
0.0143791
0.0138474
0.013441
0.0129804
0.0125423
0.0121503
0.0117018
0.0112902
0.0108542
0.0104423
0.010014
0.0096195
0.00917178
0.00878494
0.00831624
0.00790046
0.00746558
0.00700576
0.0065896
0.00610889
0.00568071
0.00521006
0.00471569
0.00386948
0.00196974
0.00127689
0.00393423
0.00386981
-0.0034011
-0.0159848
-0.0280304
-0.0342929
-0.0330265
-0.0300381
-0.0300964
-0.0317814
-0.0330036
-0.0338918
-0.0346835
-0.0354229
-0.0369316
-0.0379685
-0.0360793
-0.0334898
-0.031482
-0.0299548
-0.028962
-0.0278516
-0.0261983
-0.0228776
-0.0182065
-0.0112033
-0.00265205
0.00791338
0.0187153
0.0309876
0.0426289
0.0542674
0.062872
0.0687674
0.0718904
0.0739027
0.0754988
0.0777303
0.0768106
0.0690646
0.0590311
0.0489717
0.0405462
0.0337205
0.0293127
0.0265323
0.0251212
0.0242229
0.0237012
0.0232448
0.0229302
0.0225953
0.0223344
0.022014
0.0217628
0.0214644
0.0212097
0.0208564
0.0205024
0.0200728
0.0196706
0.0192344
0.0188721
0.0184757
0.0181585
0.0177971
0.0175153
0.0171901
0.0169198
0.0165479
0.0161864
0.0156956
0.0152945
0.0147619
0.0143786
0.0138479
0.0134405
0.0129808
0.0125418
0.0121508
0.0117014
0.0112906
0.0108537
0.0104427
0.0100135
0.00961997
0.00917137
0.00878535
0.00831582
0.00790091
0.00746512
0.00700625
0.00658912
0.00610932
0.00568027
0.00521086
0.0047163
0.0038773
0.00206323
0.00146968
0.00403379
0.00382818
-0.00346619
-0.0159846
-0.0279504
-0.0341954
-0.0330681
-0.0302062
-0.0302387
-0.0318585
-0.0330433
-0.0339134
-0.03469
-0.0354298
-0.0368985
-0.037871
-0.0359696
-0.0333523
-0.0313063
-0.0298073
-0.0288696
-0.0278267
-0.0262143
-0.0229149
-0.0182444
-0.0112544
-0.00268155
0.00787973
0.0187148
0.0309776
0.0426552
0.0543125
0.0629539
0.0688262
0.0719286
0.0739175
0.0754942
0.0776238
0.0766096
0.0689095
0.0589162
0.0489042
0.0404868
0.0336746
0.0292724
0.0265092
0.0251056
0.0242176
0.0236974
0.0232448
0.0229291
0.0225963
0.0223335
0.022015
0.0217616
0.0214651
0.0212082
0.0208566
0.0205014
0.0200731
0.0196701
0.0192354
0.0188717
0.0184769
0.0181579
0.0177982
0.0175142
0.0171908
0.0169184
0.0165482
0.0161854
0.0156958
0.0152938
0.0147625
0.014378
0.0138484
0.01344
0.0129813
0.0125414
0.0121512
0.011701
0.0112911
0.0108532
0.0104432
0.0100131
0.00962045
0.00917095
0.00878576
0.00831538
0.00790139
0.00746463
0.00700679
0.0065886
0.00610977
0.0056798
0.00521174
0.00471715
0.00388767
0.00216326
0.00167201
0.00414373
0.00379154
-0.00353036
-0.0159834
-0.0278708
-0.0340992
-0.0331151
-0.0303828
-0.0303895
-0.0319412
-0.0330863
-0.0339364
-0.0346974
-0.0354358
-0.0368624
-0.0377688
-0.0358533
-0.033204
-0.0311184
-0.0296499
-0.0287722
-0.0278018
-0.0262338
-0.0229569
-0.018287
-0.0113111
-0.00271479
0.00784291
0.0187139
0.030967
0.0426839
0.0543633
0.0630449
0.0688917
0.0719708
0.0739338
0.0754883
0.0775128
0.0764022
0.0687469
0.0587926
0.0488304
0.0404214
0.0336236
0.0292279
0.0264835
0.0250883
0.0242117
0.0236933
0.0232447
0.0229279
0.0225973
0.0223327
0.0220161
0.0217604
0.0214657
0.0212066
0.0208568
0.0205004
0.0200733
0.0196696
0.0192364
0.0188714
0.0184781
0.0181574
0.0177994
0.0175131
0.0171916
0.0169169
0.0165484
0.0161843
0.015696
0.0152931
0.0147631
0.0143775
0.013849
0.0134394
0.0129818
0.0125409
0.0121517
0.0117005
0.0112916
0.0108527
0.0104438
0.0100126
0.009621
0.00917048
0.00878624
0.00831491
0.00790191
0.00746411
0.00700735
0.00658806
0.00611025
0.00567929
0.00521266
0.00471828
0.00390049
0.00226894
0.0018826
0.00426349
0.00376026
-0.00359313
-0.0159814
-0.0277923
-0.0340054
-0.0331673
-0.0305666
-0.0305475
-0.032029
-0.0331321
-0.0339607
-0.0347057
-0.0354411
-0.0368239
-0.0376631
-0.0357317
-0.0330458
-0.0309186
-0.0294832
-0.02867
-0.0277771
-0.0262569
-0.0230034
-0.0183344
-0.011373
-0.00275179
0.00780321
0.0187123
0.0309558
0.0427147
0.0544197
0.0631449
0.0689637
0.0720168
0.0739515
0.0754812
0.0773981
0.0761898
0.0685777
0.0586611
0.0487506
0.0403505
0.0335676
0.0291795
0.0264553
0.0250697
0.0242053
0.0236889
0.0232446
0.0229267
0.0225984
0.0223317
0.0220172
0.0217591
0.0214664
0.0212049
0.0208569
0.0204993
0.0200736
0.0196691
0.0192375
0.0188711
0.0184795
0.0181568
0.0178006
0.017512
0.0171923
0.0169152
0.0165486
0.0161832
0.0156962
0.0152924
0.0147637
0.0143769
0.0138496
0.0134389
0.0129823
0.0125404
0.0121522
0.0117
0.0112921
0.0108522
0.0104443
0.0100121
0.00962153
0.00917003
0.0087867
0.00831444
0.00790245
0.00746358
0.00700793
0.00658749
0.00611075
0.00567878
0.00521361
0.00471971
0.00391574
0.00237938
0.00210016
0.00439263
0.0037348
-0.00365407
-0.0159789
-0.0277156
-0.0339145
-0.0332242
-0.0307566
-0.0307121
-0.0321213
-0.0331806
-0.0339861
-0.0347149
-0.0354459
-0.0367835
-0.0375546
-0.0356055
-0.0328784
-0.0307075
-0.0293075
-0.0285633
-0.0277525
-0.0262835
-0.0230542
-0.0183863
-0.0114401
-0.00279258
0.0077608
0.0187101
0.0309442
0.0427474
0.0544816
0.0632535
0.0690421
0.0720665
0.0739706
0.0754728
0.0772804
0.0759736
0.0684029
0.0585225
0.0486651
0.0402743
0.0335068
0.0291271
0.0264245
0.0250496
0.0241982
0.0236843
0.0232445
0.0229255
0.0225995
0.0223308
0.0220183
0.0217578
0.021467
0.0212031
0.0208571
0.0204981
0.0200738
0.0196687
0.0192386
0.0188709
0.0184808
0.0181562
0.0178019
0.0175108
0.017193
0.0169135
0.0165488
0.016182
0.0156964
0.0152917
0.0147642
0.0143763
0.0138502
0.0134383
0.0129829
0.0125399
0.0121527
0.0116995
0.0112927
0.0108517
0.0104449
0.0100116
0.0096221
0.00916955
0.00878722
0.00831395
0.007903
0.00746304
0.00700852
0.00658693
0.00611124
0.00567826
0.00521458
0.00472147
0.00393329
0.0024939
0.00232396
0.00453076
0.00371536
-0.00371267
-0.0159761
-0.0276412
-0.033827
-0.0332858
-0.0309519
-0.0308824
-0.0322177
-0.0332315
-0.0340125
-0.034725
-0.0354502
-0.0367414
-0.037444
-0.0354755
-0.0327026
-0.0304855
-0.0291234
-0.0284523
-0.0277282
-0.0263136
-0.0231091
-0.0184427
-0.011512
-0.00283716
0.00771593
0.018707
0.0309324
0.0427818
0.0545492
0.0633704
0.0691269
0.0721196
0.073991
0.0754633
0.0771602
0.0757547
0.068223
0.0583773
0.0485743
0.0401932
0.0334413
0.0290711
0.0263913
0.0250281
0.0241906
0.0236794
0.0232442
0.0229242
0.0226005
0.0223299
0.0220194
0.0217565
0.0214676
0.0212013
0.0208572
0.0204969
0.0200741
0.0196682
0.0192397
0.0188706
0.0184822
0.0181557
0.0178032
0.0175097
0.0171937
0.0169118
0.016549
0.0161808
0.0156967
0.015291
0.0147648
0.0143757
0.0138508
0.0134378
0.0129834
0.0125394
0.0121533
0.0116991
0.0112932
0.0108512
0.0104455
0.0100111
0.00962264
0.0091691
0.0087877
0.00831348
0.00790354
0.00746252
0.00700911
0.00658636
0.00611174
0.00567774
0.00521557
0.00472355
0.00395306
0.00261185
0.0025531
0.00467759
0.00370225
-0.00376861
-0.0159731
-0.0275696
-0.0337435
-0.0333517
-0.0311519
-0.0310577
-0.0323178
-0.0332845
-0.0340399
-0.0347359
-0.0354539
-0.036698
-0.0373318
-0.0353421
-0.032519
-0.0302534
-0.0289316
-0.0283374
-0.0277042
-0.0263472
-0.0231679
-0.0185035
-0.0115885
-0.00288551
0.00766872
0.018703
0.0309202
0.0428177
0.0546223
0.0634953
0.0692178
0.0721761
0.0740126
0.0754528
0.0770381
0.0755342
0.0680389
0.058226
0.0484784
0.0401075
0.0333711
0.0290114
0.0263557
0.0250054
0.0241824
0.0236743
0.0232439
0.022923
0.0226016
0.022329
0.0220204
0.0217552
0.0214681
0.0211994
0.0208573
0.0204957
0.0200743
0.0196678
0.0192408
0.0188705
0.0184837
0.0181552
0.0178045
0.0175086
0.0171944
0.01691
0.0165491
0.0161796
0.0156968
0.0152903
0.0147654
0.0143751
0.0138514
0.0134373
0.0129839
0.012539
0.0121538
0.0116986
0.0112938
0.0108507
0.010446
0.0100106
0.00962321
0.00916863
0.00878823
0.00831299
0.0079041
0.00746199
0.00700969
0.0065858
0.00611223
0.00567722
0.00521657
0.00472597
0.00397488
0.00273278
0.00278717
0.00483279
0.0036956
-0.0038216
-0.01597
-0.0275013
-0.0336642
-0.0334219
-0.031356
-0.0312377
-0.0324215
-0.0333394
-0.034068
-0.0347475
-0.0354571
-0.0366534
-0.0372185
-0.0352059
-0.032328
-0.0300116
-0.0287326
-0.0282191
-0.0276807
-0.0263844
-0.0232305
-0.0185686
-0.0116694
-0.00293761
0.00761938
0.018698
0.030908
0.0428549
0.0547007
0.0636281
0.0693147
0.0722357
0.0740354
0.0754412
0.0769145
0.0753128
0.067851
0.0580691
0.0483776
0.0400173
0.0332966
0.0289483
0.0263177
0.0249815
0.0241737
0.023669
0.0232435
0.0229217
0.0226026
0.0223282
0.0220215
0.0217539
0.0214686
0.0211975
0.0208573
0.0204945
0.0200745
0.0196673
0.019242
0.0188703
0.0184851
0.0181548
0.0178057
0.0175074
0.017195
0.0169082
0.0165492
0.0161784
0.015697
0.0152895
0.014766
0.0143745
0.013852
0.0134368
0.0129845
0.0125385
0.0121543
0.0116982
0.0112943
0.0108502
0.0104466
0.0100101
0.00962375
0.0091682
0.0087887
0.00831255
0.00790463
0.00746149
0.00701026
0.00658526
0.00611271
0.00567672
0.00521758
0.00472872
0.00399864
0.0028562
0.00302545
0.00499611
0.00369562
-0.00387146
-0.015967
-0.0274365
-0.0335896
-0.0334962
-0.0315637
-0.0314217
-0.0325283
-0.0333962
-0.0340969
-0.0347597
-0.0354598
-0.0366079
-0.0371044
-0.0350673
-0.0321302
-0.0297608
-0.028527
-0.0280975
-0.0276576
-0.0264251
-0.0232968
-0.0186378
-0.0117545
-0.00299341
0.00756799
0.018692
0.0308957
0.0428932
0.0547845
0.0637685
0.0694175
0.0722984
0.0740592
0.0754288
0.0767899
0.0750912
0.06766
0.0579068
0.0482722
0.0399229
0.0332177
0.0288819
0.0262774
0.0249565
0.0241644
0.0236636
0.0232429
0.0229205
0.0226036
0.0223273
0.0220225
0.0217526
0.021469
0.0211956
0.0208573
0.0204933
0.0200747
0.019667
0.0192431
0.0188703
0.0184865
0.0181544
0.017807
0.0175064
0.0171955
0.0169063
0.0165493
0.0161772
0.0156971
0.0152889
0.0147665
0.014374
0.0138526
0.0134363
0.012985
0.0125381
0.0121548
0.0116977
0.0112949
0.0108498
0.0104471
0.0100097
0.0096243
0.00916777
0.00878921
0.0083121
0.00790516
0.00746101
0.00701082
0.00658473
0.00611317
0.00567623
0.0052186
0.00473181
0.00402414
0.00298173
0.00326765
0.00516727
0.00370229
-0.003918
-0.0159642
-0.0273754
-0.0335198
-0.0335743
-0.0317744
-0.0316092
-0.0326381
-0.0334546
-0.0341266
-0.0347725
-0.035462
-0.0365616
-0.0369899
-0.0349268
-0.0319258
-0.0295015
-0.0283152
-0.0279732
-0.0276351
-0.0264693
-0.0233666
-0.018711
-0.0118437
-0.00305288
0.00751476
0.0186849
0.0308834
0.0429324
0.0548734
0.0639163
0.069526
0.0723638
0.0740841
0.0754156
0.0766647
0.07487
0.0674663
0.0577398
0.0481625
0.0398245
0.0331346
0.0288123
0.0262349
0.0249303
0.0241546
0.023658
0.0232423
0.0229193
0.0226045
0.0223266
0.0220235
0.0217514
0.0214693
0.0211936
0.0208572
0.0204921
0.0200749
0.0196666
0.0192443
0.0188702
0.018488
0.018154
0.0178082
0.0175054
0.017196
0.0169045
0.0165493
0.016176
0.0156972
0.0152882
0.0147671
0.0143735
0.0138532
0.0134358
0.0129855
0.0125376
0.0121553
0.0116973
0.0112954
0.0108493
0.0104477
0.0100092
0.0096248
0.00916738
0.00878966
0.0083117
0.00790566
0.00746054
0.00701136
0.00658422
0.00611362
0.00567576
0.00521962
0.00473524
0.00405125
0.00310893
0.00351305
0.00534605
0.00371574
-0.00396105
-0.0159617
-0.0273185
-0.0334551
-0.033656
-0.0319877
-0.0317999
-0.0327504
-0.0335144
-0.0341568
-0.0347857
-0.0354637
-0.0365146
-0.0368753
-0.0347848
-0.0317156
-0.0292343
-0.0280977
-0.0278463
-0.0276132
-0.026517
-0.0234397
-0.018788
-0.0119367
-0.0031159
0.00745973
0.0186767
0.030871
0.0429724
0.0549674
0.0640713
0.06964
0.072432
0.07411
0.0754017
0.0765392
0.07465
0.0672705
0.0575683
0.0480485
0.0397225
0.0330475
0.0287397
0.0261902
0.0249032
0.0241443
0.0236523
0.0232416
0.0229181
0.0226054
0.0223258
0.0220244
0.0217502
0.0214696
0.0211917
0.0208572
0.0204909
0.020075
0.0196663
0.0192454
0.0188703
0.0184894
0.0181538
0.0178094
0.0175044
0.0171964
0.0169027
0.0165493
0.0161748
0.0156973
0.0152875
0.0147676
0.014373
0.0138538
0.0134354
0.012986
0.0125372
0.0121558
0.0116969
0.0112959
0.0108489
0.0104482
0.0100088
0.00962531
0.00916698
0.00879015
0.0083113
0.00790616
0.00746011
0.00701187
0.00658374
0.00611404
0.00567531
0.00522064
0.00473898
0.00407979
0.00323746
0.00376138
0.00553209
0.0037359
-0.00400048
-0.0159596
-0.0272658
-0.0333957
-0.0337413
-0.0322031
-0.0319932
-0.0328651
-0.0335755
-0.0341876
-0.0347994
-0.035465
-0.0364671
-0.036761
-0.0346417
-0.0315
-0.0289595
-0.0278751
-0.027717
-0.0275919
-0.0265681
-0.0235161
-0.0188687
-0.0120333
-0.00318243
0.00740309
0.0186674
0.0308586
0.0430131
0.0550663
0.0642333
0.0697595
0.0725026
0.0741367
0.0753873
0.0764139
0.0744315
0.0670731
0.057393
0.0479306
0.039617
0.0329566
0.0286641
0.0261435
0.024875
0.0241336
0.0236464
0.0232408
0.022917
0.0226063
0.0223251
0.0220253
0.021749
0.0214698
0.0211897
0.020857
0.0204897
0.0200751
0.019666
0.0192466
0.0188703
0.0184908
0.0181535
0.0178106
0.0175035
0.0171967
0.0169008
0.0165492
0.0161736
0.0156973
0.0152868
0.0147681
0.0143725
0.0138543
0.0134349
0.0129865
0.0125369
0.0121562
0.0116966
0.0112963
0.0108486
0.0104486
0.0100084
0.00962578
0.00916663
0.00879057
0.00831094
0.00790662
0.0074597
0.00701237
0.00658328
0.00611445
0.00567488
0.00522167
0.00474304
0.00410962
0.00336687
0.00401202
0.00572504
0.00376285
-0.00403614
-0.015958
-0.0272177
-0.0333417
-0.0338298
-0.0324202
-0.0321886
-0.0329819
-0.0336377
-0.0342189
-0.0348135
-0.0354659
-0.0364194
-0.0366472
-0.0344981
-0.0312795
-0.028678
-0.027648
-0.0275858
-0.0275712
-0.0266226
-0.0235955
-0.0189529
-0.0121334
-0.00325234
0.00734489
0.0186571
0.0308463
0.0430542
0.0551698
0.0644021
0.069884
0.0725757
0.0741643
0.0753723
0.0762891
0.0742152
0.0668746
0.057214
0.0478092
0.0395084
0.0328619
0.0285857
0.0260947
0.024846
0.0241224
0.0236405
0.0232399
0.0229159
0.0226071
0.0223245
0.0220262
0.0217479
0.02147
0.0211878
0.0208568
0.0204886
0.0200752
0.0196657
0.0192477
0.0188705
0.0184921
0.0181534
0.0178117
0.0175026
0.017197
0.016899
0.0165491
0.0161725
0.0156974
0.0152862
0.0147686
0.0143721
0.0138548
0.0134345
0.012987
0.0125365
0.0121567
0.0116963
0.0112968
0.0108482
0.0104491
0.0100081
0.00962625
0.00916628
0.00879101
0.00831059
0.00790708
0.00745931
0.00701284
0.00658284
0.00611483
0.00567447
0.00522269
0.00474739
0.00414054
0.00349683
0.00426465
0.00592453
0.00379642
-0.00406798
-0.0159569
-0.0271742
-0.0332932
-0.0339213
-0.0326385
-0.0323857
-0.0331003
-0.0337009
-0.0342506
-0.0348278
-0.0354664
-0.0363716
-0.0365344
-0.0343543
-0.0310548
-0.0283902
-0.027417
-0.0274527
-0.0275514
-0.0266804
-0.0236777
-0.0190403
-0.0122367
-0.00332553
0.00728529
0.0186457
0.030834
0.0430955
0.0552778
0.0645772
0.0700135
0.0726508
0.0741926
0.075357
0.0761653
0.0740018
0.0666757
0.0570318
0.0476845
0.0393969
0.0327639
0.0285048
0.0260442
0.0248161
0.0241107
0.0236345
0.0232389
0.0229148
0.0226078
0.0223238
0.022027
0.0217469
0.02147
0.0211859
0.0208566
0.0204874
0.0200752
0.0196655
0.0192488
0.0188707
0.0184934
0.0181532
0.0178128
0.0175018
0.0171972
0.0168972
0.016549
0.0161713
0.0156974
0.0152856
0.014769
0.0143716
0.0138553
0.0134342
0.0129874
0.0125362
0.0121571
0.011696
0.0112972
0.0108479
0.0104495
0.0100078
0.00962667
0.00916598
0.0087914
0.00831028
0.00790749
0.00745895
0.00701329
0.00658243
0.00611519
0.00567409
0.00522371
0.004752
0.00417238
0.00362685
0.00451848
0.00613015
0.00383653
-0.00409597
-0.0159565
-0.0271356
-0.0332501
-0.0340154
-0.0328574
-0.032584
-0.0332201
-0.0337647
-0.0342826
-0.0348424
-0.0354665
-0.0363239
-0.0364228
-0.0342109
-0.0308265
-0.0280969
-0.0271826
-0.0273182
-0.0275324
-0.0267415
-0.0237626
-0.0191307
-0.0123429
-0.00340179
0.0072244
0.0186333
0.0308218
0.0431369
0.0553899
0.0647585
0.0701475
0.0727279
0.0742216
0.0753414
0.0760427
0.0737918
0.066477
0.0568468
0.0475569
0.0392829
0.0326626
0.0284215
0.0259919
0.0247855
0.0240987
0.0236284
0.0232379
0.0229137
0.0226085
0.0223233
0.0220277
0.021746
0.02147
0.021184
0.0208564
0.0204863
0.0200753
0.0196653
0.0192499
0.0188709
0.0184947
0.0181532
0.0178138
0.0175011
0.0171973
0.0168955
0.0165488
0.0161702
0.0156973
0.0152851
0.0147694
0.0143712
0.0138558
0.0134338
0.0129878
0.0125359
0.0121575
0.0116957
0.0112976
0.0108476
0.01045
0.0100074
0.00962709
0.00916567
0.00879181
0.00830998
0.0079079
0.00745862
0.0070137
0.00658205
0.00611553
0.00567372
0.00522473
0.00475685
0.00420492
0.00375653
0.00477304
0.00634133
0.00388285
-0.00412023
-0.015957
-0.0271021
-0.0332127
-0.0341119
-0.0330763
-0.0327827
-0.0333408
-0.0338291
-0.0343148
-0.0348571
-0.0354664
-0.0362764
-0.0363127
-0.0340682
-0.0305952
-0.0277988
-0.0269455
-0.0271826
-0.0275142
-0.0268055
-0.0238499
-0.0192237
-0.0124516
-0.00348088
0.00716242
0.0186201
0.0308097
0.0431783
0.0555061
0.0649454
0.0702857
0.0728066
0.0742512
0.0753257
0.0759219
0.0735858
0.0662787
0.0566595
0.0474267
0.0391667
0.0325585
0.0283361
0.025938
0.0247543
0.0240864
0.0236223
0.0232367
0.0229128
0.0226092
0.0223228
0.0220284
0.0217451
0.0214699
0.0211821
0.0208561
0.0204853
0.0200753
0.0196651
0.0192509
0.0188712
0.018496
0.0181531
0.0178148
0.0175004
0.0171974
0.0168937
0.0165486
0.0161691
0.0156973
0.0152845
0.0147698
0.0143708
0.0138562
0.0134335
0.0129882
0.0125356
0.0121578
0.0116954
0.011298
0.0108473
0.0104503
0.0100071
0.00962744
0.0091654
0.00879214
0.00830972
0.00790826
0.00745832
0.00701409
0.00658168
0.00611584
0.00567338
0.00522573
0.00476194
0.00423803
0.00388536
0.00502792
0.00655775
0.00393559
-0.00414063
-0.0159583
-0.0270736
-0.033181
-0.0342107
-0.0332946
-0.0329817
-0.0334625
-0.0338939
-0.034347
-0.0348716
-0.0354657
-0.0362292
-0.0362045
-0.033927
-0.0303617
-0.0274966
-0.0267066
-0.0270464
-0.0274965
-0.0268723
-0.0239395
-0.019319
-0.0125626
-0.00356278
0.00709912
0.0186058
0.0307978
0.0432196
0.0556261
0.0651378
0.0704275
0.0728864
0.0742811
0.0753102
0.0758037
0.0733844
0.0660812
0.0564702
0.0472943
0.0390489
0.0324519
0.0282485
0.0258823
0.0247223
0.0240737
0.0236161
0.0232355
0.0229118
0.0226098
0.0223223
0.0220291
0.0217442
0.0214698
0.0211803
0.0208558
0.0204842
0.0200752
0.0196649
0.019252
0.0188715
0.0184972
0.0181531
0.0178157
0.0174998
0.0171974
0.016892
0.0165483
0.016168
0.0156972
0.0152839
0.0147701
0.0143704
0.0138566
0.0134331
0.0129886
0.0125353
0.0121581
0.0116951
0.0112983
0.010847
0.0104507
0.0100068
0.00962779
0.00916511
0.00879244
0.00830945
0.0079086
0.00745801
0.00701446
0.00658132
0.00611611
0.00567306
0.00522676
0.00476732
0.00427159
0.00401332
0.00528232
0.00677896
0.00399418
-0.00415668
-0.0159598
-0.0270503
-0.0331548
-0.0343111
-0.0335122
-0.0331802
-0.0335843
-0.0339589
-0.0343794
-0.0348864
-0.0354648
-0.0361827
-0.0360985
-0.0337876
-0.030127
-0.0271914
-0.0264662
-0.02691
-0.0274799
-0.0269419
-0.0240309
-0.0194166
-0.0126758
-0.00364708
0.00703511
0.0185906
0.0307858
0.0432601
0.0557488
0.0653347
0.070573
0.0729676
0.0743115
0.0752946
0.0756874
0.0731883
0.0658865
0.0562803
0.0471602
0.0389294
0.0323427
0.0281593
0.0258256
0.02469
0.0240608
0.0236099
0.0232343
0.0229109
0.0226104
0.0223219
0.0220298
0.0217435
0.0214697
0.0211785
0.0208554
0.0204832
0.0200752
0.0196647
0.019253
0.0188718
0.0184984
0.0181532
0.0178166
0.0174992
0.0171973
0.0168903
0.016548
0.016167
0.0156971
0.0152834
0.0147705
0.0143701
0.013857
0.0134329
0.0129889
0.0125351
0.0121584
0.0116949
0.0112987
0.0108467
0.010451
0.0100066
0.0096281
0.00916492
0.00879269
0.00830924
0.00790892
0.00745773
0.00701483
0.00658099
0.00611638
0.00567276
0.00522778
0.00477281
0.00430516
0.00413925
0.00553541
0.00700441
0.0040584
-0.0041684
-0.0159614
-0.0270323
-0.0331339
-0.0344129
-0.0337284
-0.0333777
-0.0337059
-0.0340239
-0.0344117
-0.0349014
-0.0354637
-0.036137
-0.0359951
-0.0336504
-0.029892
-0.0268841
-0.026225
-0.0267737
-0.0274646
-0.0270141
-0.0241238
-0.019516
-0.0127911
-0.00373345
0.00697051
0.0185747
0.0307737
0.0432998
0.0558738
0.0655356
0.0707217
0.0730499
0.0743422
0.075279
0.0755734
0.0729979
0.065695
0.0560902
0.0470249
0.0388085
0.0322313
0.0280687
0.025768
0.0246574
0.0240477
0.0236037
0.0232329
0.02291
0.0226109
0.0223215
0.0220303
0.0217428
0.0214694
0.0211768
0.0208551
0.0204822
0.0200752
0.0196646
0.0192539
0.0188722
0.0184996
0.0181533
0.0178175
0.0174988
0.0171973
0.0168887
0.0165477
0.016166
0.015697
0.015283
0.0147708
0.0143698
0.0138574
0.0134327
0.0129893
0.0125349
0.0121587
0.0116947
0.011299
0.0108465
0.0104514
0.0100064
0.00962845
0.00916473
0.00879303
0.00830904
0.00790925
0.0074575
0.00701516
0.00658071
0.00611663
0.00567249
0.00522877
0.00477832
0.00433847
0.00426274
0.00578708
0.00723337
0.00412808
-0.00417634
-0.0159642
-0.0270194
-0.0331188
-0.0345158
-0.0339421
-0.0335737
-0.0338274
-0.0340887
-0.0344437
-0.034916
-0.0354624
-0.0360922
-0.0358945
-0.0335162
-0.029657
-0.0265754
-0.025984
-0.026638
-0.02745
-0.0270885
-0.0242182
-0.0196167
-0.0129074
-0.00382183
0.00690518
0.0185579
0.030762
0.0433387
0.0560015
0.0657405
0.0708727
0.0731325
0.0743731
0.0752639
0.075463
0.0728138
0.0655062
0.0559001
0.0468889
0.0386873
0.0321186
0.0279767
0.0257091
0.0246245
0.0240343
0.0235974
0.0232315
0.0229091
0.0226114
0.0223211
0.0220308
0.0217421
0.0214691
0.0211751
0.0208547
0.0204812
0.0200751
0.0196645
0.0192549
0.0188726
0.0185007
0.0181534
0.0178183
0.0174983
0.0171972
0.0168871
0.0165474
0.016165
0.0156969
0.0152825
0.0147711
0.0143696
0.0138578
0.0134324
0.0129896
0.0125347
0.012159
0.0116945
0.0112993
0.0108463
0.0104517
0.0100062
0.00962873
0.00916458
0.0087933
0.00830887
0.00790954
0.0074573
0.00701546
0.00658045
0.00611686
0.00567225
0.00522974
0.00478399
0.00437163
0.00438388
0.00603606
0.00746507
0.00420271
-0.00418073
-0.0159678
-0.0270118
-0.033109
-0.0346194
-0.034153
-0.0337675
-0.0339478
-0.034153
-0.0344751
-0.0349304
-0.0354609
-0.0360484
-0.0357971
-0.0333853
-0.029423
-0.0262661
-0.025744
-0.0265033
-0.0274364
-0.0271649
-0.0243136
-0.0197183
-0.0130246
-0.00391167
0.00683951
0.0185404
0.0307505
0.0433766
0.0561312
0.0659485
0.0710258
0.0732155
0.074404
0.0752493
0.0753562
0.0726364
0.065321
0.0557106
0.0467524
0.0385657
0.0320048
0.0278838
0.0256494
0.0245913
0.0240209
0.0235912
0.02323
0.0229083
0.0226118
0.0223208
0.0220313
0.0217415
0.0214688
0.0211734
0.0208542
0.0204803
0.020075
0.0196645
0.0192558
0.0188731
0.0185017
0.0181536
0.0178191
0.017498
0.017197
0.0168856
0.016547
0.016164
0.0156967
0.0152821
0.0147713
0.0143693
0.0138581
0.0134322
0.0129899
0.0125345
0.0121593
0.0116943
0.0112996
0.0108462
0.0104519
0.010006
0.009629
0.00916439
0.00879359
0.00830869
0.00790981
0.00745711
0.00701572
0.0065802
0.00611707
0.00567202
0.00523071
0.00478973
0.00440436
0.00450195
0.0062821
0.007699
0.00428187
-0.00418156
-0.0159722
-0.0270094
-0.0331044
-0.0347231
-0.0343605
-0.0339584
-0.0340668
-0.0342166
-0.0345062
-0.0349446
-0.0354594
-0.036006
-0.0357032
-0.0332582
-0.0291906
-0.0259571
-0.0255054
-0.0263699
-0.0274238
-0.0272431
-0.0244097
-0.0198205
-0.0131424
-0.00400269
0.00677367
0.0185221
0.0307391
0.0434133
0.0562623
0.0661591
0.0711804
0.0732984
0.074435
0.0752354
0.075253
0.0724659
0.06514
0.0555223
0.0466161
0.0384444
0.0318901
0.0277903
0.0255892
0.0245582
0.0240073
0.0235851
0.0232285
0.0229075
0.0226122
0.0223205
0.0220317
0.021741
0.0214685
0.0211718
0.0208537
0.0204794
0.0200749
0.0196644
0.0192567
0.0188735
0.0185027
0.0181537
0.0178198
0.0174976
0.0171968
0.0168841
0.0165466
0.0161631
0.0156965
0.0152817
0.0147715
0.014369
0.0138584
0.013432
0.0129902
0.0125344
0.0121595
0.0116942
0.0112998
0.010846
0.0104522
0.0100059
0.00962922
0.00916426
0.00879381
0.00830854
0.00791003
0.00745693
0.00701597
0.00657998
0.00611727
0.00567181
0.00523166
0.00479547
0.00443645
0.00461649
0.00652451
0.00793468
0.00436523
-0.00417888
-0.0159772
-0.0270121
-0.033105
-0.0348268
-0.0345641
-0.0341462
-0.0341843
-0.0342794
-0.0345366
-0.0349585
-0.0354578
-0.0359651
-0.0356129
-0.0331353
-0.0289607
-0.025649
-0.0252691
-0.0262381
-0.0274123
-0.027323
-0.0245063
-0.019923
-0.0132604
-0.00409465
0.00670773
0.0185033
0.0307279
0.0434487
0.0563944
0.0663719
0.0713363
0.0733812
0.0744658
0.0752221
0.0751537
0.0723028
0.064964
0.0553357
0.0464802
0.0383235
0.0317749
0.0276965
0.0255287
0.024525
0.0239937
0.0235789
0.023227
0.0229067
0.0226126
0.0223202
0.0220321
0.0217405
0.0214681
0.0211703
0.0208533
0.0204785
0.0200748
0.0196643
0.0192575
0.0188739
0.0185037
0.0181539
0.0178205
0.0174974
0.0171966
0.0168827
0.0165462
0.0161622
0.0156963
0.0152813
0.0147717
0.0143688
0.0138586
0.0134318
0.0129904
0.0125342
0.0121597
0.011694
0.0113
0.0108459
0.0104524
0.0100057
0.00962944
0.0091641
0.00879406
0.0083084
0.00791026
0.00745678
0.00701619
0.00657977
0.00611744
0.00567162
0.00523259
0.0048012
0.00446777
0.00472722
0.00676291
0.00817165
0.00445225
-0.00417278
-0.0159827
-0.02702
-0.0331104
-0.03493
-0.0347634
-0.0343303
-0.0342998
-0.0343411
-0.0345665
-0.0349722
-0.0354562
-0.0359257
-0.0355264
-0.033017
-0.0287338
-0.0253427
-0.0250356
-0.0261083
-0.0274017
-0.0274042
-0.0246031
-0.0200255
-0.0133783
-0.00418733
0.00664194
0.0184838
0.030717
0.0434824
0.0565271
0.0665861
0.0714928
0.0734634
0.0744965
0.0752096
0.0750586
0.0721475
0.0647932
0.0551515
0.0463452
0.0382035
0.0316596
0.0276024
0.0254679
0.0244921
0.02398
0.0235729
0.0232255
0.0229059
0.0226129
0.0223199
0.0220325
0.0217401
0.0214677
0.0211689
0.0208527
0.0204776
0.0200747
0.0196643
0.0192583
0.0188744
0.0185046
0.0181541
0.0178211
0.0174971
0.0171963
0.0168813
0.0165457
0.0161613
0.0156961
0.0152809
0.0147719
0.0143686
0.0138589
0.0134317
0.0129906
0.0125341
0.0121599
0.0116939
0.0113002
0.0108457
0.0104526
0.0100056
0.00962962
0.009164
0.00879425
0.00830828
0.00791045
0.00745665
0.0070164
0.00657958
0.0061176
0.00567145
0.0052335
0.00480688
0.00449818
0.00483371
0.00699653
0.00840957
0.00454249
-0.00416335
-0.0159887
-0.0270329
-0.0331205
-0.0350325
-0.0349581
-0.0345104
-0.0344131
-0.0344017
-0.0345957
-0.0349855
-0.0354546
-0.035888
-0.0354439
-0.0329036
-0.0285106
-0.0250389
-0.0248055
-0.0259809
-0.0273921
-0.0274868
-0.0246997
-0.0201275
-0.0134958
-0.00428043
0.00657642
0.0184636
0.0307063
0.0435146
0.0566599
0.0668015
0.0716497
0.0735449
0.074527
0.075198
0.0749678
0.0720003
0.0646281
0.0549699
0.0462114
0.0380847
0.0315444
0.0275085
0.0254071
0.0244593
0.0239664
0.0235669
0.0232239
0.0229052
0.0226132
0.0223197
0.0220328
0.0217397
0.0214673
0.0211675
0.0208522
0.0204768
0.0200745
0.0196643
0.019259
0.0188748
0.0185055
0.0181543
0.0178217
0.017497
0.017196
0.01688
0.0165452
0.0161605
0.0156959
0.0152806
0.014772
0.0143684
0.0138591
0.0134315
0.0129909
0.012534
0.0121601
0.0116938
0.0113004
0.0108456
0.0104527
0.0100055
0.0096298
0.00916387
0.00879447
0.00830816
0.00791064
0.00745653
0.00701657
0.00657941
0.00611774
0.0056713
0.00523439
0.00481248
0.00452754
0.00493576
0.00722503
0.00864795
0.00463542
-0.00415079
-0.0159953
-0.0270506
-0.033135
-0.0351339
-0.0351476
-0.034686
-0.0345239
-0.0344608
-0.0346241
-0.0349984
-0.035453
-0.035852
-0.0353656
-0.0327956
-0.0282916
-0.0247382
-0.0245795
-0.0258562
-0.0273834
-0.0275702
-0.0247959
-0.0202288
-0.0136126
-0.00437372
0.00651139
0.0184428
0.0306958
0.043545
0.0567925
0.0670174
0.0718063
0.0736254
0.0745571
0.0751872
0.0748816
0.0718613
0.064469
0.0547914
0.0460794
0.0379675
0.0314298
0.0274148
0.0253464
0.0244269
0.0239528
0.0235609
0.0232223
0.0229045
0.0226134
0.0223195
0.022033
0.0217394
0.0214668
0.0211662
0.0208516
0.020476
0.0200744
0.0196643
0.0192597
0.0188753
0.0185063
0.0181545
0.0178222
0.0174968
0.0171957
0.0168788
0.0165447
0.0161597
0.0156957
0.0152802
0.0147721
0.0143682
0.0138593
0.0134314
0.012991
0.0125339
0.0121602
0.0116937
0.0113005
0.0108455
0.0104529
0.0100054
0.00962994
0.0091638
0.00879462
0.00830808
0.00791079
0.00745642
0.00701674
0.00657925
0.00611787
0.00567116
0.00523525
0.00481797
0.00455575
0.00503297
0.00744778
0.00888615
0.00473069
-0.00413524
-0.0160024
-0.0270731
-0.0331537
-0.035234
-0.0353317
-0.0348568
-0.0346319
-0.0345184
-0.0346517
-0.0350109
-0.0354515
-0.0358179
-0.0352916
-0.0326931
-0.0280776
-0.0244414
-0.0243581
-0.0257343
-0.0273755
-0.0276545
-0.0248915
-0.0203291
-0.0137282
-0.00446693
0.00644694
0.0184215
0.0306857
0.0435736
0.0569244
0.0672332
0.0719623
0.0737047
0.0745867
0.0751774
0.0747999
0.0717307
0.0643164
0.0546166
0.0459493
0.0378522
0.0313161
0.0273218
0.025286
0.0243949
0.0239393
0.0235551
0.0232206
0.0229038
0.0226136
0.0223192
0.0220332
0.0217391
0.0214664
0.0211649
0.020851
0.0204753
0.0200742
0.0196642
0.0192604
0.0188758
0.018507
0.0181546
0.0178227
0.0174967
0.0171955
0.0168777
0.0165442
0.0161589
0.0156955
0.0152799
0.0147722
0.014368
0.0138595
0.0134313
0.0129912
0.0125337
0.0121603
0.0116936
0.0113007
0.0108454
0.010453
0.0100053
0.00963009
0.00916369
0.00879481
0.00830799
0.00791094
0.00745633
0.00701688
0.00657911
0.00611798
0.00567104
0.00523609
0.00482333
0.00458269
0.00512518
0.00766452
0.0091234
0.00482785
-0.0041169
-0.0160098
-0.0270999
-0.0331763
-0.0353324
-0.0355098
-0.0350224
-0.0347369
-0.0345743
-0.0346784
-0.0350229
-0.0354501
-0.0357857
-0.0352219
-0.0325964
-0.027869
-0.0241492
-0.0241419
-0.0256157
-0.0273684
-0.0277392
-0.0249861
-0.020428
-0.0138423
-0.00455977
0.00638327
0.0183997
0.0306758
0.0436001
0.0570552
0.0674485
0.0721172
0.0737825
0.0746159
0.0751686
0.0747229
0.0716086
0.0641706
0.0544459
0.0458217
0.0377392
0.0312036
0.0272296
0.0252261
0.0243634
0.0239259
0.0235493
0.023219
0.0229031
0.0226138
0.022319
0.0220334
0.0217389
0.0214659
0.0211638
0.0208504
0.0204746
0.0200741
0.0196642
0.019261
0.0188762
0.0185078
0.0181548
0.0178232
0.0174967
0.0171952
0.0168766
0.0165436
0.0161582
0.0156953
0.0152796
0.0147723
0.0143679
0.0138597
0.0134311
0.0129914
0.0125337
0.0121604
0.0116935
0.0113008
0.0108454
0.0104531
0.0100053
0.00963018
0.00916364
0.00879494
0.00830793
0.00791106
0.00745625
0.00701701
0.00657898
0.00611809
0.00567094
0.00523689
0.00482851
0.00460827
0.00521204
0.00787462
0.00935881
0.0049266
-0.00409596
-0.0160176
-0.027131
-0.0332025
-0.0354288
-0.0356816
-0.0351823
-0.0348387
-0.0346283
-0.0347041
-0.0350345
-0.0354488
-0.0357555
-0.0351567
-0.0325059
-0.0276666
-0.0238623
-0.0239314
-0.0255007
-0.0273621
-0.027824
-0.0250793
-0.020525
-0.0139546
-0.00465188
0.00632052
0.0183775
0.0306662
0.0436246
0.0571843
0.0676625
0.0722705
0.0738585
0.0746444
0.0751609
0.0746507
0.0714952
0.0640319
0.0542798
0.045697
0.0376288
0.0310927
0.0271385
0.0251668
0.0243325
0.0239127
0.0235437
0.0232173
0.0229024
0.0226139
0.0223188
0.0220336
0.0217386
0.0214655
0.0211627
0.0208498
0.0204739
0.0200739
0.0196642
0.0192616
0.0188766
0.0185084
0.018155
0.0178236
0.0174966
0.0171949
0.0168757
0.016543
0.0161575
0.0156951
0.0152793
0.0147724
0.0143677
0.0138598
0.013431
0.0129915
0.0125336
0.0121606
0.0116934
0.0113009
0.0108453
0.0104532
0.0100052
0.0096303
0.00916355
0.0087951
0.00830785
0.00791118
0.00745618
0.00701711
0.00657886
0.00611819
0.00567085
0.00523767
0.0048335
0.0046324
0.00529342
0.00807766
0.00959148
0.00502638
-0.00407265
-0.0160256
-0.027166
-0.033232
-0.035523
-0.0358465
-0.0353361
-0.0349369
-0.0346803
-0.0347288
-0.0350456
-0.0354477
-0.0357273
-0.0350962
-0.0324217
-0.027471
-0.0235817
-0.0237273
-0.0253896
-0.0273564
-0.0279087
-0.025171
-0.0206199
-0.0140647
-0.00474287
0.0062589
0.018355
0.030657
0.0436468
0.0573113
0.0678745
0.0724215
0.0739325
0.0746721
0.0751544
0.0745832
0.0713908
0.0639007
0.0541187
0.0455756
0.0375214
0.0309838
0.0270489
0.0251085
0.0243023
0.0238997
0.0235381
0.0232157
0.0229018
0.0226139
0.0223185
0.0220337
0.0217385
0.021465
0.0211618
0.0208491
0.0204732
0.0200738
0.0196642
0.0192621
0.018877
0.0185091
0.0181552
0.017824
0.0174966
0.0171946
0.0168748
0.0165424
0.0161568
0.015695
0.015279
0.0147724
0.0143676
0.01386
0.0134309
0.0129917
0.0125335
0.0121606
0.0116934
0.011301
0.0108453
0.0104533
0.0100051
0.00963037
0.00916352
0.0087952
0.00830782
0.00791127
0.00745612
0.00701721
0.00657875
0.00611828
0.00567078
0.00523841
0.00483828
0.004655
0.00536898
0.00827274
0.00982049
0.00512668
-0.00404721
-0.0160337
-0.0272045
-0.0332645
-0.0356145
-0.0360041
-0.0354833
-0.0350313
-0.03473
-0.0347523
-0.0350563
-0.0354468
-0.0357014
-0.0350403
-0.0323442
-0.0272829
-0.0233084
-0.0235305
-0.0252828
-0.0273514
-0.0279928
-0.0252606
-0.0207121
-0.0141722
-0.0048323
0.00619859
0.0183323
0.0306481
0.0436668
0.0574355
0.0680837
0.0725697
0.0740041
0.074699
0.075149
0.0745205
0.0712954
0.0637775
0.0539633
0.045458
0.0374175
0.0308775
0.0269611
0.0250512
0.0242729
0.0238869
0.0235327
0.023214
0.0229011
0.0226139
0.0223183
0.0220338
0.0217383
0.0214646
0.0211609
0.0208484
0.0204726
0.0200736
0.0196642
0.0192626
0.0188774
0.0185096
0.0181554
0.0178243
0.0174967
0.0171943
0.016874
0.0165418
0.0161561
0.0156948
0.0152788
0.0147725
0.0143675
0.0138601
0.0134309
0.0129918
0.0125335
0.0121607
0.0116933
0.0113011
0.0108452
0.0104534
0.0100051
0.00963045
0.00916344
0.00879534
0.00830777
0.00791136
0.00745608
0.00701729
0.00657866
0.00611836
0.00567072
0.00523911
0.0048428
0.00467597
0.0054386
0.00845929
0.0100447
0.00522678
-0.00401994
-0.0160418
-0.027246
-0.0332994
-0.0357029
-0.0361539
-0.0356234
-0.0351214
-0.0347773
-0.0347746
-0.0350664
-0.035446
-0.0356776
-0.0349892
-0.0322734
-0.0271031
-0.0230435
-0.0233417
-0.0251808
-0.0273469
-0.0280756
-0.0253477
-0.0208011
-0.0142767
-0.00491969
0.00613984
0.0183095
0.0306397
0.0436842
0.0575562
0.0682889
0.0727143
0.074073
0.0747249
0.0751448
0.0744629
0.0712091
0.0636627
0.0538143
0.045345
0.0373174
0.030774
0.0268755
0.0249953
0.0242444
0.0238744
0.0235274
0.0232124
0.0229005
0.0226139
0.0223181
0.0220339
0.0217381
0.0214641
0.0211601
0.0208477
0.020472
0.0200734
0.0196642
0.019263
0.0188778
0.0185102
0.0181556
0.0178247
0.0174967
0.017194
0.0168733
0.0165412
0.0161555
0.0156946
0.0152786
0.0147725
0.0143674
0.0138602
0.0134308
0.0129919
0.0125334
0.0121608
0.0116933
0.0113012
0.0108452
0.0104535
0.0100051
0.0096305
0.00916342
0.00879541
0.00830775
0.00791142
0.00745604
0.00701736
0.00657857
0.00611843
0.00567067
0.00523978
0.00484705
0.00469526
0.00550192
0.00863628
0.0102629
0.00532602
-0.00399107
-0.0160496
-0.0272901
-0.0333361
-0.0357877
-0.0362955
-0.0357558
-0.035207
-0.034822
-0.0347957
-0.0350759
-0.0354456
-0.0356561
-0.034943
-0.0322096
-0.0269325
-0.0227886
-0.0231619
-0.0250836
-0.0273427
-0.0281567
-0.0254317
-0.0208864
-0.0143778
-0.00500459
0.00608288
0.0182867
0.0306316
0.0436992
0.0576728
0.068489
0.0728543
0.0741387
0.0747496
0.0751418
0.0744104
0.0711321
0.0635569
0.0536726
0.0452372
0.0372217
0.030674
0.0267926
0.024941
0.024217
0.0238622
0.0235223
0.0232107
0.0228998
0.0226138
0.0223178
0.0220339
0.021738
0.0214637
0.0211594
0.020847
0.0204714
0.0200733
0.0196642
0.0192634
0.0188781
0.0185106
0.0181557
0.017825
0.0174968
0.0171938
0.0168727
0.0165406
0.0161549
0.0156944
0.0152784
0.0147725
0.0143673
0.0138603
0.0134307
0.012992
0.0125334
0.0121609
0.0116932
0.0113012
0.0108452
0.0104535
0.0100051
0.00963056
0.00916336
0.00879553
0.00830771
0.00791149
0.00745601
0.00701741
0.00657849
0.0061185
0.00567063
0.00524039
0.00485101
0.00471279
0.00555888
0.00880297
0.0104734
0.00542352
-0.00396079
-0.0160568
-0.0273357
-0.0333739
-0.0358682
-0.0364288
-0.0358802
-0.0352878
-0.034864
-0.0348155
-0.0350849
-0.0354453
-0.035637
-0.0349018
-0.0321531
-0.0267722
-0.0225455
-0.0229919
-0.0249918
-0.0273385
-0.0282349
-0.0255117
-0.0209675
-0.0144751
-0.0050866
0.0060279
0.018264
0.0306239
0.0437116
0.0577843
0.0686825
0.0729886
0.0742007
0.0747729
0.0751398
0.0743633
0.0710648
0.063461
0.0535391
0.0451356
0.037131
0.0305777
0.0267127
0.0248884
0.0241905
0.0238504
0.0235172
0.023209
0.0228991
0.0226137
0.0223176
0.0220339
0.0217379
0.0214633
0.0211587
0.0208464
0.0204709
0.0200731
0.0196642
0.0192638
0.0188785
0.0185111
0.0181559
0.0178252
0.0174969
0.0171935
0.0168722
0.01654
0.0161544
0.0156943
0.0152782
0.0147726
0.0143672
0.0138604
0.0134307
0.0129921
0.0125334
0.0121609
0.0116932
0.0113013
0.0108452
0.0104535
0.0100051
0.00963058
0.00916336
0.00879559
0.00830771
0.00791153
0.00745599
0.00701745
0.00657842
0.00611856
0.00567061
0.00524096
0.00485463
0.00472849
0.00560917
0.00895823
0.0106743
0.0055184
-0.00392904
-0.0160629
-0.0273819
-0.0334114
-0.035944
-0.0365535
-0.0359963
-0.0353637
-0.0349033
-0.034834
-0.0350934
-0.0354454
-0.0356204
-0.0348656
-0.0321039
-0.0266233
-0.0223161
-0.0228326
-0.0249056
-0.0273338
-0.0283093
-0.0255865
-0.0210439
-0.0145683
-0.0051656
0.00597493
0.0182415
0.0306165
0.0437214
0.05789
0.0688678
0.0731159
0.0742584
0.0747945
0.0751388
0.074322
0.0710078
0.063376
0.0534153
0.0450412
0.037046
0.0304853
0.0266358
0.0248377
0.0241652
0.023839
0.0235123
0.0232073
0.0228984
0.0226135
0.0223173
0.0220338
0.0217378
0.0214629
0.0211582
0.0208457
0.0204704
0.020073
0.0196643
0.0192641
0.0188788
0.0185115
0.018156
0.0178254
0.0174969
0.0171933
0.0168718
0.0165394
0.0161539
0.0156942
0.0152781
0.0147726
0.0143671
0.0138605
0.0134307
0.0129922
0.0125334
0.012161
0.0116932
0.0113013
0.0108452
0.0104536
0.010005
0.00963062
0.00916331
0.00879569
0.00830769
0.00791158
0.00745598
0.00701748
0.00657837
0.00611861
0.00567059
0.00524148
0.00485791
0.00474231
0.00565286
0.00910152
0.0108638
0.00560963
-0.00389502
-0.0160669
-0.0274272
-0.0334472
-0.036015
-0.03667
-0.0361045
-0.0354346
-0.0349399
-0.0348511
-0.0351015
-0.0354458
-0.0356063
-0.0348347
-0.0320621
-0.0264867
-0.0221023
-0.0226848
-0.0248244
-0.0273276
-0.0283782
-0.0256547
-0.0211155
-0.0146579
-0.00524208
0.00592377
0.018219
0.0306093
0.0437286
0.0579891
0.0690428
0.0732346
0.074311
0.0748141
0.0751388
0.0742875
0.0709623
0.0633034
0.0533032
0.0449556
0.0369671
0.0303964
0.0265613
0.0247886
0.0241407
0.0238277
0.0235074
0.0232055
0.0228976
0.0226132
0.0223171
0.0220338
0.0217377
0.0214626
0.0211578
0.0208451
0.02047
0.0200729
0.0196643
0.0192644
0.018879
0.0185118
0.0181562
0.0178256
0.017497
0.0171932
0.0168714
0.0165389
0.0161535
0.0156941
0.015278
0.0147726
0.014367
0.0138606
0.0134306
0.0129923
0.0125334
0.012161
0.0116932
0.0113013
0.0108452
0.0104536
0.0100051
0.00963062
0.00916333
0.00879572
0.0083077
0.00791159
0.00745598
0.0070175
0.00657832
0.00611867
0.00567059
0.00524194
0.00486082
0.00475422
0.0056898
0.00923257
0.0110401
0.00569722
-0.00385685
-0.0160673
-0.0274694
-0.0334798
-0.036082
-0.0367805
-0.0362063
-0.0355013
-0.0349743
-0.0348672
-0.0351092
-0.0354466
-0.0355948
-0.0348089
-0.0320278
-0.0263624
-0.0219057
-0.0225485
-0.0247459
-0.0273188
-0.0284403
-0.0257141
-0.0211833
-0.0147457
-0.00531761
0.00587377
0.0181963
0.0306018
0.0437331
0.0580816
0.0692065
0.0733434
0.0743578
0.0748315
0.0751396
0.074261
0.0709311
0.0632451
0.053205
0.0448802
0.0368936
0.030309
0.0264876
0.0247404
0.0241167
0.0238166
0.0235025
0.0232036
0.0228968
0.0226129
0.0223168
0.0220337
0.0217377
0.0214623
0.0211574
0.0208446
0.0204696
0.0200728
0.0196643
0.0192646
0.0188793
0.0185121
0.0181563
0.0178258
0.0174971
0.017193
0.0168711
0.0165384
0.0161531
0.015694
0.0152779
0.0147726
0.014367
0.0138607
0.0134306
0.0129923
0.0125334
0.012161
0.0116932
0.0113014
0.0108453
0.0104536
0.0100051
0.00963064
0.00916329
0.00879579
0.0083077
0.00791162
0.00745599
0.0070175
0.00657828
0.0061187
0.00567059
0.00524234
0.00486333
0.00476418
0.00572039
0.00935341
0.0112037
0.00578351
-0.00380997
-0.0160618
-0.0275073
-0.033508
-0.0361474
-0.0368905
-0.0363054
-0.0355652
-0.0350069
-0.0348825
-0.0351165
-0.0354479
-0.0355859
-0.0347884
-0.0320005
-0.0262487
-0.0217257
-0.0224219
-0.024665
-0.0273052
-0.0284941
-0.0257634
-0.0212497
-0.0148374
-0.0053957
0.00582353
0.0181728
0.0305937
0.0437352
0.0581692
0.0693595
0.0734417
0.0743988
0.0748466
0.0751412
0.0742454
0.0709191
0.0632032
0.0531216
0.0448169
0.0368226
0.0302176
0.0264113
0.0246918
0.0240925
0.0238052
0.0234974
0.0232015
0.0228959
0.0226126
0.0223166
0.0220336
0.0217377
0.021462
0.0211571
0.0208441
0.0204693
0.0200727
0.0196643
0.0192648
0.0188795
0.0185123
0.0181564
0.0178259
0.0174972
0.0171929
0.0168709
0.016538
0.0161528
0.0156939
0.0152778
0.0147726
0.0143669
0.0138607
0.0134306
0.0129924
0.0125334
0.012161
0.0116932
0.0113014
0.0108453
0.0104536
0.0100051
0.00963061
0.00916333
0.00879579
0.00830772
0.0079116
0.007456
0.0070175
0.00657825
0.00611874
0.0056706
0.00524268
0.00486542
0.00477222
0.00574493
0.00947074
0.0113611
0.00587471
-0.0037447
-0.0160484
-0.0275432
-0.0335322
-0.0362173
-0.0370116
-0.036408
-0.0356283
-0.0350388
-0.0348976
-0.0351235
-0.0354497
-0.0355797
-0.0347731
-0.0319799
-0.0261385
-0.021555
-0.0222988
-0.0245724
-0.0272845
-0.0285412
-0.0258032
-0.0213208
-0.0149447
-0.00548257
0.00577094
0.0181478
0.0305846
0.0437351
0.0582589
0.0695091
0.0735318
0.0744357
0.0748605
0.0751438
0.0742447
0.0709351
0.0631787
0.0530504
0.0447654
0.0367477
0.0301105
0.0263258
0.0246404
0.0240673
0.0237933
0.023492
0.0231993
0.022895
0.0226122
0.0223163
0.0220335
0.0217377
0.0214619
0.021157
0.0208437
0.0204691
0.0200727
0.0196644
0.0192649
0.0188796
0.0185125
0.0181565
0.017826
0.0174973
0.0171928
0.0168708
0.0165377
0.0161525
0.0156939
0.0152778
0.0147726
0.0143669
0.0138608
0.0134306
0.0129924
0.0125334
0.012161
0.0116932
0.0113014
0.0108453
0.0104536
0.0100051
0.00963062
0.0091633
0.00879586
0.00830772
0.00791162
0.00745602
0.00701748
0.00657823
0.00611876
0.00567062
0.00524295
0.00486708
0.00477844
0.005765
0.0096047
0.0115322
0.00598172
-0.00364911
-0.0160301
-0.0275874
-0.0335572
-0.0363048
-0.0371643
-0.0365234
-0.0356934
-0.0350704
-0.0349123
-0.0351303
-0.0354518
-0.0355759
-0.0347626
-0.0319647
-0.0260123
-0.0213722
-0.0221667
-0.024456
-0.0272598
-0.0285923
-0.025839
-0.0214093
-0.0150881
-0.00558709
0.00571339
0.0181207
0.0305744
0.0437339
0.0583702
0.0696784
0.0736227
0.0744728
0.0748754
0.0751482
0.0742618
0.0709861
0.0631664
0.0529797
0.0447203
0.036656
0.0299671
0.0262224
0.0245838
0.0240403
0.0237808
0.0234865
0.023197
0.022894
0.0226119
0.0223162
0.0220335
0.0217377
0.0214617
0.0211569
0.0208435
0.020469
0.0200726
0.0196644
0.019265
0.0188798
0.0185127
0.0181565
0.0178261
0.0174974
0.0171927
0.0168707
0.0165374
0.0161523
0.0156939
0.0152777
0.0147726
0.0143669
0.0138608
0.0134306
0.0129925
0.0125334
0.012161
0.0116932
0.0113014
0.0108454
0.0104535
0.0100052
0.00963058
0.00916332
0.00879586
0.00830776
0.00791159
0.00745605
0.00701747
0.00657821
0.00611878
0.00567065
0.00524315
0.00486831
0.00478294
0.00578319
0.00979902
0.0117667
0.00611064
-0.00352874
-0.0160269
-0.0276681
-0.0335898
-0.036436
-0.0373773
-0.0366571
-0.0357619
-0.0351011
-0.034926
-0.0351363
-0.035454
-0.0355741
-0.0347563
-0.031954
-0.0258269
-0.021127
-0.0220186
-0.0243207
-0.027251
-0.0286761
-0.0258776
-0.021541
-0.0152955
-0.00571431
0.00564952
0.0180927
0.0305638
0.043733
0.0585457
0.0699185
0.073732
0.0745148
0.0748936
0.0751554
0.0742833
0.0710594
0.0631427
0.0528795
0.0446743
0.0365215
0.0297596
0.0260958
0.0245205
0.0240126
0.0237685
0.0234813
0.0231949
0.0228932
0.0226116
0.0223161
0.0220335
0.0217377
0.0214617
0.0211568
0.0208433
0.0204689
0.0200726
0.0196645
0.0192651
0.0188799
0.0185128
0.0181566
0.0178261
0.0174975
0.0171927
0.0168707
0.0165373
0.0161522
0.0156939
0.0152777
0.0147727
0.0143668
0.0138609
0.0134306
0.0129925
0.0125335
0.012161
0.0116933
0.0113013
0.0108455
0.0104535
0.0100052
0.00963053
0.00916337
0.00879582
0.00830782
0.00791155
0.00745609
0.00701745
0.00657819
0.0061188
0.00567068
0.00524329
0.00486912
0.00478584
0.00580191
0.0100656
0.0120933
0.00622939
-0.00341599
-0.0160678
-0.0277918
-0.0336089
-0.0366294
-0.0376353
-0.0367762
-0.0358204
-0.0351261
-0.034936
-0.0351403
-0.0354556
-0.0355736
-0.0347536
-0.0319479
-0.0255678
-0.020794
-0.021889
-0.0241994
-0.0272871
-0.0288002
-0.0258986
-0.0217344
-0.0155512
-0.00583068
0.0055934
0.018069
0.0305553
0.0437339
0.0587989
0.0702492
0.0738545
0.0745565
0.0749112
0.075164
0.0742853
0.071128
0.0630818
0.0527418
0.0446484
0.0363261
0.0295038
0.0259798
0.0244647
0.023989
0.0237592
0.0234777
0.0231936
0.0228928
0.0226115
0.0223161
0.0220335
0.0217378
0.0214617
0.0211568
0.0208433
0.0204689
0.0200727
0.0196645
0.0192652
0.0188799
0.0185128
0.0181566
0.0178261
0.0174975
0.0171926
0.0168707
0.0165372
0.0161521
0.0156939
0.0152776
0.0147728
0.0143668
0.013861
0.0134306
0.0129925
0.0125336
0.0121609
0.0116934
0.0113013
0.0108455
0.0104534
0.0100053
0.00963047
0.00916347
0.00879572
0.00830789
0.00791149
0.0074561
0.00701745
0.00657817
0.00611882
0.00567069
0.00524337
0.00486952
0.00478728
0.00581477
)
;

boundaryField
{
    inlet
    {
        type            cyclic;
    }
    outlet
    {
        type            cyclic;
    }
    bottomWall
    {
        type            zeroGradient;
    }
    topWall
    {
        type            zeroGradient;
    }
    frontAndBack
    {
        type            empty;
    }
}


// ************************************************************************* //
