/*--------------------------------*- C++ -*----------------------------------*\
  =========                 |
  \\      /  F ield         | OpenFOAM: The Open Source CFD Toolbox
   \\    /   O peration     | Website:  https://openfoam.org
    \\  /    A nd           | Version:  11
     \\/     M anipulation  |
\*---------------------------------------------------------------------------*/
FoamFile
{
    format      ascii;
    class       volVectorField;
    location    "900";
    object      wallShearStress;
}
// * * * * * * * * * * * * * * * * * * * * * * * * * * * * * * * * * * * * * //

dimensions      [0 2 -2 0 0 0 0];

internalField   uniform (0 0 0);

boundaryField
{
    inlet
    {
        type            cyclic;
    }
    outlet
    {
        type            cyclic;
    }
    bottomWall
    {
        type            calculated;
        value           nonuniform List<vector> 
100
(
(-0.30313 -0.000121423 0)
(-0.303198 3.04488e-05 0)
(-0.302124 4.69356e-05 0)
(-0.302231 -1.31762e-05 0)
(-0.302124 -1.51141e-05 0)
(-0.30325 -6.14484e-05 0)
(-0.303173 -4.69475e-05 0)
(-0.303415 6.70058e-05 0)
(-0.3022 0.000120214 0)
(-0.30182 4.82813e-05 0)
(-0.301705 2.0476e-05 0)
(-0.30167 9.11638e-06 0)
(-0.301657 3.18566e-06 0)
(-0.301638 -5.79332e-05 0)
(-0.302075 -5.72583e-05 0)
(-0.302061 -3.81768e-05 0)
(-0.303234 -5.50955e-05 0)
(-0.303649 -2.66781e-05 0)
(-0.303747 -2.11705e-05 0)
(-0.303215 -2.6663e-05 0)
(-0.303418 -1.71666e-05 0)
(-0.303493 -7.01938e-06 0)
(-0.303525 -2.57278e-06 0)
(-0.303541 -8.23782e-07 0)
(-0.303549 -5.34994e-08 0)
(-0.303552 -2.7045e-08 0)
(-0.30355 -8.46945e-08 0)
(-0.303546 -8.97769e-08 0)
(-0.303544 1.85134e-08 0)
(-0.303541 6.0723e-08 0)
(-0.303541 5.44647e-08 0)
(-0.303541 -1.99061e-08 0)
(-0.303542 -2.39169e-07 0)
(-0.303542 -5.22245e-07 0)
(-0.30354 -6.68705e-07 0)
(-0.303537 -5.71331e-07 0)
(-0.303534 -3.20457e-07 0)
(-0.303532 -2.42854e-07 0)
(-0.303534 9.16665e-05 0)
(-0.302239 0.000130884 0)
(-0.301838 5.42577e-05 0)
(-0.301719 2.29953e-05 0)
(-0.301685 1.03779e-05 0)
(-0.301675 4.53065e-06 0)
(-0.30167 1.80157e-06 0)
(-0.301665 7.23002e-07 0)
(-0.301662 3.29194e-07 0)
(-0.301661 2.22884e-07 0)
(-0.30166 1.57769e-07 0)
(-0.301661 1.14965e-07 0)
(-0.301661 5.35267e-08 0)
(-0.301662 4.73958e-08 0)
(-0.301662 1.02273e-08 0)
(-0.301662 2.26614e-08 0)
(-0.301662 -2.39615e-09 0)
(-0.301663 2.16373e-08 0)
(-0.301663 -7.51024e-10 0)
(-0.301663 1.99518e-08 0)
(-0.301663 3.86835e-09 0)
(-0.301663 1.54219e-08 0)
(-0.301663 6.05264e-09 0)
(-0.301663 1.21887e-08 0)
(-0.301663 -2.97444e-09 0)
(-0.301663 8.51648e-09 0)
(-0.301663 -1.07757e-08 0)
(-0.301664 8.53423e-09 0)
(-0.301664 -1.03492e-08 0)
(-0.301664 1.54887e-08 0)
(-0.301664 -4.51354e-09 0)
(-0.301664 1.71637e-08 0)
(-0.301664 1.50386e-09 0)
(-0.301664 1.24126e-08 0)
(-0.301664 4.89075e-09 0)
(-0.301664 9.50784e-09 0)
(-0.301664 3.39584e-09 0)
(-0.301664 8.29471e-09 0)
(-0.301664 8.43823e-10 0)
(-0.301664 1.02117e-08 0)
(-0.301664 -6.938e-10 0)
(-0.301664 9.0913e-09 0)
(-0.301664 -1.82222e-09 0)
(-0.301664 6.614e-09 0)
(-0.301664 -2.09264e-09 0)
(-0.301665 6.04555e-09 0)
(-0.301665 -1.70567e-09 0)
(-0.301665 6.84273e-09 0)
(-0.301665 -2.90077e-09 0)
(-0.301665 8.30134e-09 0)
(-0.301665 -5.56803e-09 0)
(-0.301665 3.90998e-09 0)
(-0.301665 -3.59497e-09 0)
(-0.301665 3.97416e-09 0)
(-0.301665 -3.78468e-09 0)
(-0.301665 4.00448e-09 0)
(-0.301665 -6.62008e-09 0)
(-0.301665 -1.35493e-09 0)
(-0.301665 -2.86014e-08 0)
(-0.301665 -8.73086e-08 0)
(-0.301663 -5.01784e-07 0)
(-0.301641 -8.56276e-05 0)
)
;
    }
    topWall
    {
        type            calculated;
        value           nonuniform List<vector> 
100
(
(-0.303483 -9.29474e-05 0)
(-0.3022 -0.000127209 0)
(-0.301827 7.49596e-06 0)
(-0.302158 3.52145e-05 0)
(-0.302112 2.94027e-05 0)
(-0.303203 5.01502e-05 0)
(-0.303609 2.4277e-05 0)
(-0.303697 1.9883e-05 0)
(-0.303208 2.60392e-05 0)
(-0.303396 1.72135e-05 0)
(-0.303458 7.25254e-06 0)
(-0.303479 2.94284e-06 0)
(-0.303489 1.11623e-06 0)
(-0.303496 1.96877e-07 0)
(-0.303504 -2.75995e-07 0)
(-0.303511 -4.71657e-07 0)
(-0.303517 -5.62938e-07 0)
(-0.303521 -3.63773e-07 0)
(-0.303521 -9.10845e-05 0)
(-0.302228 -0.000128346 0)
(-0.301831 6.90153e-06 0)
(-0.302149 3.48654e-05 0)
(-0.302097 2.88909e-05 0)
(-0.303199 4.99386e-05 0)
(-0.303603 2.40581e-05 0)
(-0.303693 1.96296e-05 0)
(-0.303206 2.56703e-05 0)
(-0.303398 1.6746e-05 0)
(-0.303464 6.81126e-06 0)
(-0.303488 2.61018e-06 0)
(-0.303499 1.01832e-06 0)
(-0.303503 2.85999e-07 0)
(-0.303504 -9.05393e-05 0)
(-0.302219 -0.000128869 0)
(-0.301841 -5.19093e-05 0)
(-0.301733 -2.11371e-05 0)
(-0.301704 -9.12654e-06 0)
(-0.301695 -3.16244e-06 0)
(-0.301677 5.77633e-05 0)
(-0.30211 5.67428e-05 0)
(-0.302089 3.76669e-05 0)
(-0.303195 5.42841e-05 0)
(-0.303598 2.59989e-05 0)
(-0.303687 2.04854e-05 0)
(-0.303196 2.60755e-05 0)
(-0.303386 1.68996e-05 0)
(-0.303451 6.83554e-06 0)
(-0.303475 2.64731e-06 0)
(-0.303485 1.05766e-06 0)
(-0.30349 4.06351e-07 0)
(-0.303492 1.43698e-07 0)
(-0.303494 4.74964e-08 0)
(-0.303495 3.09958e-09 0)
(-0.303495 -2.69198e-09 0)
(-0.303496 -1.26341e-08 0)
(-0.303496 -1.07992e-08 0)
(-0.303496 -6.76311e-09 0)
(-0.303496 5.90337e-09 0)
(-0.303496 1.45613e-08 0)
(-0.303496 1.57546e-08 0)
(-0.303496 6.8268e-09 0)
(-0.303496 -2.8252e-09 0)
(-0.303496 -1.06891e-08 0)
(-0.303496 -1.14317e-08 0)
(-0.303497 -1.75739e-08 0)
(-0.303497 -1.06624e-08 0)
(-0.303497 -1.3509e-08 0)
(-0.303497 -9.21243e-09 0)
(-0.303497 -4.70423e-09 0)
(-0.303497 7.4004e-09 0)
(-0.303497 1.72252e-08 0)
(-0.303497 1.74221e-08 0)
(-0.303497 1.39863e-08 0)
(-0.303497 -1.28136e-09 0)
(-0.303497 8.0467e-09 0)
(-0.303497 -5.22383e-09 0)
(-0.303497 2.76947e-09 0)
(-0.303497 -3.59398e-09 0)
(-0.303497 -4.9688e-09 0)
(-0.303497 2.60816e-09 0)
(-0.303497 -8.60546e-09 0)
(-0.303497 2.67148e-09 0)
(-0.303497 -5.56182e-09 0)
(-0.303497 5.68571e-10 0)
(-0.303497 -4.30181e-09 0)
(-0.303497 3.38909e-09 0)
(-0.303497 -6.2964e-09 0)
(-0.303497 7.10428e-09 0)
(-0.303497 -8.37162e-09 0)
(-0.303497 4.7291e-09 0)
(-0.303497 -4.23453e-09 0)
(-0.303497 -5.75432e-10 0)
(-0.303497 3.25593e-10 0)
(-0.303497 -1.0829e-10 0)
(-0.303497 -9.86488e-10 0)
(-0.303497 -4.02578e-09 0)
(-0.303498 -1.98356e-08 0)
(-0.303498 -6.15233e-08 0)
(-0.303498 -1.81399e-07 0)
(-0.3035 -2.34246e-06 0)
)
;
    }
    frontAndBack
    {
        type            empty;
    }
}


// ************************************************************************* //
