/*--------------------------------*- C++ -*----------------------------------*\
  =========                 |
  \\      /  F ield         | OpenFOAM: The Open Source CFD Toolbox
   \\    /   O peration     | Website:  https://openfoam.org
    \\  /    A nd           | Version:  11
     \\/     M anipulation  |
\*---------------------------------------------------------------------------*/
FoamFile
{
    format      ascii;
    class       volScalarField;
    location    "400";
    object      k;
}
// * * * * * * * * * * * * * * * * * * * * * * * * * * * * * * * * * * * * * //

dimensions      [0 2 -2 0 0 0 0];

internalField   nonuniform List<scalar> 
5000
(
1.11063
1.03094
1.04001
1.07899
1.08221
1.11233
1.03145
1.02712
1.03966
1.04072
1.04183
1.04228
1.04241
1.04236
1.08067
1.08289
1.11241
1.11456
1.11501
1.0321
1.02722
1.02709
1.02715
1.02717
1.02717
1.02717
1.02715
1.02714
1.02713
1.02712
1.02711
1.02712
1.02713
1.02715
1.02716
1.02717
1.02717
1.02717
1.02729
1.03937
1.04049
1.04162
1.0421
1.04226
1.04232
1.04235
1.04238
1.0424
1.04242
1.04242
1.04243
1.04243
1.04244
1.04244
1.04244
1.04244
1.04245
1.04245
1.04245
1.04245
1.04245
1.04246
1.04246
1.04246
1.04246
1.04246
1.04246
1.04246
1.04246
1.04246
1.04246
1.04245
1.04245
1.04245
1.04245
1.04245
1.04245
1.04245
1.04245
1.04245
1.04245
1.04245
1.04245
1.04245
1.04245
1.04245
1.04245
1.04245
1.04245
1.04245
1.04245
1.04245
1.04245
1.04245
1.04245
1.04245
1.04245
1.04245
1.04243
1.04241
0.944537
0.936398
0.932521
0.936971
0.937953
0.944227
0.93644
0.935185
0.932443
0.931982
0.932168
0.932309
0.932356
0.932287
0.937295
0.93815
0.944266
0.945656
0.945999
0.936852
0.935279
0.93509
0.935075
0.935073
0.935066
0.935063
0.93506
0.935062
0.935059
0.93506
0.935055
0.935057
0.935058
0.935068
0.935079
0.935093
0.935104
0.935105
0.935109
0.932422
0.931946
0.932121
0.932266
0.932327
0.932354
0.932368
0.932378
0.932382
0.932385
0.932385
0.932386
0.932385
0.932386
0.932386
0.932387
0.932388
0.93239
0.932391
0.932392
0.932392
0.932392
0.932392
0.932391
0.93239
0.932389
0.932388
0.932387
0.932386
0.932386
0.932385
0.932384
0.932384
0.932384
0.932383
0.932383
0.932383
0.932383
0.932383
0.932383
0.932383
0.932383
0.932382
0.932382
0.932382
0.932382
0.932382
0.932382
0.932382
0.932381
0.932381
0.932381
0.932381
0.932381
0.932381
0.932381
0.932381
0.932381
0.932381
0.932374
0.932314
0.883091
0.882615
0.880853
0.880872
0.880812
0.882469
0.882595
0.882677
0.880881
0.880525
0.880547
0.880604
0.880636
0.880622
0.880964
0.880883
0.882496
0.882946
0.883063
0.882766
0.882792
0.882828
0.882869
0.882898
0.88291
0.882915
0.882916
0.882916
0.882912
0.88291
0.882906
0.882907
0.88291
0.882921
0.882936
0.882952
0.882965
0.882968
0.8829
0.881006
0.88059
0.880582
0.880632
0.88067
0.880692
0.880703
0.880708
0.880709
0.880709
0.880707
0.880705
0.880703
0.880702
0.880701
0.880701
0.880702
0.880703
0.880703
0.880703
0.880701
0.8807
0.880697
0.880695
0.880692
0.88069
0.880688
0.880687
0.880686
0.880685
0.880684
0.880684
0.880683
0.880683
0.880682
0.880682
0.880682
0.880682
0.880682
0.880682
0.880682
0.880682
0.880682
0.880682
0.880682
0.880682
0.880682
0.880681
0.880681
0.880681
0.880681
0.880681
0.880681
0.880681
0.880681
0.880682
0.880682
0.880682
0.880682
0.880682
0.88068
0.836968
0.837037
0.836588
0.836325
0.8362
0.836565
0.836964
0.837121
0.836605
0.836522
0.83655
0.836588
0.836614
0.836601
0.836393
0.836236
0.836567
0.836648
0.836682
0.837013
0.837186
0.837256
0.837311
0.837352
0.837378
0.837393
0.837398
0.8374
0.837398
0.837396
0.837394
0.837396
0.8374
0.837411
0.837425
0.83744
0.837453
0.837458
0.837406
0.836791
0.836644
0.836636
0.836665
0.836695
0.836717
0.836729
0.836735
0.836737
0.836735
0.836733
0.83673
0.836727
0.836726
0.836725
0.836725
0.836725
0.836725
0.836724
0.836722
0.836718
0.836715
0.83671
0.836707
0.836703
0.8367
0.836698
0.836696
0.836695
0.836693
0.836692
0.836692
0.836691
0.836691
0.83669
0.83669
0.83669
0.83669
0.83669
0.83669
0.83669
0.83669
0.83669
0.83669
0.83669
0.83669
0.836689
0.836689
0.836689
0.836689
0.836689
0.836689
0.836689
0.83669
0.83669
0.83669
0.836691
0.836691
0.836691
0.836692
0.836684
0.795273
0.795281
0.795182
0.79505
0.794985
0.79503
0.795178
0.795246
0.795155
0.795165
0.795194
0.795223
0.795244
0.795231
0.795089
0.794997
0.795015
0.795002
0.795013
0.795178
0.795269
0.795319
0.795367
0.795409
0.79544
0.79546
0.795471
0.795476
0.795476
0.795476
0.795476
0.795479
0.795486
0.795497
0.795511
0.795526
0.795538
0.795544
0.795516
0.795362
0.795321
0.795318
0.795336
0.795361
0.795382
0.795396
0.795403
0.795405
0.795405
0.795402
0.795399
0.795396
0.795395
0.795394
0.795393
0.795393
0.795392
0.795389
0.795385
0.79538
0.795375
0.795369
0.795364
0.79536
0.795356
0.795353
0.795351
0.795349
0.795348
0.795346
0.795346
0.795345
0.795344
0.795344
0.795343
0.795343
0.795343
0.795343
0.795343
0.795343
0.795343
0.795343
0.795343
0.795343
0.795342
0.795342
0.795342
0.795342
0.795342
0.795342
0.795342
0.795343
0.795343
0.795343
0.795344
0.795344
0.795344
0.795345
0.795346
0.795329
0.75575
0.755724
0.755684
0.755621
0.755585
0.755571
0.755605
0.755626
0.755623
0.755641
0.75566
0.755679
0.755694
0.755685
0.75562
0.755572
0.755542
0.755521
0.755526
0.755585
0.755623
0.755656
0.755695
0.755733
0.755765
0.755788
0.755802
0.755809
0.755812
0.755813
0.755816
0.755822
0.755831
0.755843
0.755858
0.755872
0.755883
0.75589
0.755877
0.755837
0.755818
0.755811
0.755821
0.75584
0.755858
0.755872
0.75588
0.755883
0.755883
0.75588
0.755878
0.755875
0.755874
0.755873
0.755872
0.755871
0.755868
0.755864
0.755858
0.755852
0.755845
0.755838
0.755832
0.755827
0.755823
0.755819
0.755817
0.755814
0.755812
0.755811
0.75581
0.755809
0.755808
0.755807
0.755807
0.755807
0.755806
0.755806
0.755806
0.755806
0.755806
0.755806
0.755806
0.755805
0.755805
0.755805
0.755805
0.755805
0.755805
0.755805
0.755805
0.755806
0.755806
0.755806
0.755807
0.755807
0.755808
0.755808
0.755809
0.755792
0.717735
0.717703
0.71767
0.717629
0.7176
0.717579
0.71758
0.717585
0.717591
0.717601
0.717611
0.71762
0.717629
0.717622
0.717593
0.717565
0.717538
0.717523
0.717525
0.717547
0.717565
0.717588
0.717619
0.717653
0.717683
0.717707
0.717722
0.717731
0.717735
0.717739
0.717744
0.717753
0.717764
0.717778
0.717792
0.717806
0.717817
0.717824
0.717819
0.717802
0.717787
0.717778
0.717782
0.717795
0.71781
0.717823
0.717831
0.717834
0.717834
0.717833
0.717831
0.717829
0.717828
0.717827
0.717826
0.717823
0.717819
0.717813
0.717806
0.717798
0.717789
0.717782
0.717775
0.717769
0.717765
0.717761
0.717757
0.717755
0.717752
0.71775
0.717749
0.717748
0.717747
0.717746
0.717745
0.717745
0.717745
0.717744
0.717744
0.717744
0.717744
0.717743
0.717743
0.717743
0.717743
0.717743
0.717742
0.717742
0.717742
0.717743
0.717743
0.717743
0.717744
0.717744
0.717745
0.717745
0.717745
0.717745
0.717746
0.717734
0.681005
0.680975
0.680943
0.680909
0.680882
0.680862
0.680854
0.680855
0.680859
0.680862
0.680865
0.680868
0.68087
0.680865
0.680848
0.680829
0.680809
0.680799
0.680799
0.680808
0.680819
0.680837
0.680862
0.680891
0.680918
0.680941
0.680956
0.680966
0.680972
0.680978
0.680985
0.680996
0.681009
0.681024
0.681039
0.681052
0.681062
0.681069
0.681068
0.681059
0.681047
0.681038
0.681039
0.681049
0.681061
0.681072
0.681079
0.681083
0.681083
0.681083
0.681081
0.68108
0.68108
0.681078
0.681077
0.681073
0.681067
0.68106
0.681051
0.681041
0.681032
0.681024
0.681016
0.68101
0.681005
0.681001
0.680997
0.680994
0.680991
0.680989
0.680987
0.680985
0.680984
0.680983
0.680982
0.680982
0.680981
0.680981
0.68098
0.68098
0.68098
0.680979
0.680979
0.680979
0.680978
0.680978
0.680978
0.680978
0.680978
0.680978
0.680979
0.680979
0.680979
0.68098
0.68098
0.68098
0.680981
0.680981
0.680981
0.680973
0.645485
0.645459
0.64543
0.645399
0.645374
0.645354
0.645345
0.645344
0.645346
0.645346
0.645345
0.645343
0.645341
0.645335
0.645323
0.645308
0.645292
0.645283
0.645281
0.645285
0.645293
0.645307
0.645327
0.645352
0.645376
0.645396
0.645411
0.645421
0.645428
0.645435
0.645445
0.645457
0.645472
0.645487
0.645502
0.645514
0.645524
0.645531
0.645534
0.64553
0.645522
0.645516
0.645516
0.645523
0.645533
0.645542
0.645549
0.645553
0.645555
0.645555
0.645554
0.645554
0.645553
0.645552
0.645549
0.645544
0.645537
0.645528
0.645518
0.645508
0.645498
0.645489
0.645481
0.645474
0.645469
0.645464
0.64546
0.645456
0.645453
0.64545
0.645448
0.645446
0.645445
0.645443
0.645442
0.645442
0.645441
0.64544
0.64544
0.645439
0.645439
0.645438
0.645438
0.645437
0.645437
0.645437
0.645437
0.645437
0.645437
0.645437
0.645437
0.645437
0.645438
0.645438
0.645438
0.645439
0.645439
0.645439
0.645439
0.645433
0.61117
0.611146
0.61112
0.611092
0.611068
0.611051
0.611042
0.61104
0.611041
0.61104
0.611036
0.61103
0.611025
0.611017
0.611007
0.610993
0.61098
0.61097
0.610966
0.610967
0.610972
0.610983
0.611
0.61102
0.61104
0.611058
0.611071
0.611081
0.611089
0.611098
0.611109
0.611123
0.611138
0.611154
0.611168
0.61118
0.611189
0.611197
0.611202
0.611203
0.6112
0.611198
0.611199
0.611205
0.611214
0.611222
0.611228
0.611233
0.611235
0.611236
0.611236
0.611236
0.611236
0.611234
0.61123
0.611224
0.611216
0.611206
0.611195
0.611184
0.611173
0.611164
0.611156
0.611149
0.611143
0.611138
0.611133
0.611129
0.611126
0.611122
0.61112
0.611118
0.611116
0.611114
0.611113
0.611112
0.611111
0.61111
0.611109
0.611109
0.611108
0.611107
0.611107
0.611106
0.611106
0.611106
0.611106
0.611105
0.611105
0.611106
0.611106
0.611106
0.611106
0.611107
0.611107
0.611107
0.611107
0.611107
0.611107
0.611103
0.578088
0.578066
0.578042
0.578017
0.577996
0.57798
0.577971
0.57797
0.57797
0.577968
0.577963
0.577955
0.577947
0.577938
0.577927
0.577914
0.5779
0.57789
0.577883
0.577881
0.577885
0.577893
0.577907
0.577923
0.57794
0.577954
0.577966
0.577975
0.577984
0.577993
0.578005
0.57802
0.578035
0.578051
0.578065
0.578077
0.578086
0.578095
0.578103
0.578107
0.57811
0.578111
0.578115
0.578121
0.578129
0.578137
0.578143
0.578148
0.578151
0.578153
0.578154
0.578155
0.578154
0.578152
0.578147
0.57814
0.578131
0.57812
0.578109
0.578097
0.578087
0.578077
0.578069
0.578061
0.578055
0.578049
0.578044
0.57804
0.578036
0.578032
0.57803
0.578027
0.578025
0.578023
0.578021
0.57802
0.578019
0.578018
0.578017
0.578016
0.578015
0.578014
0.578014
0.578013
0.578013
0.578012
0.578012
0.578012
0.578012
0.578012
0.578012
0.578012
0.578012
0.578013
0.578013
0.578013
0.578013
0.578012
0.578012
0.57801
0.546295
0.546275
0.546253
0.546231
0.546211
0.546197
0.546189
0.546188
0.546188
0.546185
0.54618
0.546171
0.54616
0.546149
0.546136
0.546122
0.546108
0.546096
0.546087
0.546084
0.546085
0.546091
0.546102
0.546115
0.546128
0.54614
0.54615
0.546158
0.546167
0.546177
0.54619
0.546204
0.54622
0.546235
0.546249
0.54626
0.546271
0.546281
0.546291
0.546299
0.546306
0.546311
0.546318
0.546325
0.546334
0.546342
0.546349
0.546354
0.546359
0.546361
0.546363
0.546364
0.546363
0.54636
0.546355
0.546347
0.546337
0.546326
0.546314
0.546303
0.546292
0.546282
0.546274
0.546266
0.54626
0.546254
0.546248
0.546243
0.546239
0.546235
0.546232
0.546229
0.546227
0.546225
0.546223
0.546221
0.54622
0.546218
0.546217
0.546216
0.546215
0.546214
0.546213
0.546213
0.546212
0.546212
0.546211
0.546211
0.546211
0.546211
0.546211
0.546211
0.546211
0.546211
0.546211
0.546211
0.546211
0.546211
0.546211
0.546209
0.51587
0.515851
0.515831
0.515811
0.515794
0.515781
0.515774
0.515772
0.515772
0.51577
0.515763
0.515753
0.515741
0.515728
0.515713
0.515697
0.515682
0.515668
0.515657
0.515652
0.515651
0.515655
0.515663
0.515673
0.515684
0.515693
0.515701
0.515709
0.515717
0.515727
0.51574
0.515755
0.51577
0.515785
0.515798
0.51581
0.515822
0.515834
0.515846
0.515858
0.515868
0.515878
0.515887
0.515896
0.515906
0.515915
0.515923
0.51593
0.515935
0.515939
0.515941
0.515942
0.515941
0.515938
0.515932
0.515924
0.515914
0.515902
0.51589
0.515879
0.515868
0.515859
0.51585
0.515842
0.515835
0.515829
0.515823
0.515818
0.515814
0.515809
0.515806
0.515803
0.5158
0.515797
0.515795
0.515793
0.515792
0.51579
0.515789
0.515787
0.515786
0.515785
0.515784
0.515783
0.515783
0.515782
0.515782
0.515782
0.515782
0.515781
0.515781
0.515781
0.515781
0.515781
0.515781
0.515781
0.51578
0.51578
0.51578
0.515779
0.486912
0.486894
0.486876
0.486858
0.486842
0.486831
0.486825
0.486823
0.486822
0.486819
0.486812
0.486801
0.486788
0.486772
0.486755
0.486737
0.48672
0.486704
0.486692
0.486684
0.486683
0.486685
0.486691
0.486698
0.486706
0.486713
0.486719
0.486726
0.486734
0.486744
0.486756
0.486771
0.486785
0.4868
0.486814
0.486827
0.486839
0.486853
0.486868
0.486883
0.486897
0.48691
0.486922
0.486933
0.486945
0.486955
0.486965
0.486973
0.486979
0.486984
0.486988
0.486989
0.486988
0.486984
0.486978
0.48697
0.48696
0.486948
0.486937
0.486926
0.486915
0.486906
0.486897
0.486889
0.486882
0.486875
0.486869
0.486864
0.486859
0.486854
0.48685
0.486847
0.486844
0.486841
0.486839
0.486836
0.486834
0.486833
0.486831
0.48683
0.486828
0.486827
0.486826
0.486825
0.486824
0.486824
0.486823
0.486823
0.486823
0.486822
0.486822
0.486822
0.486822
0.486822
0.486821
0.486821
0.486821
0.48682
0.48682
0.486819
0.459541
0.459524
0.459507
0.459491
0.459477
0.459466
0.45946
0.459458
0.459457
0.459453
0.459446
0.459434
0.459418
0.4594
0.459381
0.459361
0.459342
0.459324
0.459311
0.459302
0.459299
0.4593
0.459303
0.459309
0.459314
0.459319
0.459324
0.45933
0.459337
0.459347
0.459359
0.459372
0.459387
0.459401
0.459415
0.459429
0.459443
0.459459
0.459476
0.459494
0.459512
0.459528
0.459543
0.459557
0.459571
0.459583
0.459594
0.459604
0.459612
0.459618
0.459622
0.459623
0.459622
0.459619
0.459613
0.459604
0.459594
0.459583
0.459572
0.459561
0.459551
0.459542
0.459533
0.459525
0.459518
0.459511
0.459505
0.459499
0.459494
0.459489
0.459485
0.459481
0.459478
0.459475
0.459472
0.459469
0.459467
0.459465
0.459464
0.459462
0.45946
0.459459
0.459458
0.459457
0.459456
0.459456
0.459455
0.459455
0.459454
0.459454
0.459453
0.459453
0.459453
0.459452
0.459452
0.459452
0.459451
0.459451
0.459451
0.45945
0.433895
0.433879
0.433863
0.433848
0.433835
0.433825
0.433819
0.433817
0.433814
0.43381
0.433801
0.433788
0.433771
0.433751
0.433729
0.433707
0.433686
0.433667
0.433652
0.433642
0.433637
0.433637
0.433639
0.433643
0.433646
0.433649
0.433653
0.433658
0.433664
0.433673
0.433685
0.433698
0.433712
0.433726
0.433741
0.433756
0.433773
0.43379
0.43381
0.433831
0.433851
0.43387
0.433888
0.433905
0.433921
0.433935
0.433948
0.43396
0.433969
0.433976
0.433981
0.433983
0.433982
0.433979
0.433973
0.433965
0.433956
0.433945
0.433935
0.433924
0.433915
0.433905
0.433897
0.433889
0.433881
0.433874
0.433868
0.433862
0.433856
0.433851
0.433847
0.433843
0.433839
0.433836
0.433833
0.43383
0.433828
0.433826
0.433824
0.433822
0.43382
0.433819
0.433818
0.433817
0.433816
0.433815
0.433814
0.433814
0.433813
0.433813
0.433812
0.433812
0.433811
0.433811
0.433811
0.43381
0.43381
0.433809
0.433809
0.433808
0.410127
0.410112
0.410098
0.410084
0.410071
0.410062
0.410055
0.410051
0.410048
0.410042
0.410032
0.410017
0.409998
0.409976
0.409953
0.409929
0.409906
0.409886
0.409869
0.409859
0.409853
0.409852
0.409852
0.409854
0.409856
0.409858
0.40986
0.409864
0.40987
0.409878
0.409889
0.409902
0.409915
0.40993
0.409946
0.409962
0.409981
0.410001
0.410023
0.410045
0.410068
0.41009
0.410111
0.41013
0.410149
0.410166
0.410181
0.410194
0.410205
0.410213
0.410219
0.410222
0.410222
0.410219
0.410213
0.410206
0.410197
0.410187
0.410177
0.410168
0.410158
0.410149
0.410141
0.410132
0.410125
0.410118
0.410111
0.410105
0.410099
0.410094
0.410089
0.410085
0.410081
0.410078
0.410075
0.410072
0.410069
0.410067
0.410065
0.410063
0.410061
0.41006
0.410059
0.410057
0.410056
0.410056
0.410055
0.410054
0.410053
0.410053
0.410052
0.410052
0.410051
0.410051
0.41005
0.41005
0.410049
0.410049
0.410049
0.410048
0.388403
0.388389
0.388376
0.388363
0.388351
0.388341
0.388334
0.388329
0.388324
0.388316
0.388304
0.388288
0.388268
0.388244
0.388218
0.388192
0.388168
0.388147
0.38813
0.388119
0.388112
0.388109
0.388109
0.388109
0.388109
0.38811
0.388112
0.388115
0.38812
0.388128
0.388138
0.38815
0.388164
0.388179
0.388196
0.388214
0.388234
0.388256
0.38828
0.388305
0.38833
0.388355
0.388378
0.3884
0.388421
0.388441
0.388458
0.388473
0.388485
0.388495
0.388502
0.388505
0.388506
0.388503
0.388499
0.388492
0.388484
0.388475
0.388466
0.388456
0.388447
0.388439
0.38843
0.388422
0.388414
0.388407
0.3884
0.388394
0.388388
0.388383
0.388378
0.388373
0.388369
0.388366
0.388363
0.38836
0.388357
0.388354
0.388352
0.38835
0.388348
0.388347
0.388345
0.388344
0.388343
0.388342
0.388341
0.388341
0.38834
0.388339
0.388339
0.388338
0.388337
0.388337
0.388336
0.388336
0.388335
0.388335
0.388335
0.388334
0.368896
0.368883
0.368871
0.368858
0.368847
0.368837
0.368829
0.368822
0.368815
0.368806
0.368792
0.368774
0.368752
0.368726
0.368699
0.368672
0.368647
0.368625
0.368607
0.368595
0.368588
0.368585
0.368583
0.368582
0.368581
0.368581
0.368581
0.368584
0.368588
0.368596
0.368605
0.368617
0.368631
0.368647
0.368665
0.368685
0.368707
0.368731
0.368757
0.368784
0.368811
0.368837
0.368863
0.368888
0.368911
0.368933
0.368952
0.368969
0.368983
0.368994
0.369002
0.369006
0.369007
0.369006
0.369002
0.368996
0.368989
0.368981
0.368972
0.368963
0.368955
0.368946
0.368938
0.36893
0.368922
0.368915
0.368908
0.368901
0.368895
0.36889
0.368885
0.36888
0.368876
0.368872
0.368869
0.368866
0.368863
0.368861
0.368858
0.368856
0.368854
0.368853
0.368851
0.36885
0.368849
0.368848
0.368847
0.368846
0.368845
0.368844
0.368844
0.368843
0.368842
0.368842
0.368841
0.368841
0.36884
0.36884
0.36884
0.368839
0.351781
0.351769
0.351758
0.351746
0.351734
0.351724
0.351715
0.351707
0.351698
0.351686
0.351671
0.351651
0.351627
0.3516
0.351571
0.351543
0.351517
0.351495
0.351477
0.351464
0.351457
0.351452
0.351449
0.351448
0.351446
0.351445
0.351445
0.351447
0.351451
0.351458
0.351467
0.351479
0.351493
0.35151
0.351528
0.35155
0.351573
0.351599
0.351627
0.351655
0.351684
0.351713
0.35174
0.351767
0.351793
0.351817
0.351838
0.351857
0.351872
0.351885
0.351894
0.351899
0.351901
0.3519
0.351897
0.351892
0.351886
0.351879
0.351871
0.351863
0.351854
0.351846
0.351838
0.351829
0.351822
0.351814
0.351807
0.351801
0.351795
0.351789
0.351784
0.35178
0.351775
0.351772
0.351768
0.351765
0.351762
0.351759
0.351757
0.351755
0.351753
0.351751
0.35175
0.351748
0.351747
0.351746
0.351745
0.351744
0.351743
0.351742
0.351742
0.351741
0.35174
0.35174
0.351739
0.351739
0.351738
0.351738
0.351737
0.351737
0.337226
0.337216
0.337205
0.337194
0.337183
0.337172
0.337161
0.337152
0.337141
0.337127
0.33711
0.337088
0.337063
0.337034
0.337005
0.336976
0.336949
0.336926
0.336908
0.336895
0.336887
0.336882
0.336878
0.336876
0.336873
0.336872
0.336871
0.336873
0.336877
0.336883
0.336893
0.336905
0.336919
0.336936
0.336956
0.336979
0.337004
0.337031
0.33706
0.33709
0.33712
0.33715
0.33718
0.337209
0.337236
0.337262
0.337285
0.337305
0.337322
0.337336
0.337346
0.337352
0.337355
0.337356
0.337353
0.337349
0.337344
0.337337
0.33733
0.337322
0.337314
0.337306
0.337298
0.33729
0.337282
0.337275
0.337268
0.337261
0.337255
0.337249
0.337244
0.33724
0.337235
0.337231
0.337228
0.337224
0.337221
0.337219
0.337216
0.337214
0.337212
0.337211
0.337209
0.337208
0.337206
0.337205
0.337204
0.337203
0.337202
0.337201
0.337201
0.3372
0.337199
0.337199
0.337198
0.337198
0.337197
0.337197
0.337196
0.337196
0.325389
0.32538
0.32537
0.325359
0.325347
0.325336
0.325324
0.325313
0.3253
0.325285
0.325266
0.325243
0.325216
0.325186
0.325156
0.325126
0.325099
0.325076
0.325058
0.325045
0.325036
0.325031
0.325026
0.325023
0.32502
0.325019
0.325018
0.32502
0.325023
0.32503
0.325039
0.325051
0.325066
0.325084
0.325104
0.325128
0.325154
0.325182
0.325212
0.325244
0.325275
0.325307
0.325337
0.325368
0.325397
0.325424
0.325448
0.32547
0.325489
0.325504
0.325515
0.325522
0.325526
0.325527
0.325526
0.325522
0.325518
0.325512
0.325505
0.325497
0.32549
0.325482
0.325474
0.325466
0.325458
0.325451
0.325444
0.325437
0.325431
0.325425
0.32542
0.325415
0.325411
0.325407
0.325403
0.3254
0.325397
0.325394
0.325392
0.32539
0.325388
0.325386
0.325384
0.325383
0.325382
0.32538
0.325379
0.325378
0.325377
0.325377
0.325376
0.325375
0.325375
0.325374
0.325373
0.325373
0.325372
0.325372
0.325372
0.325371
0.316404
0.316396
0.316387
0.316376
0.316364
0.316352
0.31634
0.316327
0.316312
0.316295
0.316275
0.31625
0.316222
0.316192
0.316161
0.316131
0.316104
0.316081
0.316063
0.31605
0.31604
0.316034
0.31603
0.316026
0.316023
0.316021
0.316021
0.316022
0.316026
0.316033
0.316042
0.316054
0.316069
0.316088
0.316109
0.316133
0.31616
0.316189
0.31622
0.316252
0.316284
0.316316
0.316348
0.316379
0.316409
0.316438
0.316464
0.316487
0.316507
0.316522
0.316535
0.316543
0.316548
0.31655
0.316549
0.316546
0.316542
0.316537
0.31653
0.316523
0.316515
0.316508
0.3165
0.316492
0.316484
0.316477
0.31647
0.316463
0.316457
0.316452
0.316446
0.316441
0.316437
0.316433
0.316429
0.316426
0.316423
0.31642
0.316418
0.316416
0.316414
0.316412
0.31641
0.316409
0.316408
0.316406
0.316405
0.316404
0.316403
0.316403
0.316402
0.316401
0.316401
0.3164
0.316399
0.316399
0.316398
0.316398
0.316397
0.316397
0.31038
0.310373
0.310363
0.310353
0.310341
0.310328
0.310315
0.310301
0.310285
0.310267
0.310245
0.310219
0.31019
0.310159
0.310128
0.310098
0.310071
0.310048
0.31003
0.310017
0.310007
0.310001
0.309996
0.309992
0.309989
0.309988
0.309988
0.309989
0.309994
0.31
0.31001
0.310022
0.310038
0.310056
0.310078
0.310103
0.31013
0.310159
0.31019
0.310223
0.310255
0.310288
0.31032
0.310352
0.310382
0.310412
0.310439
0.310463
0.310483
0.3105
0.310513
0.310522
0.310528
0.31053
0.31053
0.310528
0.310524
0.310519
0.310513
0.310506
0.310499
0.310491
0.310483
0.310475
0.310468
0.31046
0.310454
0.310447
0.310441
0.310435
0.31043
0.310425
0.310421
0.310417
0.310413
0.31041
0.310407
0.310404
0.310402
0.310399
0.310397
0.310396
0.310394
0.310392
0.310391
0.31039
0.310389
0.310388
0.310387
0.310386
0.310386
0.310385
0.310384
0.310384
0.310383
0.310383
0.310382
0.310382
0.310381
0.310381
0.307391
0.307384
0.307374
0.307364
0.307351
0.307338
0.307324
0.307309
0.307292
0.307273
0.30725
0.307224
0.307194
0.307163
0.307132
0.307102
0.307075
0.307053
0.307035
0.307021
0.307012
0.307005
0.307
0.306996
0.306994
0.306993
0.306993
0.306996
0.307
0.307007
0.307017
0.30703
0.307045
0.307064
0.307086
0.30711
0.307138
0.307167
0.307198
0.30723
0.307262
0.307295
0.307327
0.307359
0.30739
0.307419
0.307447
0.307471
0.307493
0.307511
0.307524
0.307534
0.30754
0.307543
0.307544
0.307542
0.307538
0.307533
0.307527
0.30752
0.307513
0.307505
0.307498
0.30749
0.307482
0.307475
0.307468
0.307462
0.307456
0.30745
0.307445
0.30744
0.307435
0.307431
0.307428
0.307425
0.307422
0.307419
0.307416
0.307414
0.307412
0.30741
0.307409
0.307407
0.307406
0.307405
0.307404
0.307403
0.307402
0.307401
0.307401
0.3074
0.307399
0.307399
0.307398
0.307398
0.307397
0.307397
0.307396
0.307396
0.307485
0.307478
0.307469
0.307457
0.307445
0.307431
0.307417
0.307401
0.307384
0.307364
0.307341
0.307314
0.307284
0.307253
0.307222
0.307192
0.307166
0.307143
0.307126
0.307113
0.307103
0.307096
0.307091
0.307088
0.307086
0.307085
0.307087
0.30709
0.307095
0.307103
0.307113
0.307126
0.307141
0.30716
0.307181
0.307205
0.307232
0.307261
0.307291
0.307323
0.307355
0.307387
0.307418
0.30745
0.30748
0.30751
0.307537
0.307562
0.307584
0.307603
0.307617
0.307627
0.307634
0.307637
0.307638
0.307636
0.307632
0.307627
0.307621
0.307615
0.307607
0.3076
0.307592
0.307584
0.307577
0.307569
0.307562
0.307556
0.30755
0.307544
0.307539
0.307534
0.30753
0.307526
0.307522
0.307519
0.307516
0.307513
0.307511
0.307509
0.307507
0.307505
0.307504
0.307502
0.307501
0.3075
0.307499
0.307498
0.307497
0.307496
0.307496
0.307495
0.307494
0.307494
0.307493
0.307493
0.307492
0.307492
0.307491
0.30749
0.310662
0.310654
0.310645
0.310633
0.31062
0.310607
0.310592
0.310576
0.310558
0.310538
0.310515
0.310488
0.310459
0.310428
0.310397
0.310367
0.310341
0.31032
0.310302
0.310289
0.310279
0.310272
0.310268
0.310265
0.310264
0.310264
0.310267
0.310271
0.310277
0.310286
0.310296
0.310309
0.310324
0.310342
0.310363
0.310387
0.310412
0.31044
0.310469
0.3105
0.310531
0.310562
0.310592
0.310623
0.310653
0.310682
0.310709
0.310734
0.310756
0.310775
0.310789
0.3108
0.310807
0.31081
0.310811
0.310809
0.310805
0.3108
0.310794
0.310787
0.31078
0.310772
0.310764
0.310757
0.310749
0.310742
0.310735
0.310729
0.310723
0.310717
0.310712
0.310707
0.310703
0.310699
0.310695
0.310692
0.310689
0.310687
0.310684
0.310682
0.31068
0.310678
0.310677
0.310675
0.310674
0.310673
0.310672
0.310671
0.31067
0.31067
0.310669
0.310668
0.310668
0.310668
0.310667
0.310667
0.310666
0.310665
0.310665
0.310664
0.316863
0.316855
0.316845
0.316833
0.31682
0.316806
0.316791
0.316775
0.316757
0.316737
0.316714
0.316688
0.316659
0.316629
0.316598
0.31657
0.316544
0.316523
0.316506
0.316493
0.316483
0.316476
0.316472
0.316469
0.316469
0.316471
0.316475
0.316481
0.316488
0.316497
0.316508
0.316521
0.316536
0.316553
0.316573
0.316596
0.31662
0.316646
0.316674
0.316703
0.316732
0.316762
0.316791
0.31682
0.316849
0.316877
0.316904
0.316929
0.316951
0.31697
0.316984
0.316995
0.317001
0.317005
0.317005
0.317003
0.316999
0.316994
0.316987
0.31698
0.316973
0.316965
0.316957
0.31695
0.316942
0.316935
0.316928
0.316922
0.316916
0.31691
0.316905
0.3169
0.316896
0.316892
0.316889
0.316886
0.316883
0.31688
0.316878
0.316876
0.316874
0.316872
0.316871
0.316869
0.316868
0.316867
0.316866
0.316865
0.316865
0.316864
0.316863
0.316863
0.316862
0.316862
0.316861
0.316861
0.31686
0.31686
0.316859
0.316858
0.326008
0.325999
0.325988
0.325976
0.325962
0.325948
0.325933
0.325918
0.3259
0.325881
0.325859
0.325834
0.325805
0.325776
0.325746
0.325718
0.325694
0.325673
0.325656
0.325643
0.325634
0.325627
0.325622
0.325621
0.325622
0.325625
0.325631
0.325638
0.325647
0.325657
0.325668
0.325681
0.325695
0.325712
0.325731
0.325752
0.325775
0.325799
0.325825
0.325852
0.325879
0.325907
0.325935
0.325962
0.325989
0.326016
0.326042
0.326067
0.326088
0.326107
0.326121
0.326131
0.326138
0.326141
0.326141
0.326139
0.326134
0.326128
0.326122
0.326114
0.326107
0.326099
0.326091
0.326083
0.326076
0.326069
0.326062
0.326055
0.326049
0.326044
0.326039
0.326034
0.32603
0.326026
0.326023
0.32602
0.326017
0.326015
0.326012
0.32601
0.326009
0.326007
0.326006
0.326004
0.326003
0.326002
0.326001
0.326
0.326
0.325999
0.325998
0.325998
0.325998
0.325997
0.325997
0.325996
0.325996
0.325995
0.325994
0.325993
0.337984
0.337974
0.337962
0.337949
0.337935
0.337921
0.337907
0.337891
0.337875
0.337856
0.337835
0.337811
0.337784
0.337755
0.337727
0.3377
0.337676
0.337656
0.33764
0.337627
0.337618
0.337611
0.337607
0.337606
0.337608
0.337613
0.33762
0.33763
0.33764
0.337651
0.337662
0.337675
0.337689
0.337705
0.337722
0.337742
0.337763
0.337785
0.337809
0.337834
0.337859
0.337884
0.337909
0.337935
0.33796
0.337986
0.338011
0.338035
0.338056
0.338073
0.338087
0.338097
0.338103
0.338105
0.338105
0.338102
0.338098
0.338091
0.338084
0.338076
0.338068
0.338061
0.338053
0.338045
0.338037
0.33803
0.338023
0.338017
0.338011
0.338006
0.338001
0.337996
0.337992
0.337989
0.337985
0.337982
0.33798
0.337977
0.337975
0.337973
0.337971
0.33797
0.337969
0.337967
0.337966
0.337965
0.337964
0.337964
0.337963
0.337962
0.337962
0.337961
0.337961
0.337961
0.33796
0.33796
0.337959
0.337959
0.337958
0.337957
0.352651
0.352639
0.352627
0.352613
0.352599
0.352585
0.35257
0.352556
0.35254
0.352523
0.352503
0.352481
0.352455
0.352427
0.3524
0.352374
0.352352
0.352332
0.352317
0.352305
0.352295
0.352289
0.352285
0.352284
0.352288
0.352294
0.352304
0.352315
0.352327
0.352339
0.352351
0.352363
0.352377
0.352391
0.352408
0.352425
0.352444
0.352464
0.352486
0.352508
0.35253
0.352553
0.352576
0.352599
0.352623
0.352647
0.352671
0.352693
0.352713
0.35273
0.352743
0.352752
0.352758
0.35276
0.352759
0.352756
0.35275
0.352744
0.352736
0.352728
0.35272
0.352711
0.352703
0.352696
0.352688
0.352681
0.352674
0.352668
0.352662
0.352657
0.352652
0.352648
0.352644
0.35264
0.352637
0.352634
0.352632
0.352629
0.352627
0.352625
0.352624
0.352622
0.352621
0.35262
0.352619
0.352618
0.352617
0.352616
0.352616
0.352615
0.352615
0.352614
0.352614
0.352614
0.352613
0.352613
0.352612
0.352612
0.352611
0.35261
0.36985
0.369837
0.369824
0.36981
0.369795
0.36978
0.369766
0.369752
0.369737
0.369722
0.369704
0.369683
0.369658
0.369632
0.369606
0.369582
0.369561
0.369543
0.369528
0.369517
0.369507
0.369501
0.369497
0.369497
0.369502
0.36951
0.369521
0.369534
0.369547
0.36956
0.369573
0.369585
0.369598
0.369612
0.369627
0.369643
0.36966
0.369678
0.369696
0.369715
0.369735
0.369755
0.369775
0.369796
0.369818
0.369841
0.369863
0.369884
0.369903
0.369919
0.369931
0.369939
0.369944
0.369945
0.369944
0.36994
0.369934
0.369927
0.369919
0.36991
0.369902
0.369893
0.369885
0.369877
0.36987
0.369863
0.369856
0.36985
0.369844
0.369839
0.369835
0.36983
0.369826
0.369823
0.36982
0.369817
0.369815
0.369813
0.369811
0.369809
0.369808
0.369806
0.369805
0.369804
0.369803
0.369802
0.369801
0.369801
0.3698
0.3698
0.369799
0.369799
0.369798
0.369798
0.369798
0.369797
0.369797
0.369796
0.369796
0.369795
0.38941
0.389396
0.389382
0.389367
0.389352
0.389337
0.389323
0.389309
0.389296
0.389282
0.389266
0.389246
0.389223
0.389199
0.389175
0.389152
0.389132
0.389116
0.389102
0.389092
0.389083
0.389076
0.389073
0.389073
0.389078
0.389088
0.389101
0.389116
0.389131
0.389145
0.389158
0.38917
0.389183
0.389196
0.389209
0.389224
0.389238
0.389254
0.389269
0.389286
0.389302
0.389319
0.389337
0.389355
0.389375
0.389396
0.389417
0.389438
0.389455
0.389469
0.38948
0.389487
0.389491
0.389492
0.38949
0.389486
0.389479
0.389472
0.389463
0.389454
0.389445
0.389436
0.389428
0.38942
0.389413
0.389406
0.3894
0.389394
0.389388
0.389383
0.389378
0.389374
0.389371
0.389367
0.389364
0.389362
0.38936
0.389358
0.389356
0.389354
0.389353
0.389352
0.38935
0.389349
0.389349
0.389348
0.389347
0.389347
0.389346
0.389346
0.389345
0.389345
0.389345
0.389344
0.389344
0.389344
0.389343
0.389343
0.389342
0.389341
0.411156
0.411141
0.411126
0.411111
0.411095
0.41108
0.411066
0.411053
0.41104
0.411028
0.411013
0.410995
0.410975
0.410952
0.410929
0.410908
0.410891
0.410876
0.410864
0.410855
0.410847
0.41084
0.410836
0.410836
0.410842
0.410853
0.410867
0.410884
0.4109
0.410915
0.410929
0.410941
0.410954
0.410966
0.410979
0.410991
0.411004
0.411017
0.41103
0.411043
0.411057
0.411071
0.411085
0.411102
0.41112
0.411139
0.411159
0.411178
0.411194
0.411207
0.411216
0.411222
0.411225
0.411225
0.411222
0.411218
0.411211
0.411203
0.411194
0.411185
0.411176
0.411167
0.411158
0.411151
0.411143
0.411136
0.41113
0.411124
0.411119
0.411114
0.41111
0.411106
0.411102
0.411099
0.411096
0.411094
0.411092
0.41109
0.411088
0.411087
0.411086
0.411084
0.411084
0.411083
0.411082
0.411081
0.411081
0.41108
0.41108
0.411079
0.411079
0.411079
0.411078
0.411078
0.411078
0.411078
0.411077
0.411077
0.411076
0.411075
0.434916
0.434901
0.434885
0.434869
0.434852
0.434836
0.434822
0.434809
0.434798
0.434787
0.434774
0.434758
0.434739
0.434719
0.434698
0.434679
0.434663
0.434651
0.434641
0.434634
0.434626
0.434619
0.434615
0.434615
0.434621
0.434632
0.434648
0.434666
0.434683
0.434699
0.434713
0.434726
0.434738
0.43475
0.434762
0.434773
0.434784
0.434795
0.434805
0.434816
0.434826
0.434837
0.434849
0.434862
0.434879
0.434897
0.434916
0.434934
0.434948
0.43496
0.434967
0.434972
0.434973
0.434973
0.43497
0.434965
0.434959
0.43495
0.434941
0.434931
0.434922
0.434913
0.434904
0.434896
0.434889
0.434882
0.434876
0.434871
0.434865
0.434861
0.434857
0.434853
0.434849
0.434847
0.434844
0.434842
0.43484
0.434838
0.434837
0.434835
0.434834
0.434833
0.434833
0.434832
0.434831
0.434831
0.43483
0.43483
0.434829
0.434829
0.434829
0.434828
0.434828
0.434828
0.434828
0.434827
0.434827
0.434827
0.434826
0.434826
0.460527
0.460511
0.460494
0.460477
0.460459
0.460443
0.460428
0.460416
0.460406
0.460396
0.460385
0.460371
0.460354
0.460335
0.460316
0.460299
0.460286
0.460276
0.460269
0.460263
0.460257
0.46025
0.460245
0.460244
0.46025
0.460261
0.460277
0.460296
0.460315
0.460331
0.460346
0.460358
0.460371
0.460382
0.460393
0.460403
0.460413
0.460422
0.460431
0.460439
0.460446
0.460453
0.460462
0.460474
0.460489
0.460506
0.460524
0.460541
0.460554
0.460564
0.46057
0.460573
0.460573
0.460572
0.460569
0.460564
0.460557
0.460549
0.46054
0.46053
0.46052
0.460511
0.460503
0.460495
0.460488
0.460481
0.460475
0.46047
0.460465
0.46046
0.460456
0.460453
0.46045
0.460447
0.460445
0.460443
0.460441
0.460439
0.460438
0.460437
0.460436
0.460435
0.460435
0.460434
0.460433
0.460433
0.460433
0.460432
0.460432
0.460432
0.460431
0.460431
0.460431
0.460431
0.46043
0.46043
0.46043
0.46043
0.460429
0.460429
0.487837
0.487821
0.487804
0.487785
0.487766
0.487748
0.487733
0.487721
0.487712
0.487704
0.487694
0.487682
0.487667
0.48765
0.487633
0.487619
0.487608
0.487601
0.487596
0.487593
0.487587
0.487581
0.487575
0.487573
0.487578
0.487589
0.487606
0.487625
0.487644
0.48766
0.487675
0.487688
0.4877
0.487712
0.487722
0.487732
0.48774
0.487749
0.487756
0.487761
0.487765
0.487769
0.487775
0.487785
0.487798
0.487815
0.487832
0.487848
0.487861
0.48787
0.487875
0.487876
0.487875
0.487872
0.487869
0.487864
0.487858
0.48785
0.487841
0.487831
0.487821
0.487812
0.487803
0.487796
0.487789
0.487782
0.487776
0.487771
0.487767
0.487762
0.487759
0.487755
0.487753
0.48775
0.487748
0.487746
0.487745
0.487743
0.487742
0.487741
0.487741
0.48774
0.487739
0.487739
0.487739
0.487738
0.487738
0.487738
0.487737
0.487737
0.487737
0.487737
0.487736
0.487736
0.487736
0.487736
0.487736
0.487735
0.487735
0.487735
0.516712
0.516697
0.516679
0.516659
0.516638
0.516619
0.516603
0.516591
0.516583
0.516576
0.516568
0.516558
0.516545
0.51653
0.516516
0.516503
0.516495
0.516491
0.516489
0.516488
0.516484
0.516477
0.516471
0.516467
0.516471
0.516481
0.516498
0.516517
0.516535
0.516552
0.516567
0.51658
0.516593
0.516604
0.516614
0.516622
0.516631
0.516639
0.516645
0.516649
0.51665
0.516651
0.516654
0.516661
0.516673
0.516689
0.516707
0.516723
0.516736
0.516744
0.516747
0.516747
0.516744
0.516741
0.516737
0.516732
0.516726
0.516719
0.51671
0.516701
0.516691
0.516682
0.516673
0.516665
0.516658
0.516652
0.516647
0.516642
0.516638
0.516634
0.51663
0.516627
0.516625
0.516622
0.51662
0.516619
0.516617
0.516616
0.516615
0.516615
0.516614
0.516614
0.516613
0.516613
0.516613
0.516612
0.516612
0.516612
0.516612
0.516612
0.516611
0.516611
0.516611
0.516611
0.516611
0.516611
0.51661
0.51661
0.51661
0.51661
0.547039
0.547024
0.547005
0.546983
0.54696
0.546939
0.546922
0.546911
0.546904
0.546898
0.546892
0.546884
0.546873
0.546861
0.546849
0.546838
0.546832
0.54683
0.546832
0.546833
0.54683
0.546823
0.546816
0.546811
0.546814
0.546823
0.546838
0.546857
0.546875
0.546891
0.546906
0.54692
0.546932
0.546943
0.546952
0.54696
0.546968
0.546977
0.546983
0.546985
0.546984
0.546982
0.546982
0.546987
0.546998
0.547014
0.547032
0.547049
0.547062
0.54707
0.547072
0.547071
0.547067
0.547062
0.547057
0.547052
0.547047
0.54704
0.547032
0.547024
0.547014
0.547005
0.546997
0.546989
0.546982
0.546977
0.546971
0.546967
0.546963
0.546959
0.546956
0.546953
0.546951
0.546949
0.546947
0.546946
0.546945
0.546944
0.546943
0.546942
0.546942
0.546942
0.546942
0.546941
0.546941
0.546941
0.546941
0.546941
0.546941
0.546941
0.54694
0.54694
0.54694
0.54694
0.54694
0.54694
0.54694
0.546939
0.546939
0.546939
0.578723
0.578708
0.578688
0.578663
0.578638
0.578614
0.578597
0.578586
0.57858
0.578576
0.578572
0.578566
0.578558
0.578548
0.578538
0.57853
0.578526
0.578526
0.57853
0.578532
0.57853
0.578523
0.578515
0.578509
0.57851
0.578519
0.578533
0.57855
0.578568
0.578584
0.578599
0.578612
0.578624
0.578634
0.578641
0.578649
0.578657
0.578667
0.578674
0.578676
0.578673
0.578667
0.578664
0.578667
0.578678
0.578694
0.578713
0.578731
0.578745
0.578754
0.578756
0.578754
0.578748
0.578742
0.578736
0.578731
0.578726
0.57872
0.578714
0.578706
0.578697
0.578688
0.57868
0.578673
0.578666
0.57866
0.578656
0.578651
0.578648
0.578644
0.578642
0.578639
0.578637
0.578635
0.578634
0.578633
0.578632
0.578631
0.57863
0.57863
0.57863
0.578629
0.578629
0.578629
0.578629
0.578629
0.578629
0.578629
0.578629
0.578629
0.578629
0.578629
0.578629
0.578628
0.578628
0.578628
0.578628
0.578628
0.578628
0.578628
0.611689
0.611675
0.611653
0.611625
0.611596
0.611571
0.611553
0.611543
0.611539
0.611537
0.611535
0.611532
0.611527
0.61152
0.611512
0.611505
0.611502
0.611504
0.611509
0.611512
0.61151
0.611503
0.611494
0.611487
0.611488
0.611495
0.611509
0.611524
0.61154
0.611556
0.611571
0.611585
0.611596
0.611604
0.611609
0.611615
0.611625
0.611637
0.611646
0.611648
0.611642
0.611633
0.611627
0.611629
0.611639
0.611656
0.611675
0.611696
0.611712
0.611723
0.611725
0.611722
0.611715
0.611707
0.6117
0.611695
0.61169
0.611685
0.61168
0.611673
0.611665
0.611657
0.611649
0.611642
0.611636
0.611631
0.611626
0.611622
0.611619
0.611616
0.611613
0.611611
0.611609
0.611608
0.611607
0.611606
0.611605
0.611604
0.611604
0.611603
0.611603
0.611603
0.611603
0.611603
0.611604
0.611604
0.611604
0.611604
0.611604
0.611604
0.611604
0.611603
0.611603
0.611603
0.611603
0.611603
0.611603
0.611602
0.611602
0.611602
0.645889
0.645875
0.64585
0.645817
0.645786
0.645758
0.645741
0.645733
0.645731
0.645731
0.645732
0.645732
0.645731
0.645727
0.645721
0.645715
0.645713
0.645715
0.64572
0.645723
0.64572
0.645711
0.645702
0.645694
0.645694
0.645702
0.645715
0.645729
0.645744
0.64576
0.645775
0.645789
0.645799
0.645803
0.645805
0.64581
0.645821
0.645837
0.645847
0.645848
0.645841
0.645828
0.64582
0.645821
0.645831
0.645848
0.645869
0.645892
0.645912
0.645925
0.645929
0.645926
0.645917
0.645908
0.6459
0.645893
0.645889
0.645885
0.64588
0.645875
0.645868
0.645861
0.645854
0.645847
0.645841
0.645836
0.645832
0.645828
0.645825
0.645823
0.645821
0.645819
0.645817
0.645816
0.645815
0.645814
0.645813
0.645813
0.645812
0.645812
0.645812
0.645812
0.645812
0.645813
0.645813
0.645813
0.645813
0.645813
0.645813
0.645813
0.645813
0.645813
0.645813
0.645813
0.645813
0.645812
0.645812
0.645812
0.645812
0.645811
0.681298
0.681284
0.681255
0.681216
0.681181
0.681152
0.681135
0.68113
0.681134
0.681136
0.681139
0.681145
0.681148
0.681147
0.681142
0.681137
0.681134
0.681137
0.68114
0.681141
0.681135
0.681123
0.681114
0.681105
0.681105
0.681113
0.681128
0.681141
0.681155
0.681172
0.681188
0.681203
0.681209
0.681209
0.681208
0.681212
0.681225
0.681244
0.681256
0.681255
0.681244
0.681228
0.681217
0.681219
0.681231
0.681248
0.68127
0.681297
0.681322
0.681338
0.681344
0.681341
0.681332
0.681321
0.681311
0.681303
0.681298
0.681295
0.681291
0.681287
0.681282
0.681276
0.681269
0.681263
0.681258
0.681253
0.681249
0.681246
0.681243
0.681241
0.681239
0.681238
0.681237
0.681236
0.681235
0.681234
0.681233
0.681233
0.681233
0.681233
0.681233
0.681233
0.681233
0.681233
0.681234
0.681234
0.681234
0.681234
0.681234
0.681234
0.681234
0.681234
0.681234
0.681234
0.681234
0.681233
0.681233
0.681233
0.681232
0.681231
0.717932
0.717916
0.717884
0.717833
0.717794
0.717764
0.717746
0.717745
0.717761
0.717769
0.717776
0.717787
0.717796
0.717798
0.717795
0.717789
0.717786
0.717787
0.717784
0.71778
0.717773
0.717752
0.71774
0.71773
0.717728
0.717738
0.717763
0.717777
0.717792
0.717811
0.717829
0.717844
0.717844
0.717837
0.717835
0.717838
0.717854
0.717878
0.71789
0.717879
0.717864
0.717843
0.717828
0.71783
0.717853
0.717872
0.717897
0.717928
0.717958
0.717978
0.717986
0.717983
0.717974
0.717962
0.71795
0.717942
0.717936
0.717933
0.71793
0.717927
0.717923
0.717918
0.717913
0.717908
0.717903
0.717899
0.717895
0.717892
0.71789
0.717888
0.717887
0.717885
0.717884
0.717883
0.717883
0.717882
0.717882
0.717881
0.717881
0.717881
0.717881
0.717881
0.717881
0.717882
0.717882
0.717882
0.717883
0.717883
0.717883
0.717883
0.717883
0.717883
0.717883
0.717882
0.717882
0.717882
0.717882
0.717881
0.717881
0.717879
0.75588
0.755849
0.755817
0.755737
0.755687
0.755663
0.75564
0.755643
0.755699
0.755722
0.755737
0.755756
0.75577
0.755776
0.755773
0.755767
0.755762
0.75576
0.755748
0.75572
0.755714
0.755666
0.755643
0.755639
0.75563
0.755642
0.755703
0.755731
0.755749
0.755773
0.755794
0.755808
0.755799
0.755767
0.755768
0.755774
0.755794
0.755822
0.755833
0.755791
0.755761
0.755742
0.755719
0.755722
0.75578
0.755813
0.755843
0.755881
0.755916
0.75594
0.75595
0.755948
0.755938
0.755925
0.755913
0.755903
0.755897
0.755893
0.755891
0.75589
0.755887
0.755883
0.755879
0.755875
0.755871
0.755867
0.755864
0.755861
0.755859
0.755858
0.755856
0.755855
0.755854
0.755854
0.755853
0.755853
0.755852
0.755852
0.755852
0.755852
0.755852
0.755852
0.755852
0.755852
0.755853
0.755853
0.755853
0.755854
0.755854
0.755854
0.755854
0.755854
0.755854
0.755853
0.755853
0.755853
0.755853
0.755852
0.755851
0.755848
0.7954
0.795281
0.795245
0.795102
0.795014
0.795049
0.795023
0.795029
0.795189
0.795268
0.795299
0.795329
0.79535
0.795358
0.795355
0.795347
0.795339
0.795333
0.795303
0.795165
0.795154
0.795041
0.794978
0.79503
0.795015
0.795026
0.79519
0.795271
0.795302
0.795334
0.795359
0.795372
0.795345
0.795203
0.7952
0.795212
0.795238
0.795271
0.795278
0.795164
0.795088
0.795123
0.795094
0.795098
0.795259
0.795343
0.795386
0.795432
0.795473
0.7955
0.795511
0.79551
0.795501
0.795488
0.795475
0.795465
0.795458
0.795454
0.795452
0.795451
0.79545
0.795447
0.795444
0.795441
0.795438
0.795434
0.795432
0.79543
0.795428
0.795427
0.795426
0.795425
0.795424
0.795423
0.795423
0.795423
0.795422
0.795422
0.795422
0.795422
0.795422
0.795422
0.795422
0.795422
0.795422
0.795423
0.795423
0.795423
0.795423
0.795423
0.795423
0.795423
0.795423
0.795423
0.795423
0.795422
0.795422
0.795421
0.79542
0.795415
0.837159
0.836649
0.836549
0.836353
0.836174
0.836519
0.836545
0.836558
0.836883
0.837098
0.837162
0.837205
0.837231
0.837239
0.837234
0.837224
0.837213
0.837202
0.837144
0.836559
0.836475
0.836304
0.836144
0.836498
0.83653
0.836546
0.836872
0.837087
0.83715
0.837193
0.83722
0.83723
0.837175
0.836587
0.836508
0.836524
0.836557
0.836592
0.836597
0.83642
0.836243
0.836581
0.836602
0.836613
0.836937
0.837155
0.837227
0.837284
0.837328
0.837354
0.837365
0.837365
0.837357
0.837346
0.837334
0.837324
0.837317
0.837312
0.83731
0.83731
0.837309
0.837308
0.837306
0.837304
0.837301
0.837299
0.837297
0.837295
0.837293
0.837292
0.837291
0.837291
0.83729
0.83729
0.837289
0.837289
0.837289
0.837288
0.837288
0.837288
0.837288
0.837288
0.837288
0.837288
0.837288
0.837289
0.837289
0.837289
0.837289
0.837289
0.837289
0.837289
0.837289
0.837289
0.837288
0.837288
0.837288
0.837287
0.837285
0.837277
0.882676
0.880964
0.880596
0.880941
0.880698
0.88227
0.882576
0.882642
0.882374
0.882719
0.882813
0.882863
0.882887
0.882889
0.882879
0.882865
0.88285
0.882833
0.882755
0.880927
0.880547
0.880906
0.880673
0.882244
0.88255
0.882616
0.882346
0.882688
0.882779
0.882825
0.882849
0.882851
0.882776
0.880949
0.880568
0.880584
0.880631
0.880667
0.88067
0.881022
0.880758
0.882315
0.882617
0.882683
0.882412
0.882756
0.882855
0.882913
0.882952
0.882974
0.882982
0.882982
0.882977
0.882968
0.882959
0.88295
0.882944
0.882939
0.882937
0.882937
0.882937
0.882936
0.882935
0.882934
0.882932
0.882931
0.882929
0.882928
0.882927
0.882926
0.882925
0.882925
0.882924
0.882924
0.882923
0.882923
0.882922
0.882922
0.882922
0.882922
0.882921
0.882921
0.882921
0.882921
0.882921
0.882922
0.882922
0.882922
0.882922
0.882922
0.882922
0.882922
0.882921
0.882921
0.882921
0.882921
0.88292
0.882919
0.882916
0.882909
0.936036
0.93297
0.932062
0.93708
0.937553
0.943566
0.944744
0.945032
0.936174
0.935628
0.935589
0.935598
0.935601
0.935593
0.935577
0.935559
0.935541
0.935519
0.93551
0.932918
0.93204
0.93707
0.937552
0.94355
0.944716
0.944999
0.936132
0.935582
0.935539
0.935544
0.935547
0.935537
0.935529
0.932955
0.932136
0.932272
0.932389
0.93243
0.93237
0.937254
0.93762
0.943592
0.944759
0.945048
0.936186
0.935637
0.9356
0.935616
0.935632
0.93564
0.935645
0.935646
0.935644
0.935641
0.935636
0.93563
0.935625
0.935622
0.93562
0.935619
0.935619
0.935619
0.935619
0.935619
0.935618
0.935617
0.935616
0.935615
0.935614
0.935613
0.935612
0.935612
0.935612
0.935611
0.935611
0.93561
0.93561
0.935609
0.935609
0.935609
0.935608
0.935608
0.935608
0.935608
0.935608
0.935608
0.935608
0.935608
0.935608
0.935608
0.935607
0.935607
0.935607
0.935607
0.935607
0.935606
0.935606
0.935605
0.935602
0.935603
1.03235
1.03984
1.04033
1.07934
1.08196
1.11146
1.11373
1.11422
1.03218
1.02738
1.02724
1.02729
1.02731
1.02731
1.02731
1.02731
1.0273
1.02728
1.02739
1.03943
1.0403
1.07939
1.08203
1.11148
1.11371
1.11419
1.03207
1.02727
1.02713
1.02718
1.0272
1.0272
1.02732
1.03953
1.04051
1.04155
1.04197
1.04206
1.042
1.07995
1.08212
1.11147
1.1137
1.11419
1.03214
1.02733
1.02719
1.02725
1.02728
1.0273
1.02731
1.02732
1.02733
1.02733
1.02734
1.02734
1.02733
1.02733
1.02733
1.02733
1.02733
1.02733
1.02733
1.02733
1.02733
1.02733
1.02733
1.02733
1.02733
1.02733
1.02733
1.02733
1.02732
1.02732
1.02732
1.02732
1.02732
1.02732
1.02732
1.02732
1.02732
1.02732
1.02732
1.02732
1.02732
1.02732
1.02732
1.02732
1.02732
1.02732
1.02732
1.02732
1.02732
1.02731
1.02731
1.02731
1.02731
1.02731
1.02731
1.02732
)
;

boundaryField
{
    inlet
    {
        type            cyclic;
    }
    outlet
    {
        type            cyclic;
    }
    bottomWall
    {
        type            kqRWallFunction;
        value           nonuniform List<scalar> 
100
(
1.11063
1.03094
1.04001
1.07899
1.08221
1.11233
1.03145
1.02712
1.03966
1.04072
1.04183
1.04228
1.04241
1.04236
1.08067
1.08289
1.11241
1.11456
1.11501
1.0321
1.02722
1.02709
1.02715
1.02717
1.02717
1.02717
1.02715
1.02714
1.02713
1.02712
1.02711
1.02712
1.02713
1.02715
1.02716
1.02717
1.02717
1.02717
1.02729
1.03937
1.04049
1.04162
1.0421
1.04226
1.04232
1.04235
1.04238
1.0424
1.04242
1.04242
1.04243
1.04243
1.04244
1.04244
1.04244
1.04244
1.04245
1.04245
1.04245
1.04245
1.04245
1.04246
1.04246
1.04246
1.04246
1.04246
1.04246
1.04246
1.04246
1.04246
1.04246
1.04245
1.04245
1.04245
1.04245
1.04245
1.04245
1.04245
1.04245
1.04245
1.04245
1.04245
1.04245
1.04245
1.04245
1.04245
1.04245
1.04245
1.04245
1.04245
1.04245
1.04245
1.04245
1.04245
1.04245
1.04245
1.04245
1.04245
1.04243
1.04241
)
;
    }
    topWall
    {
        type            kqRWallFunction;
        value           nonuniform List<scalar> 
100
(
1.03235
1.03984
1.04033
1.07934
1.08196
1.11146
1.11373
1.11422
1.03218
1.02738
1.02724
1.02729
1.02731
1.02731
1.02731
1.02731
1.0273
1.02728
1.02739
1.03943
1.0403
1.07939
1.08203
1.11148
1.11371
1.11419
1.03207
1.02727
1.02713
1.02718
1.0272
1.0272
1.02732
1.03953
1.04051
1.04155
1.04197
1.04206
1.042
1.07995
1.08212
1.11147
1.1137
1.11419
1.03214
1.02733
1.02719
1.02725
1.02728
1.0273
1.02731
1.02732
1.02733
1.02733
1.02734
1.02734
1.02733
1.02733
1.02733
1.02733
1.02733
1.02733
1.02733
1.02733
1.02733
1.02733
1.02733
1.02733
1.02733
1.02733
1.02733
1.02733
1.02732
1.02732
1.02732
1.02732
1.02732
1.02732
1.02732
1.02732
1.02732
1.02732
1.02732
1.02732
1.02732
1.02732
1.02732
1.02732
1.02732
1.02732
1.02732
1.02732
1.02732
1.02731
1.02731
1.02731
1.02731
1.02731
1.02731
1.02732
)
;
    }
    frontAndBack
    {
        type            empty;
    }
}


// ************************************************************************* //
