/*--------------------------------*- C++ -*----------------------------------*\
  =========                 |
  \\      /  F ield         | OpenFOAM: The Open Source CFD Toolbox
   \\    /   O peration     | Website:  https://openfoam.org
    \\  /    A nd           | Version:  11
     \\/     M anipulation  |
\*---------------------------------------------------------------------------*/
FoamFile
{
    format      ascii;
    class       volScalarField;
    location    "400";
    object      nut;
}
// * * * * * * * * * * * * * * * * * * * * * * * * * * * * * * * * * * * * * //

dimensions      [0 2 -1 0 0 0 0];

internalField   nonuniform List<scalar> 
5000
(
7.85279e-05
6.58952e-05
7.25997e-05
7.55763e-05
7.56464e-05
7.85197e-05
6.58975e-05
6.55427e-05
7.2617e-05
7.22442e-05
7.22107e-05
7.22128e-05
7.22155e-05
7.22234e-05
7.55454e-05
7.5646e-05
7.85239e-05
7.89051e-05
7.89657e-05
6.59146e-05
6.55443e-05
6.55313e-05
6.5535e-05
6.55376e-05
6.55387e-05
6.55392e-05
6.55388e-05
6.55385e-05
6.55378e-05
6.55378e-05
6.55374e-05
6.55377e-05
6.55375e-05
6.55378e-05
6.55375e-05
6.55373e-05
6.5537e-05
6.5537e-05
6.5537e-05
7.26399e-05
7.22485e-05
7.22101e-05
7.22119e-05
7.22147e-05
7.22158e-05
7.22158e-05
7.2216e-05
7.22162e-05
7.22166e-05
7.2217e-05
7.22173e-05
7.22175e-05
7.22177e-05
7.22179e-05
7.2218e-05
7.22182e-05
7.22183e-05
7.22185e-05
7.22186e-05
7.22186e-05
7.22187e-05
7.22187e-05
7.22188e-05
7.22188e-05
7.22188e-05
7.22188e-05
7.22188e-05
7.22188e-05
7.22188e-05
7.22188e-05
7.22187e-05
7.22186e-05
7.22186e-05
7.22185e-05
7.22185e-05
7.22184e-05
7.22184e-05
7.22184e-05
7.22184e-05
7.22184e-05
7.22184e-05
7.22184e-05
7.22183e-05
7.22183e-05
7.22183e-05
7.22183e-05
7.22183e-05
7.22183e-05
7.22183e-05
7.22182e-05
7.22182e-05
7.22182e-05
7.22182e-05
7.22182e-05
7.22182e-05
7.22182e-05
7.22182e-05
7.22181e-05
7.22176e-05
7.22276e-05
0.000163328
0.000157654
0.000160164
0.000162081
0.000162452
0.000163848
0.0001577
0.000156863
0.00016007
0.000160237
0.000160258
0.000160274
0.000160281
0.000160247
0.000162081
0.000162459
0.000163844
0.000164256
0.000164359
0.000157798
0.000156933
0.000156849
0.000156851
0.000156856
0.000156859
0.000156861
0.000156861
0.000156861
0.000156861
0.000156861
0.000156861
0.000156862
0.000156862
0.000156864
0.000156864
0.000156866
0.000156866
0.000156865
0.000156797
0.000160074
0.00016024
0.000160257
0.000160273
0.000160282
0.000160287
0.00016029
0.000160291
0.000160293
0.000160294
0.000160294
0.000160294
0.000160294
0.000160294
0.000160294
0.000160294
0.000160294
0.000160295
0.000160295
0.000160295
0.000160295
0.000160294
0.000160294
0.000160294
0.000160294
0.000160293
0.000160293
0.000160293
0.000160293
0.000160293
0.000160293
0.000160293
0.000160292
0.000160292
0.000160292
0.000160292
0.000160292
0.000160292
0.000160292
0.000160292
0.000160292
0.000160292
0.000160292
0.000160292
0.000160292
0.000160292
0.000160292
0.000160292
0.000160292
0.000160292
0.000160292
0.000160292
0.000160292
0.000160292
0.000160292
0.000160292
0.000160292
0.000160292
0.000160292
0.00016029
0.000160259
0.000253313
0.000252023
0.000252133
0.000252656
0.000252792
0.000253415
0.000252007
0.000251659
0.000252064
0.000252065
0.000252067
0.000252081
0.00025209
0.000252059
0.000252632
0.000252785
0.000253405
0.000253659
0.000253735
0.000252084
0.000251709
0.000251671
0.000251684
0.000251699
0.000251708
0.000251713
0.000251715
0.000251717
0.000251718
0.000251719
0.000251719
0.00025172
0.000251722
0.000251724
0.000251726
0.000251728
0.000251731
0.00025173
0.000251674
0.000252103
0.00025209
0.000252083
0.000252095
0.000252107
0.000252114
0.000252119
0.000252123
0.000252125
0.000252127
0.000252127
0.000252127
0.000252128
0.000252128
0.000252128
0.000252128
0.000252128
0.000252128
0.000252128
0.000252127
0.000252126
0.000252125
0.000252124
0.000252123
0.000252123
0.000252122
0.000252121
0.000252121
0.00025212
0.00025212
0.00025212
0.00025212
0.000252119
0.000252119
0.000252119
0.000252119
0.000252119
0.000252119
0.000252119
0.000252119
0.000252119
0.000252119
0.000252119
0.000252119
0.000252119
0.000252118
0.000252118
0.000252118
0.000252118
0.000252118
0.000252118
0.000252118
0.000252118
0.000252118
0.000252118
0.000252119
0.000252119
0.000252119
0.000252118
0.000252116
0.000252081
0.000341451
0.000341197
0.00034108
0.000341151
0.000341173
0.000341383
0.000341143
0.000341056
0.000341033
0.000341011
0.000341016
0.000341031
0.000341041
0.000341021
0.000341132
0.000341159
0.000341364
0.000341466
0.000341503
0.000341168
0.00034107
0.000341069
0.000341089
0.000341107
0.000341121
0.000341131
0.000341136
0.00034114
0.000341141
0.000341144
0.000341145
0.000341147
0.00034115
0.000341153
0.000341157
0.000341161
0.000341164
0.000341165
0.000341132
0.000341098
0.000341056
0.000341049
0.000341061
0.000341074
0.000341084
0.000341091
0.000341097
0.000341101
0.000341103
0.000341104
0.000341105
0.000341106
0.000341106
0.000341106
0.000341107
0.000341107
0.000341106
0.000341105
0.000341104
0.000341102
0.0003411
0.000341098
0.000341096
0.000341094
0.000341093
0.000341092
0.000341091
0.00034109
0.00034109
0.000341089
0.000341089
0.000341088
0.000341088
0.000341088
0.000341087
0.000341087
0.000341087
0.000341087
0.000341087
0.000341087
0.000341087
0.000341087
0.000341086
0.000341086
0.000341086
0.000341086
0.000341086
0.000341086
0.000341086
0.000341086
0.000341086
0.000341086
0.000341086
0.000341086
0.000341086
0.000341087
0.000341087
0.000341086
0.000341084
0.000341055
0.000424169
0.000424113
0.000424047
0.000424031
0.000424022
0.000424076
0.000424049
0.000424033
0.000424003
0.000423995
0.000424004
0.000424017
0.000424025
0.000424012
0.00042401
0.000423998
0.000424045
0.000424073
0.000424087
0.000424032
0.000424015
0.000424025
0.000424045
0.000424065
0.000424082
0.000424094
0.000424102
0.000424107
0.00042411
0.000424113
0.000424116
0.00042412
0.000424125
0.00042413
0.000424135
0.00042414
0.000424145
0.000424147
0.000424127
0.000424079
0.000424053
0.00042405
0.000424061
0.000424073
0.000424084
0.000424093
0.000424101
0.000424106
0.000424109
0.000424111
0.000424113
0.000424114
0.000424115
0.000424116
0.000424117
0.000424116
0.000424115
0.000424113
0.00042411
0.000424107
0.000424104
0.000424101
0.000424098
0.000424096
0.000424094
0.000424092
0.000424091
0.000424089
0.000424088
0.000424087
0.000424087
0.000424086
0.000424085
0.000424085
0.000424085
0.000424084
0.000424084
0.000424084
0.000424083
0.000424083
0.000424083
0.000424083
0.000424083
0.000424082
0.000424082
0.000424082
0.000424082
0.000424082
0.000424082
0.000424082
0.000424082
0.000424082
0.000424082
0.000424082
0.000424082
0.000424083
0.000424083
0.000424082
0.00042408
0.00042406
0.000500613
0.000500589
0.000500554
0.000500531
0.000500518
0.000500525
0.000500523
0.00050052
0.000500508
0.000500508
0.000500517
0.000500526
0.000500531
0.00050052
0.0005005
0.000500481
0.000500479
0.000500479
0.000500481
0.000500473
0.000500472
0.000500482
0.000500499
0.000500519
0.000500537
0.000500551
0.00050056
0.000500566
0.00050057
0.000500575
0.000500579
0.000500585
0.000500591
0.000500598
0.000500605
0.000500612
0.000500618
0.000500621
0.00050061
0.000500584
0.00050057
0.000500569
0.000500578
0.00050059
0.000500602
0.000500612
0.000500621
0.000500627
0.000500632
0.000500636
0.000500638
0.000500641
0.000500643
0.000500644
0.000500644
0.000500643
0.000500641
0.000500638
0.000500634
0.000500629
0.000500625
0.000500621
0.000500618
0.000500615
0.000500612
0.000500609
0.000500607
0.000500606
0.000500604
0.000500602
0.000500601
0.0005006
0.000500599
0.000500599
0.000500598
0.000500597
0.000500597
0.000500597
0.000500596
0.000500596
0.000500595
0.000500595
0.000500595
0.000500594
0.000500594
0.000500594
0.000500594
0.000500594
0.000500593
0.000500594
0.000500594
0.000500594
0.000500594
0.000500594
0.000500594
0.000500594
0.000500594
0.000500594
0.000500592
0.000500578
0.000570755
0.000570736
0.00057071
0.000570688
0.000570675
0.00057067
0.000570669
0.000570667
0.000570663
0.000570666
0.000570671
0.000570676
0.000570677
0.000570666
0.000570645
0.000570624
0.000570608
0.000570596
0.000570591
0.000570588
0.000570587
0.000570594
0.00057061
0.000570629
0.000570647
0.000570661
0.00057067
0.000570677
0.000570682
0.000570687
0.000570693
0.0005707
0.000570709
0.000570718
0.000570726
0.000570734
0.000570741
0.000570746
0.000570742
0.000570729
0.000570722
0.000570723
0.000570732
0.000570744
0.000570756
0.000570768
0.000570778
0.000570786
0.000570792
0.000570797
0.000570802
0.000570805
0.000570808
0.000570809
0.000570809
0.000570807
0.000570804
0.000570799
0.000570794
0.000570789
0.000570783
0.000570779
0.000570774
0.000570771
0.000570767
0.000570764
0.000570761
0.000570759
0.000570757
0.000570755
0.000570753
0.000570752
0.000570751
0.000570749
0.000570749
0.000570748
0.000570747
0.000570746
0.000570746
0.000570745
0.000570744
0.000570744
0.000570743
0.000570743
0.000570743
0.000570742
0.000570742
0.000570742
0.000570742
0.000570742
0.000570742
0.000570742
0.000570742
0.000570742
0.000570742
0.000570742
0.000570742
0.000570742
0.00057074
0.00057073
0.000634829
0.000634811
0.000634788
0.000634767
0.000634753
0.000634747
0.000634745
0.000634744
0.000634743
0.000634746
0.000634748
0.000634748
0.000634744
0.000634731
0.000634709
0.000634686
0.000634664
0.000634646
0.000634636
0.00063463
0.000634627
0.000634633
0.000634647
0.000634664
0.000634681
0.000634695
0.000634704
0.000634711
0.000634716
0.000634722
0.000634729
0.000634739
0.000634749
0.000634759
0.000634769
0.000634778
0.000634787
0.000634795
0.000634795
0.000634791
0.00063479
0.000634794
0.000634804
0.000634816
0.00063483
0.000634843
0.000634855
0.000634865
0.000634873
0.00063488
0.000634886
0.000634891
0.000634894
0.000634895
0.000634895
0.000634892
0.000634888
0.000634882
0.000634876
0.000634869
0.000634863
0.000634858
0.000634853
0.000634848
0.000634844
0.000634841
0.000634837
0.000634834
0.000634831
0.000634829
0.000634827
0.000634825
0.000634823
0.000634822
0.00063482
0.000634819
0.000634818
0.000634817
0.000634816
0.000634816
0.000634815
0.000634814
0.000634813
0.000634813
0.000634812
0.000634812
0.000634812
0.000634811
0.000634811
0.000634811
0.000634811
0.000634811
0.000634811
0.000634811
0.000634811
0.000634811
0.000634811
0.000634811
0.000634809
0.000634802
0.000693148
0.00069313
0.000693108
0.000693088
0.000693074
0.000693067
0.000693065
0.000693066
0.000693067
0.00069307
0.00069307
0.000693065
0.000693056
0.000693039
0.000693014
0.000692987
0.00069296
0.000692937
0.000692922
0.000692914
0.00069291
0.000692914
0.000692926
0.000692942
0.000692958
0.000692971
0.00069298
0.000692986
0.000692992
0.000692998
0.000693007
0.000693017
0.000693029
0.000693041
0.000693052
0.000693063
0.000693074
0.000693085
0.000693091
0.000693094
0.000693099
0.000693106
0.000693118
0.000693133
0.000693148
0.000693163
0.000693177
0.000693189
0.0006932
0.000693209
0.000693217
0.000693222
0.000693226
0.000693228
0.000693226
0.000693223
0.000693217
0.000693211
0.000693203
0.000693196
0.00069319
0.000693184
0.000693178
0.000693173
0.000693168
0.000693164
0.00069316
0.000693156
0.000693153
0.00069315
0.000693147
0.000693145
0.000693143
0.000693141
0.00069314
0.000693138
0.000693137
0.000693136
0.000693134
0.000693133
0.000693132
0.000693131
0.000693131
0.00069313
0.000693129
0.000693129
0.000693128
0.000693128
0.000693128
0.000693128
0.000693128
0.000693128
0.000693128
0.000693128
0.000693128
0.000693127
0.000693127
0.000693126
0.000693125
0.00069312
0.000746036
0.000746018
0.000745996
0.000745976
0.000745963
0.000745956
0.000745956
0.000745958
0.000745961
0.000745963
0.00074596
0.000745951
0.000745936
0.000745913
0.000745884
0.000745852
0.000745821
0.000745793
0.000745774
0.000745762
0.000745757
0.000745761
0.000745772
0.000745787
0.000745802
0.000745814
0.000745822
0.000745828
0.000745833
0.00074584
0.00074585
0.000745862
0.000745875
0.000745888
0.000745901
0.000745914
0.000745928
0.000745943
0.000745955
0.000745965
0.000745976
0.000745988
0.000746003
0.00074602
0.000746038
0.000746056
0.000746073
0.000746088
0.000746101
0.000746112
0.000746121
0.000746128
0.000746132
0.000746133
0.000746132
0.000746127
0.000746121
0.000746113
0.000746106
0.000746098
0.000746091
0.000746085
0.000746079
0.000746073
0.000746068
0.000746063
0.000746058
0.000746054
0.00074605
0.000746046
0.000746043
0.000746041
0.000746038
0.000746036
0.000746034
0.000746032
0.000746031
0.000746029
0.000746028
0.000746026
0.000746025
0.000746024
0.000746023
0.000746022
0.000746021
0.000746021
0.00074602
0.00074602
0.00074602
0.00074602
0.000746019
0.000746019
0.000746019
0.000746019
0.000746019
0.000746019
0.000746018
0.000746018
0.000746016
0.000746012
0.000793808
0.000793791
0.000793769
0.00079375
0.000793737
0.000793731
0.000793731
0.000793735
0.000793738
0.000793739
0.000793734
0.00079372
0.000793699
0.00079367
0.000793634
0.000793597
0.00079356
0.000793528
0.000793505
0.000793492
0.000793487
0.00079349
0.000793501
0.000793515
0.000793529
0.000793539
0.000793546
0.000793552
0.000793557
0.000793565
0.000793575
0.000793588
0.000793602
0.000793617
0.000793633
0.000793649
0.000793666
0.000793686
0.000793704
0.000793721
0.000793739
0.000793756
0.000793775
0.000793796
0.000793817
0.000793838
0.000793858
0.000793876
0.000793892
0.000793905
0.000793916
0.000793924
0.000793928
0.000793929
0.000793927
0.000793922
0.000793915
0.000793908
0.0007939
0.000793892
0.000793885
0.000793878
0.000793871
0.000793865
0.000793859
0.000793854
0.000793848
0.000793843
0.000793839
0.000793835
0.000793832
0.000793828
0.000793825
0.000793823
0.000793821
0.000793819
0.000793817
0.000793815
0.000793813
0.000793812
0.000793811
0.000793809
0.000793808
0.000793807
0.000793806
0.000793806
0.000793805
0.000793805
0.000793804
0.000793804
0.000793804
0.000793804
0.000793803
0.000793803
0.000793803
0.000793803
0.000793802
0.000793802
0.000793801
0.000793797
0.000836768
0.00083675
0.00083673
0.000836711
0.000836698
0.000836692
0.000836693
0.000836697
0.000836701
0.000836701
0.000836692
0.000836673
0.000836645
0.000836609
0.000836567
0.000836524
0.000836482
0.000836446
0.00083642
0.000836405
0.0008364
0.000836404
0.000836414
0.000836428
0.00083644
0.00083645
0.000836456
0.000836461
0.000836466
0.000836474
0.000836485
0.000836499
0.000836516
0.000836533
0.000836551
0.000836571
0.000836593
0.000836618
0.000836642
0.000836667
0.000836691
0.000836714
0.000836738
0.000836763
0.000836788
0.000836813
0.000836836
0.000836858
0.000836876
0.000836892
0.000836904
0.000836913
0.000836917
0.000836919
0.000836916
0.000836911
0.000836904
0.000836896
0.000836888
0.00083688
0.000836873
0.000836865
0.000836859
0.000836852
0.000836845
0.000836839
0.000836833
0.000836828
0.000836823
0.000836819
0.000836815
0.000836811
0.000836808
0.000836805
0.000836803
0.0008368
0.000836798
0.000836796
0.000836795
0.000836793
0.000836792
0.00083679
0.000836789
0.000836788
0.000836787
0.000836786
0.000836786
0.000836785
0.000836785
0.000836784
0.000836784
0.000836784
0.000836783
0.000836783
0.000836783
0.000836782
0.000836782
0.000836781
0.00083678
0.000836778
0.000875204
0.000875187
0.000875166
0.000875148
0.000875135
0.00087513
0.000875131
0.000875135
0.000875138
0.000875135
0.000875123
0.000875099
0.000875064
0.00087502
0.000874972
0.000874922
0.000874876
0.000874836
0.000874808
0.000874793
0.000874787
0.000874792
0.000874802
0.000874815
0.000874827
0.000874835
0.000874841
0.000874845
0.000874851
0.000874859
0.000874871
0.000874887
0.000874905
0.000874925
0.000874947
0.000874972
0.000874999
0.00087503
0.000875061
0.000875092
0.000875122
0.000875152
0.000875182
0.000875212
0.000875241
0.00087527
0.000875297
0.000875322
0.000875343
0.000875361
0.000875375
0.000875384
0.00087539
0.000875391
0.000875388
0.000875383
0.000875376
0.000875368
0.000875361
0.000875353
0.000875345
0.000875338
0.00087533
0.000875323
0.000875316
0.000875309
0.000875303
0.000875297
0.000875292
0.000875287
0.000875283
0.000875279
0.000875276
0.000875273
0.00087527
0.000875267
0.000875265
0.000875263
0.000875261
0.000875259
0.000875258
0.000875256
0.000875255
0.000875254
0.000875253
0.000875252
0.000875251
0.000875251
0.00087525
0.00087525
0.00087525
0.000875249
0.000875249
0.000875249
0.000875248
0.000875248
0.000875248
0.000875247
0.000875246
0.000875244
0.000909396
0.000909378
0.000909359
0.00090934
0.000909328
0.000909322
0.000909323
0.000909326
0.000909327
0.000909322
0.000909305
0.000909275
0.000909233
0.000909182
0.000909127
0.000909072
0.000909021
0.000908979
0.000908949
0.000908933
0.000908929
0.000908933
0.000908944
0.000908956
0.000908967
0.000908975
0.00090898
0.000908984
0.00090899
0.000908999
0.000909012
0.00090903
0.00090905
0.000909074
0.0009091
0.00090913
0.000909163
0.0009092
0.000909238
0.000909276
0.000909313
0.00090935
0.000909385
0.00090942
0.000909455
0.000909488
0.00090952
0.000909548
0.000909572
0.000909591
0.000909607
0.000909617
0.000909623
0.000909625
0.000909623
0.000909618
0.000909611
0.000909604
0.000909596
0.000909588
0.00090958
0.000909572
0.000909565
0.000909557
0.000909549
0.000909542
0.000909536
0.000909529
0.000909524
0.000909519
0.000909514
0.00090951
0.000909506
0.000909503
0.0009095
0.000909498
0.000909495
0.000909493
0.000909491
0.000909489
0.000909488
0.000909486
0.000909485
0.000909484
0.000909483
0.000909482
0.000909481
0.000909481
0.00090948
0.00090948
0.000909479
0.000909479
0.000909478
0.000909478
0.000909478
0.000909478
0.000909477
0.000909477
0.000909476
0.000909474
0.000939612
0.000939594
0.000939575
0.000939557
0.000939544
0.000939538
0.000939537
0.000939538
0.000939537
0.000939528
0.000939506
0.000939471
0.000939422
0.000939364
0.000939303
0.000939242
0.000939188
0.000939144
0.000939113
0.000939097
0.000939093
0.000939098
0.000939109
0.000939121
0.000939132
0.000939139
0.000939143
0.000939147
0.000939153
0.000939163
0.000939178
0.000939198
0.000939222
0.000939249
0.000939281
0.000939316
0.000939356
0.000939399
0.000939443
0.000939488
0.000939533
0.000939576
0.000939618
0.000939659
0.000939698
0.000939736
0.000939772
0.000939803
0.00093983
0.000939852
0.000939868
0.00093988
0.000939887
0.000939889
0.000939887
0.000939883
0.000939877
0.000939869
0.000939862
0.000939854
0.000939846
0.000939838
0.00093983
0.000939821
0.000939814
0.000939806
0.000939799
0.000939793
0.000939787
0.000939781
0.000939777
0.000939772
0.000939769
0.000939765
0.000939762
0.00093976
0.000939757
0.000939755
0.000939753
0.000939751
0.00093975
0.000939748
0.000939747
0.000939746
0.000939745
0.000939744
0.000939743
0.000939742
0.000939742
0.000939741
0.000939741
0.000939741
0.00093974
0.00093974
0.00093974
0.00093974
0.00093974
0.000939739
0.000939739
0.000939737
0.000966112
0.000966094
0.000966075
0.000966057
0.000966044
0.000966036
0.000966034
0.000966032
0.000966028
0.000966014
0.000965988
0.000965946
0.00096589
0.000965826
0.000965759
0.000965694
0.000965637
0.000965592
0.000965561
0.000965545
0.000965542
0.000965548
0.000965558
0.00096557
0.00096558
0.000965586
0.000965591
0.000965595
0.000965602
0.000965613
0.00096563
0.000965652
0.00096568
0.000965712
0.000965749
0.000965791
0.000965837
0.000965886
0.000965937
0.000965989
0.00096604
0.00096609
0.000966139
0.000966185
0.000966231
0.000966273
0.000966313
0.000966348
0.000966377
0.000966401
0.000966419
0.000966432
0.00096644
0.000966442
0.000966441
0.000966438
0.000966432
0.000966425
0.000966418
0.00096641
0.000966402
0.000966393
0.000966384
0.000966376
0.000966367
0.00096636
0.000966352
0.000966346
0.000966339
0.000966334
0.000966329
0.000966325
0.000966321
0.000966318
0.000966315
0.000966312
0.00096631
0.000966308
0.000966306
0.000966304
0.000966302
0.000966301
0.0009663
0.000966299
0.000966298
0.000966297
0.000966296
0.000966295
0.000966295
0.000966294
0.000966294
0.000966294
0.000966293
0.000966293
0.000966293
0.000966293
0.000966293
0.000966293
0.000966293
0.000966291
0.000989146
0.000989128
0.000989109
0.000989091
0.000989077
0.000989068
0.000989063
0.000989058
0.000989049
0.000989031
0.000988999
0.000988951
0.00098889
0.00098882
0.000988748
0.00098868
0.000988621
0.000988574
0.000988543
0.000988528
0.000988526
0.000988532
0.000988543
0.000988554
0.000988563
0.000988569
0.000988574
0.000988578
0.000988586
0.000988599
0.000988618
0.000988644
0.000988676
0.000988713
0.000988756
0.000988804
0.000988856
0.000988912
0.00098897
0.000989028
0.000989086
0.000989142
0.000989197
0.00098925
0.000989301
0.000989349
0.000989392
0.00098943
0.000989463
0.000989489
0.000989508
0.000989522
0.000989531
0.000989535
0.000989534
0.000989531
0.000989526
0.00098952
0.000989512
0.000989504
0.000989496
0.000989487
0.000989477
0.000989468
0.00098946
0.000989452
0.000989444
0.000989437
0.000989431
0.000989425
0.00098942
0.000989416
0.000989412
0.000989409
0.000989406
0.000989403
0.000989401
0.000989399
0.000989397
0.000989396
0.000989394
0.000989393
0.000989392
0.000989391
0.00098939
0.000989389
0.000989388
0.000989388
0.000989387
0.000989387
0.000989386
0.000989386
0.000989386
0.000989386
0.000989387
0.000989387
0.000989387
0.000989387
0.000989387
0.000989385
0.00100895
0.00100893
0.00100892
0.0010089
0.00100888
0.00100887
0.00100886
0.00100885
0.00100884
0.00100882
0.00100878
0.00100873
0.00100866
0.00100859
0.00100851
0.00100844
0.00100838
0.00100833
0.0010083
0.00100829
0.00100828
0.00100829
0.0010083
0.00100831
0.00100832
0.00100833
0.00100833
0.00100834
0.00100835
0.00100836
0.00100838
0.00100841
0.00100845
0.00100849
0.00100854
0.00100859
0.00100865
0.00100872
0.00100878
0.00100884
0.00100891
0.00100897
0.00100903
0.00100909
0.00100915
0.0010092
0.00100925
0.00100929
0.00100932
0.00100935
0.00100937
0.00100939
0.0010094
0.0010094
0.0010094
0.0010094
0.0010094
0.00100939
0.00100938
0.00100937
0.00100936
0.00100936
0.00100935
0.00100934
0.00100933
0.00100932
0.00100931
0.0010093
0.0010093
0.00100929
0.00100929
0.00100928
0.00100928
0.00100928
0.00100927
0.00100927
0.00100927
0.00100927
0.00100926
0.00100926
0.00100926
0.00100926
0.00100926
0.00100926
0.00100926
0.00100926
0.00100926
0.00100926
0.00100926
0.00100926
0.00100926
0.00100926
0.00100926
0.00100926
0.00100926
0.00100926
0.00100926
0.00100926
0.00100926
0.00100926
0.00102575
0.00102574
0.00102572
0.0010257
0.00102568
0.00102567
0.00102566
0.00102564
0.00102563
0.0010256
0.00102555
0.0010255
0.00102542
0.00102535
0.00102527
0.00102519
0.00102513
0.00102509
0.00102506
0.00102504
0.00102504
0.00102505
0.00102506
0.00102507
0.00102508
0.00102508
0.00102509
0.0010251
0.00102511
0.00102512
0.00102515
0.00102518
0.00102522
0.00102527
0.00102532
0.00102538
0.00102545
0.00102552
0.00102559
0.00102566
0.00102573
0.0010258
0.00102586
0.00102593
0.00102599
0.00102605
0.0010261
0.00102614
0.00102618
0.00102621
0.00102624
0.00102625
0.00102626
0.00102627
0.00102627
0.00102627
0.00102626
0.00102626
0.00102625
0.00102624
0.00102623
0.00102622
0.00102621
0.0010262
0.00102619
0.00102618
0.00102617
0.00102617
0.00102616
0.00102616
0.00102615
0.00102615
0.00102614
0.00102614
0.00102614
0.00102614
0.00102613
0.00102613
0.00102613
0.00102613
0.00102613
0.00102613
0.00102613
0.00102613
0.00102612
0.00102612
0.00102612
0.00102612
0.00102612
0.00102612
0.00102612
0.00102612
0.00102612
0.00102612
0.00102612
0.00102612
0.00102613
0.00102613
0.00102613
0.00102612
0.00103976
0.00103974
0.00103972
0.0010397
0.00103969
0.00103967
0.00103965
0.00103964
0.00103961
0.00103958
0.00103953
0.00103947
0.00103939
0.00103931
0.00103923
0.00103916
0.0010391
0.00103905
0.00103902
0.00103901
0.00103901
0.00103901
0.00103902
0.00103903
0.00103904
0.00103905
0.00103905
0.00103906
0.00103907
0.00103909
0.00103912
0.00103916
0.0010392
0.00103926
0.00103932
0.00103938
0.00103945
0.00103953
0.0010396
0.00103968
0.00103975
0.00103983
0.0010399
0.00103997
0.00104004
0.0010401
0.00104016
0.0010402
0.00104024
0.00104028
0.0010403
0.00104032
0.00104033
0.00104034
0.00104034
0.00104034
0.00104033
0.00104033
0.00104032
0.00104031
0.0010403
0.00104029
0.00104028
0.00104027
0.00104026
0.00104025
0.00104024
0.00104023
0.00104023
0.00104022
0.00104022
0.00104021
0.00104021
0.00104021
0.0010402
0.0010402
0.0010402
0.0010402
0.0010402
0.0010402
0.0010402
0.00104019
0.00104019
0.00104019
0.00104019
0.00104019
0.00104019
0.00104019
0.00104019
0.00104019
0.00104019
0.00104019
0.00104019
0.00104019
0.00104019
0.00104019
0.0010402
0.0010402
0.0010402
0.00104019
0.00105115
0.00105114
0.00105112
0.0010511
0.00105108
0.00105106
0.00105104
0.00105102
0.00105099
0.00105095
0.0010509
0.00105083
0.00105075
0.00105067
0.00105059
0.00105051
0.00105045
0.00105041
0.00105038
0.00105037
0.00105036
0.00105037
0.00105038
0.00105039
0.0010504
0.0010504
0.00105041
0.00105042
0.00105043
0.00105046
0.00105049
0.00105053
0.00105058
0.00105064
0.0010507
0.00105077
0.00105085
0.00105093
0.001051
0.00105109
0.00105117
0.00105125
0.00105132
0.0010514
0.00105147
0.00105154
0.0010516
0.00105165
0.00105169
0.00105172
0.00105175
0.00105177
0.00105178
0.00105179
0.00105179
0.00105179
0.00105178
0.00105178
0.00105177
0.00105176
0.00105175
0.00105174
0.00105173
0.00105172
0.00105171
0.0010517
0.00105169
0.00105168
0.00105168
0.00105167
0.00105167
0.00105166
0.00105166
0.00105166
0.00105165
0.00105165
0.00105165
0.00105165
0.00105165
0.00105165
0.00105165
0.00105165
0.00105165
0.00105164
0.00105164
0.00105164
0.00105164
0.00105164
0.00105164
0.00105164
0.00105164
0.00105165
0.00105165
0.00105165
0.00105165
0.00105165
0.00105165
0.00105165
0.00105165
0.00105165
0.00106009
0.00106008
0.00106006
0.00106004
0.00106002
0.00105999
0.00105997
0.00105994
0.00105991
0.00105987
0.00105981
0.00105974
0.00105966
0.00105958
0.00105949
0.00105942
0.00105936
0.00105932
0.00105929
0.00105928
0.00105928
0.00105928
0.00105929
0.0010593
0.00105931
0.00105932
0.00105932
0.00105933
0.00105935
0.00105938
0.00105941
0.00105945
0.00105951
0.00105957
0.00105964
0.00105971
0.00105979
0.00105987
0.00105996
0.00106004
0.00106012
0.00106021
0.00106029
0.00106037
0.00106045
0.00106052
0.00106058
0.00106063
0.00106068
0.00106071
0.00106074
0.00106076
0.00106077
0.00106078
0.00106078
0.00106078
0.00106078
0.00106077
0.00106076
0.00106075
0.00106074
0.00106073
0.00106072
0.00106071
0.0010607
0.00106069
0.00106068
0.00106067
0.00106067
0.00106066
0.00106066
0.00106065
0.00106065
0.00106065
0.00106065
0.00106064
0.00106064
0.00106064
0.00106064
0.00106064
0.00106064
0.00106064
0.00106064
0.00106064
0.00106064
0.00106064
0.00106064
0.00106064
0.00106064
0.00106064
0.00106064
0.00106064
0.00106064
0.00106064
0.00106064
0.00106064
0.00106065
0.00106065
0.00106065
0.00106065
0.00106671
0.0010667
0.00106668
0.00106666
0.00106663
0.00106661
0.00106658
0.00106655
0.00106652
0.00106647
0.00106641
0.00106634
0.00106626
0.00106617
0.00106609
0.00106602
0.00106596
0.00106591
0.00106589
0.00106588
0.00106588
0.00106588
0.00106589
0.0010659
0.00106591
0.00106591
0.00106592
0.00106594
0.00106595
0.00106598
0.00106602
0.00106606
0.00106612
0.00106618
0.00106625
0.00106633
0.00106641
0.0010665
0.00106659
0.00106667
0.00106676
0.00106685
0.00106693
0.00106701
0.00106709
0.00106717
0.00106723
0.00106729
0.00106734
0.00106738
0.00106741
0.00106743
0.00106744
0.00106745
0.00106745
0.00106745
0.00106744
0.00106744
0.00106743
0.00106742
0.00106741
0.00106739
0.00106738
0.00106737
0.00106736
0.00106735
0.00106734
0.00106733
0.00106733
0.00106732
0.00106732
0.00106731
0.00106731
0.00106731
0.00106731
0.00106731
0.00106731
0.0010673
0.0010673
0.0010673
0.0010673
0.0010673
0.0010673
0.0010673
0.0010673
0.0010673
0.0010673
0.0010673
0.0010673
0.0010673
0.0010673
0.00106731
0.00106731
0.00106731
0.00106731
0.00106731
0.00106731
0.00106731
0.00106731
0.00106731
0.00107112
0.0010711
0.00107108
0.00107106
0.00107103
0.00107101
0.00107098
0.00107095
0.00107091
0.00107086
0.0010708
0.00107072
0.00107064
0.00107055
0.00107047
0.0010704
0.00107034
0.0010703
0.00107027
0.00107026
0.00107026
0.00107027
0.00107028
0.00107028
0.00107029
0.0010703
0.00107031
0.00107033
0.00107035
0.00107037
0.00107041
0.00107046
0.00107051
0.00107058
0.00107065
0.00107073
0.00107082
0.0010709
0.00107099
0.00107108
0.00107117
0.00107126
0.00107135
0.00107143
0.00107151
0.00107159
0.00107166
0.00107172
0.00107177
0.00107181
0.00107184
0.00107186
0.00107187
0.00107188
0.00107188
0.00107188
0.00107188
0.00107187
0.00107186
0.00107185
0.00107184
0.00107182
0.00107181
0.0010718
0.00107179
0.00107178
0.00107177
0.00107177
0.00107176
0.00107175
0.00107175
0.00107175
0.00107174
0.00107174
0.00107174
0.00107174
0.00107174
0.00107174
0.00107174
0.00107173
0.00107173
0.00107173
0.00107173
0.00107173
0.00107173
0.00107173
0.00107173
0.00107174
0.00107174
0.00107174
0.00107174
0.00107174
0.00107174
0.00107174
0.00107174
0.00107174
0.00107174
0.00107175
0.00107175
0.00107174
0.00107336
0.00107335
0.00107333
0.00107331
0.00107328
0.00107325
0.00107322
0.00107319
0.00107315
0.00107309
0.00107303
0.00107296
0.00107287
0.00107279
0.00107271
0.00107263
0.00107258
0.00107254
0.00107251
0.0010725
0.0010725
0.00107251
0.00107252
0.00107252
0.00107253
0.00107254
0.00107255
0.00107257
0.00107259
0.00107262
0.00107266
0.0010727
0.00107276
0.00107282
0.0010729
0.00107298
0.00107306
0.00107315
0.00107324
0.00107333
0.00107342
0.00107351
0.0010736
0.00107368
0.00107377
0.00107384
0.00107392
0.00107398
0.00107403
0.00107407
0.0010741
0.00107413
0.00107414
0.00107414
0.00107415
0.00107414
0.00107414
0.00107413
0.00107412
0.00107411
0.0010741
0.00107409
0.00107408
0.00107406
0.00107405
0.00107404
0.00107404
0.00107403
0.00107402
0.00107402
0.00107401
0.00107401
0.00107401
0.001074
0.001074
0.001074
0.001074
0.001074
0.001074
0.001074
0.001074
0.001074
0.001074
0.001074
0.001074
0.001074
0.001074
0.001074
0.001074
0.001074
0.001074
0.001074
0.001074
0.00107401
0.00107401
0.00107401
0.00107401
0.00107401
0.00107401
0.00107401
0.00107349
0.00107348
0.00107346
0.00107343
0.00107341
0.00107338
0.00107335
0.00107331
0.00107327
0.00107322
0.00107316
0.00107308
0.001073
0.00107291
0.00107283
0.00107276
0.0010727
0.00107266
0.00107264
0.00107263
0.00107263
0.00107264
0.00107265
0.00107265
0.00107266
0.00107267
0.00107269
0.0010727
0.00107273
0.00107275
0.00107279
0.00107284
0.00107289
0.00107295
0.00107303
0.00107311
0.00107319
0.00107328
0.00107337
0.00107346
0.00107355
0.00107363
0.00107372
0.00107381
0.00107389
0.00107397
0.00107404
0.00107411
0.00107416
0.00107421
0.00107424
0.00107426
0.00107427
0.00107428
0.00107428
0.00107428
0.00107427
0.00107426
0.00107425
0.00107424
0.00107423
0.00107422
0.00107421
0.0010742
0.00107419
0.00107418
0.00107417
0.00107416
0.00107415
0.00107415
0.00107414
0.00107414
0.00107414
0.00107414
0.00107413
0.00107413
0.00107413
0.00107413
0.00107413
0.00107413
0.00107413
0.00107413
0.00107413
0.00107413
0.00107413
0.00107413
0.00107413
0.00107413
0.00107413
0.00107413
0.00107413
0.00107414
0.00107414
0.00107414
0.00107414
0.00107414
0.00107414
0.00107414
0.00107414
0.00107414
0.0010715
0.00107148
0.00107146
0.00107144
0.00107141
0.00107138
0.00107135
0.00107132
0.00107128
0.00107123
0.00107116
0.00107109
0.00107101
0.00107092
0.00107084
0.00107077
0.00107072
0.00107068
0.00107066
0.00107065
0.00107065
0.00107065
0.00107066
0.00107067
0.00107068
0.00107069
0.00107071
0.00107073
0.00107075
0.00107078
0.00107081
0.00107085
0.0010709
0.00107096
0.00107103
0.00107111
0.00107119
0.00107128
0.00107137
0.00107145
0.00107154
0.00107163
0.00107171
0.0010718
0.00107188
0.00107196
0.00107204
0.0010721
0.00107216
0.0010722
0.00107224
0.00107226
0.00107227
0.00107227
0.00107227
0.00107227
0.00107226
0.00107226
0.00107225
0.00107224
0.00107223
0.00107221
0.0010722
0.00107219
0.00107218
0.00107217
0.00107216
0.00107215
0.00107215
0.00107214
0.00107214
0.00107213
0.00107213
0.00107213
0.00107213
0.00107213
0.00107213
0.00107213
0.00107212
0.00107212
0.00107212
0.00107212
0.00107212
0.00107212
0.00107212
0.00107213
0.00107213
0.00107213
0.00107213
0.00107213
0.00107213
0.00107213
0.00107213
0.00107213
0.00107213
0.00107213
0.00107213
0.00107213
0.00107214
0.00107213
0.00106734
0.00106732
0.0010673
0.00106728
0.00106725
0.00106722
0.00106719
0.00106716
0.00106712
0.00106707
0.00106701
0.00106694
0.00106686
0.00106678
0.0010667
0.00106663
0.00106657
0.00106653
0.00106651
0.0010665
0.0010665
0.00106651
0.00106652
0.00106653
0.00106654
0.00106655
0.00106657
0.00106659
0.00106661
0.00106663
0.00106667
0.0010667
0.00106675
0.00106681
0.00106687
0.00106695
0.00106703
0.00106711
0.0010672
0.00106728
0.00106736
0.00106744
0.00106753
0.00106761
0.00106769
0.00106777
0.00106785
0.00106792
0.00106798
0.00106802
0.00106805
0.00106807
0.00106808
0.00106808
0.00106808
0.00106808
0.00106807
0.00106807
0.00106806
0.00106805
0.00106804
0.00106803
0.00106802
0.001068
0.00106799
0.00106798
0.00106798
0.00106797
0.00106796
0.00106796
0.00106795
0.00106795
0.00106795
0.00106794
0.00106794
0.00106794
0.00106794
0.00106794
0.00106794
0.00106794
0.00106794
0.00106794
0.00106794
0.00106794
0.00106794
0.00106794
0.00106794
0.00106794
0.00106794
0.00106794
0.00106794
0.00106794
0.00106794
0.00106794
0.00106794
0.00106795
0.00106795
0.00106795
0.00106795
0.00106794
0.00106093
0.00106092
0.0010609
0.00106088
0.00106085
0.00106082
0.00106079
0.00106076
0.00106072
0.00106068
0.00106062
0.00106055
0.00106048
0.00106039
0.00106031
0.00106025
0.00106019
0.00106015
0.00106013
0.00106012
0.00106012
0.00106013
0.00106014
0.00106015
0.00106016
0.00106018
0.00106019
0.00106021
0.00106024
0.00106026
0.00106029
0.00106032
0.00106036
0.00106041
0.00106047
0.00106054
0.00106062
0.0010607
0.00106078
0.00106086
0.00106094
0.00106102
0.00106109
0.00106117
0.00106125
0.00106133
0.00106141
0.00106148
0.00106154
0.00106158
0.00106161
0.00106163
0.00106164
0.00106164
0.00106164
0.00106164
0.00106163
0.00106162
0.00106162
0.00106161
0.0010616
0.00106159
0.00106158
0.00106156
0.00106155
0.00106154
0.00106154
0.00106153
0.00106152
0.00106152
0.00106151
0.00106151
0.00106151
0.0010615
0.0010615
0.0010615
0.0010615
0.0010615
0.0010615
0.0010615
0.0010615
0.0010615
0.0010615
0.0010615
0.0010615
0.0010615
0.0010615
0.0010615
0.0010615
0.0010615
0.0010615
0.0010615
0.0010615
0.0010615
0.0010615
0.0010615
0.0010615
0.0010615
0.0010615
0.0010615
0.00105218
0.00105217
0.00105215
0.00105213
0.0010521
0.00105207
0.00105205
0.00105202
0.00105198
0.00105194
0.00105189
0.00105182
0.00105175
0.00105167
0.00105159
0.00105152
0.00105147
0.00105143
0.00105141
0.0010514
0.0010514
0.0010514
0.00105141
0.00105143
0.00105144
0.00105146
0.00105148
0.0010515
0.00105152
0.00105154
0.00105156
0.00105159
0.00105163
0.00105167
0.00105173
0.00105179
0.00105186
0.00105194
0.00105202
0.00105209
0.00105216
0.00105223
0.00105231
0.00105238
0.00105246
0.00105254
0.00105261
0.00105268
0.00105274
0.00105279
0.00105282
0.00105283
0.00105284
0.00105284
0.00105284
0.00105283
0.00105283
0.00105282
0.00105282
0.00105281
0.0010528
0.00105279
0.00105278
0.00105277
0.00105276
0.00105275
0.00105274
0.00105273
0.00105272
0.00105272
0.00105271
0.00105271
0.00105271
0.0010527
0.0010527
0.0010527
0.0010527
0.0010527
0.0010527
0.0010527
0.0010527
0.0010527
0.0010527
0.0010527
0.0010527
0.0010527
0.0010527
0.0010527
0.0010527
0.0010527
0.0010527
0.0010527
0.0010527
0.0010527
0.0010527
0.0010527
0.0010527
0.0010527
0.0010527
0.0010527
0.00104095
0.00104093
0.00104091
0.00104089
0.00104087
0.00104084
0.00104082
0.00104079
0.00104076
0.00104072
0.00104067
0.00104061
0.00104054
0.00104046
0.00104039
0.00104032
0.00104026
0.00104023
0.0010402
0.00104019
0.00104019
0.0010402
0.00104021
0.00104022
0.00104024
0.00104026
0.00104028
0.0010403
0.00104032
0.00104034
0.00104036
0.00104038
0.00104041
0.00104045
0.0010405
0.00104056
0.00104062
0.00104069
0.00104076
0.00104083
0.0010409
0.00104097
0.00104103
0.0010411
0.00104118
0.00104125
0.00104133
0.0010414
0.00104145
0.0010415
0.00104153
0.00104154
0.00104155
0.00104155
0.00104154
0.00104154
0.00104153
0.00104153
0.00104152
0.00104151
0.0010415
0.00104149
0.00104148
0.00104147
0.00104146
0.00104146
0.00104145
0.00104144
0.00104143
0.00104143
0.00104142
0.00104142
0.00104142
0.00104141
0.00104141
0.00104141
0.00104141
0.00104141
0.0010414
0.0010414
0.0010414
0.0010414
0.0010414
0.0010414
0.0010414
0.0010414
0.0010414
0.0010414
0.0010414
0.0010414
0.0010414
0.0010414
0.0010414
0.0010414
0.00104141
0.00104141
0.00104141
0.00104141
0.0010414
0.0010414
0.00102706
0.00102704
0.00102703
0.001027
0.00102698
0.00102696
0.00102694
0.00102691
0.00102689
0.00102685
0.00102681
0.00102675
0.00102669
0.00102661
0.00102654
0.00102647
0.00102642
0.00102638
0.00102635
0.00102634
0.00102634
0.00102635
0.00102636
0.00102638
0.00102639
0.00102641
0.00102644
0.00102646
0.00102648
0.0010265
0.00102651
0.00102653
0.00102655
0.00102658
0.00102663
0.00102668
0.00102674
0.0010268
0.00102687
0.00102693
0.00102699
0.00102705
0.00102711
0.00102717
0.00102724
0.00102731
0.00102739
0.00102745
0.00102751
0.00102755
0.00102758
0.0010276
0.0010276
0.0010276
0.0010276
0.00102759
0.00102758
0.00102758
0.00102757
0.00102756
0.00102756
0.00102755
0.00102754
0.00102753
0.00102752
0.00102751
0.0010275
0.00102749
0.00102749
0.00102748
0.00102748
0.00102747
0.00102747
0.00102747
0.00102746
0.00102746
0.00102746
0.00102746
0.00102746
0.00102746
0.00102746
0.00102746
0.00102746
0.00102745
0.00102745
0.00102745
0.00102745
0.00102745
0.00102745
0.00102746
0.00102746
0.00102746
0.00102746
0.00102746
0.00102746
0.00102746
0.00102746
0.00102746
0.00102746
0.00102745
0.00101034
0.00101032
0.0010103
0.00101028
0.00101026
0.00101024
0.00101022
0.0010102
0.00101018
0.00101015
0.00101011
0.00101006
0.00101
0.00100993
0.00100985
0.00100979
0.00100974
0.0010097
0.00100967
0.00100966
0.00100966
0.00100967
0.00100968
0.00100969
0.00100971
0.00100974
0.00100976
0.00100978
0.0010098
0.00100982
0.00100983
0.00100984
0.00100986
0.00100988
0.00100992
0.00100997
0.00101002
0.00101008
0.00101013
0.00101019
0.00101024
0.00101029
0.00101035
0.00101041
0.00101047
0.00101054
0.00101061
0.00101067
0.00101073
0.00101077
0.0010108
0.00101081
0.00101081
0.00101081
0.00101081
0.0010108
0.0010108
0.00101079
0.00101078
0.00101078
0.00101077
0.00101076
0.00101075
0.00101074
0.00101073
0.00101073
0.00101072
0.00101071
0.0010107
0.0010107
0.00101069
0.00101069
0.00101069
0.00101068
0.00101068
0.00101068
0.00101068
0.00101067
0.00101067
0.00101067
0.00101067
0.00101067
0.00101067
0.00101067
0.00101067
0.00101067
0.00101067
0.00101067
0.00101067
0.00101067
0.00101067
0.00101067
0.00101067
0.00101067
0.00101067
0.00101067
0.00101067
0.00101067
0.00101067
0.00101066
0.000990576
0.000990557
0.000990539
0.000990518
0.000990497
0.000990477
0.000990459
0.000990442
0.000990425
0.000990401
0.000990367
0.000990321
0.000990264
0.000990198
0.000990131
0.000990069
0.000990017
0.000989979
0.000989955
0.000989942
0.000989939
0.000989943
0.000989953
0.000989967
0.000989988
0.000990013
0.00099004
0.000990064
0.000990083
0.000990097
0.000990107
0.000990115
0.000990127
0.000990147
0.000990176
0.000990215
0.00099026
0.00099031
0.00099036
0.000990409
0.000990456
0.000990502
0.000990549
0.000990601
0.00099066
0.000990723
0.000990789
0.00099085
0.000990902
0.000990941
0.000990967
0.00099098
0.000990984
0.000990982
0.000990976
0.00099097
0.000990964
0.000990958
0.000990952
0.000990945
0.000990938
0.00099093
0.000990922
0.000990913
0.000990905
0.000990897
0.000990889
0.000990882
0.000990876
0.00099087
0.000990865
0.000990861
0.000990857
0.000990854
0.000990851
0.000990849
0.000990847
0.000990845
0.000990844
0.000990842
0.000990841
0.000990841
0.00099084
0.000990839
0.000990839
0.000990839
0.000990838
0.000990838
0.000990838
0.000990838
0.000990838
0.000990838
0.000990838
0.000990838
0.000990838
0.000990838
0.000990837
0.000990837
0.000990836
0.000990833
0.000967543
0.000967525
0.000967507
0.000967487
0.000967467
0.000967447
0.00096743
0.000967417
0.000967403
0.000967384
0.000967356
0.000967315
0.000967264
0.000967203
0.00096714
0.000967082
0.000967032
0.000966996
0.000966971
0.000966957
0.000966953
0.000966955
0.000966963
0.000966977
0.000966998
0.000967024
0.000967053
0.000967078
0.000967098
0.000967111
0.000967119
0.000967124
0.000967132
0.000967146
0.000967169
0.000967201
0.000967239
0.000967282
0.000967326
0.000967368
0.000967408
0.000967447
0.000967487
0.000967533
0.000967586
0.000967644
0.000967705
0.000967763
0.000967812
0.000967849
0.000967872
0.000967884
0.000967888
0.000967885
0.00096788
0.000967874
0.000967868
0.000967862
0.000967855
0.000967849
0.000967842
0.000967835
0.000967827
0.000967819
0.00096781
0.000967803
0.000967795
0.000967789
0.000967782
0.000967777
0.000967772
0.000967768
0.000967764
0.000967761
0.000967758
0.000967756
0.000967754
0.000967752
0.00096775
0.000967749
0.000967748
0.000967747
0.000967746
0.000967746
0.000967745
0.000967745
0.000967744
0.000967744
0.000967744
0.000967744
0.000967743
0.000967743
0.000967743
0.000967743
0.000967743
0.000967743
0.000967742
0.000967742
0.000967741
0.000967739
0.000941007
0.000940989
0.000940972
0.000940952
0.000940932
0.000940913
0.000940898
0.000940887
0.000940877
0.000940862
0.000940839
0.000940804
0.000940758
0.000940704
0.000940647
0.000940592
0.000940546
0.000940511
0.000940486
0.000940472
0.000940466
0.000940465
0.000940471
0.000940484
0.000940505
0.000940532
0.000940561
0.000940588
0.000940608
0.000940621
0.000940628
0.000940631
0.000940636
0.000940645
0.000940663
0.000940688
0.00094072
0.000940756
0.000940793
0.000940829
0.000940862
0.000940894
0.000940927
0.000940967
0.000941014
0.000941067
0.000941122
0.000941176
0.000941221
0.000941256
0.000941278
0.000941289
0.000941291
0.000941289
0.000941284
0.000941278
0.000941272
0.000941266
0.000941259
0.000941253
0.000941246
0.000941239
0.000941232
0.000941224
0.000941216
0.000941209
0.000941202
0.000941196
0.00094119
0.000941184
0.00094118
0.000941175
0.000941172
0.000941169
0.000941166
0.000941163
0.000941161
0.000941159
0.000941158
0.000941157
0.000941156
0.000941155
0.000941154
0.000941153
0.000941153
0.000941152
0.000941152
0.000941151
0.000941151
0.000941151
0.00094115
0.00094115
0.00094115
0.00094115
0.00094115
0.000941149
0.000941149
0.000941149
0.000941148
0.000941146
0.000910721
0.000910704
0.000910686
0.000910667
0.000910647
0.000910629
0.000910614
0.000910606
0.000910598
0.000910587
0.000910569
0.00091054
0.000910501
0.000910453
0.000910401
0.000910352
0.000910309
0.000910277
0.000910253
0.000910238
0.00091023
0.000910228
0.000910231
0.000910242
0.000910261
0.000910288
0.000910318
0.000910345
0.000910366
0.000910379
0.000910386
0.000910389
0.000910391
0.000910397
0.00091041
0.00091043
0.000910456
0.000910485
0.000910516
0.000910544
0.000910571
0.000910596
0.000910623
0.000910657
0.000910698
0.000910745
0.000910795
0.000910844
0.000910886
0.000910917
0.000910937
0.000910947
0.00091095
0.000910947
0.000910943
0.000910937
0.000910931
0.000910925
0.000910919
0.000910912
0.000910906
0.000910899
0.000910892
0.000910884
0.000910877
0.00091087
0.000910864
0.000910858
0.000910852
0.000910847
0.000910842
0.000910838
0.000910835
0.000910832
0.000910829
0.000910827
0.000910824
0.000910823
0.000910821
0.00091082
0.000910819
0.000910818
0.000910817
0.000910817
0.000910816
0.000910815
0.000910815
0.000910814
0.000910814
0.000910814
0.000910813
0.000910813
0.000910813
0.000910813
0.000910812
0.000910812
0.000910812
0.000910812
0.000910811
0.000910809
0.000876428
0.000876412
0.000876395
0.000876375
0.000876355
0.000876337
0.000876324
0.000876317
0.000876312
0.000876304
0.00087629
0.000876267
0.000876234
0.000876193
0.000876148
0.000876104
0.000876066
0.000876037
0.000876015
0.000876
0.00087599
0.000875985
0.000875986
0.000875994
0.000876012
0.000876038
0.000876067
0.000876094
0.000876115
0.00087613
0.000876137
0.000876139
0.00087614
0.000876143
0.000876153
0.000876168
0.000876188
0.000876213
0.000876237
0.000876259
0.000876279
0.000876298
0.000876319
0.000876347
0.000876383
0.000876424
0.000876469
0.000876512
0.00087655
0.000876579
0.000876597
0.000876605
0.000876607
0.000876605
0.000876601
0.000876596
0.000876591
0.000876585
0.000876579
0.000876572
0.000876566
0.000876559
0.000876552
0.000876545
0.000876539
0.000876532
0.000876526
0.00087652
0.000876515
0.00087651
0.000876506
0.000876502
0.000876499
0.000876496
0.000876493
0.000876491
0.000876489
0.000876487
0.000876486
0.000876485
0.000876484
0.000876483
0.000876482
0.000876482
0.000876481
0.00087648
0.00087648
0.000876479
0.000876479
0.000876479
0.000876478
0.000876478
0.000876478
0.000876477
0.000876477
0.000876477
0.000876477
0.000876476
0.000876476
0.000876475
0.000837866
0.00083785
0.000837834
0.000837814
0.000837794
0.000837776
0.000837763
0.000837758
0.000837755
0.000837749
0.000837739
0.000837721
0.000837695
0.00083766
0.000837622
0.000837584
0.000837551
0.000837526
0.000837506
0.000837491
0.000837481
0.000837474
0.000837472
0.000837478
0.000837492
0.000837516
0.000837545
0.000837571
0.000837592
0.000837607
0.000837615
0.000837619
0.000837619
0.00083762
0.000837626
0.000837638
0.000837654
0.000837674
0.000837693
0.000837709
0.000837723
0.000837736
0.000837751
0.000837774
0.000837804
0.00083784
0.000837879
0.000837918
0.000837952
0.000837977
0.000837993
0.000838001
0.000838002
0.000838
0.000837997
0.000837992
0.000837988
0.000837982
0.000837976
0.00083797
0.000837964
0.000837957
0.000837951
0.000837944
0.000837938
0.000837932
0.000837926
0.000837921
0.000837916
0.000837912
0.000837908
0.000837904
0.000837901
0.000837899
0.000837896
0.000837894
0.000837892
0.000837891
0.000837889
0.000837888
0.000837887
0.000837887
0.000837886
0.000837885
0.000837885
0.000837884
0.000837884
0.000837883
0.000837883
0.000837883
0.000837882
0.000837882
0.000837882
0.000837881
0.000837881
0.000837881
0.000837881
0.00083788
0.00083788
0.000837879
0.000794762
0.000794747
0.000794731
0.000794711
0.00079469
0.000794673
0.00079466
0.000794656
0.000794654
0.000794651
0.000794644
0.00079463
0.00079461
0.000794583
0.000794551
0.00079452
0.000794492
0.000794471
0.000794454
0.00079444
0.000794429
0.00079442
0.000794416
0.000794419
0.000794431
0.000794452
0.000794478
0.000794503
0.000794523
0.000794539
0.000794548
0.000794553
0.000794553
0.000794553
0.000794557
0.000794566
0.000794579
0.000794596
0.000794611
0.000794621
0.000794629
0.000794636
0.000794646
0.000794664
0.000794689
0.00079472
0.000794754
0.000794788
0.000794819
0.000794841
0.000794855
0.000794861
0.000794862
0.000794861
0.000794858
0.000794854
0.00079485
0.000794845
0.00079484
0.000794834
0.000794828
0.000794821
0.000794815
0.000794809
0.000794804
0.000794798
0.000794793
0.000794788
0.000794784
0.00079478
0.000794777
0.000794773
0.00079477
0.000794768
0.000794766
0.000794764
0.000794762
0.000794761
0.00079476
0.000794759
0.000794758
0.000794757
0.000794757
0.000794756
0.000794756
0.000794755
0.000794755
0.000794755
0.000794754
0.000794754
0.000794753
0.000794753
0.000794753
0.000794752
0.000794752
0.000794752
0.000794752
0.000794752
0.000794751
0.00079475
0.000746834
0.00074682
0.000746803
0.000746783
0.000746762
0.000746745
0.000746733
0.000746729
0.000746729
0.000746727
0.000746722
0.000746714
0.000746699
0.000746679
0.000746654
0.000746628
0.000746606
0.000746589
0.000746575
0.000746562
0.000746551
0.000746541
0.000746535
0.000746535
0.000746544
0.000746563
0.000746585
0.000746607
0.000746627
0.000746643
0.000746653
0.00074666
0.00074666
0.000746659
0.000746661
0.000746668
0.000746679
0.000746694
0.000746705
0.000746711
0.000746714
0.000746716
0.000746721
0.000746734
0.000746755
0.000746781
0.00074681
0.000746841
0.000746868
0.000746888
0.0007469
0.000746905
0.000746906
0.000746904
0.000746901
0.000746899
0.000746895
0.000746892
0.000746887
0.000746882
0.000746876
0.00074687
0.000746864
0.000746859
0.000746853
0.000746849
0.000746844
0.00074684
0.000746836
0.000746833
0.000746829
0.000746827
0.000746824
0.000746822
0.00074682
0.000746818
0.000746817
0.000746816
0.000746815
0.000746814
0.000746813
0.000746813
0.000746812
0.000746812
0.000746812
0.000746811
0.000746811
0.000746811
0.00074681
0.00074681
0.000746809
0.000746809
0.000746809
0.000746809
0.000746808
0.000746808
0.000746808
0.000746808
0.000746808
0.000746807
0.000693788
0.000693773
0.000693757
0.000693736
0.000693715
0.000693698
0.000693687
0.000693684
0.000693684
0.000693683
0.000693681
0.000693677
0.000693668
0.000693653
0.000693635
0.000693615
0.000693598
0.000693586
0.000693573
0.000693561
0.000693551
0.00069354
0.000693533
0.000693531
0.000693537
0.000693553
0.000693572
0.000693591
0.000693608
0.000693624
0.000693636
0.000693644
0.000693644
0.000693641
0.000693642
0.000693648
0.000693658
0.000693672
0.000693681
0.000693683
0.000693681
0.000693679
0.00069368
0.00069369
0.000693706
0.000693728
0.000693753
0.000693781
0.000693806
0.000693824
0.000693835
0.000693838
0.000693838
0.000693836
0.000693834
0.000693831
0.000693829
0.000693826
0.000693823
0.000693818
0.000693813
0.000693807
0.000693802
0.000693797
0.000693792
0.000693788
0.000693784
0.000693781
0.000693777
0.000693774
0.000693772
0.000693769
0.000693767
0.000693765
0.000693764
0.000693762
0.000693761
0.00069376
0.000693759
0.000693759
0.000693758
0.000693758
0.000693758
0.000693757
0.000693757
0.000693757
0.000693757
0.000693756
0.000693756
0.000693756
0.000693755
0.000693755
0.000693755
0.000693755
0.000693754
0.000693754
0.000693754
0.000693754
0.000693754
0.000693753
0.000635315
0.0006353
0.000635283
0.000635262
0.000635241
0.000635225
0.000635215
0.000635213
0.000635214
0.000635214
0.000635214
0.000635214
0.00063521
0.000635201
0.000635188
0.000635174
0.000635161
0.000635152
0.000635141
0.000635128
0.000635118
0.000635108
0.0006351
0.000635098
0.000635102
0.000635114
0.000635129
0.000635145
0.000635161
0.000635177
0.00063519
0.000635199
0.000635198
0.000635192
0.000635191
0.000635197
0.000635208
0.000635222
0.000635229
0.000635227
0.000635222
0.000635216
0.000635214
0.000635221
0.000635234
0.000635252
0.000635274
0.0006353
0.000635323
0.00063534
0.000635349
0.000635352
0.000635352
0.000635349
0.000635346
0.000635344
0.000635343
0.000635341
0.000635338
0.000635335
0.000635331
0.000635326
0.000635321
0.000635317
0.000635313
0.000635309
0.000635306
0.000635303
0.0006353
0.000635297
0.000635295
0.000635293
0.000635292
0.00063529
0.000635289
0.000635288
0.000635287
0.000635286
0.000635285
0.000635285
0.000635284
0.000635284
0.000635284
0.000635284
0.000635284
0.000635284
0.000635283
0.000635283
0.000635283
0.000635283
0.000635283
0.000635282
0.000635282
0.000635282
0.000635282
0.000635281
0.000635281
0.000635281
0.000635281
0.00063528
0.0005711
0.000571082
0.000571064
0.000571042
0.000571021
0.000571008
0.000571
0.000570999
0.000570999
0.000571002
0.000571005
0.000571009
0.00057101
0.000571007
0.000570998
0.000570988
0.000570979
0.000570974
0.000570962
0.000570946
0.000570935
0.000570925
0.000570917
0.000570916
0.000570919
0.000570929
0.00057094
0.000570955
0.00057097
0.000570986
0.000570999
0.000571008
0.000571005
0.000570994
0.000570992
0.000570998
0.00057101
0.000571025
0.00057103
0.000571024
0.000571014
0.000571008
0.000571006
0.00057101
0.000571019
0.000571035
0.000571056
0.00057108
0.000571102
0.000571118
0.000571127
0.00057113
0.000571129
0.000571126
0.000571123
0.000571121
0.00057112
0.000571119
0.000571117
0.000571114
0.000571111
0.000571107
0.000571103
0.0005711
0.000571096
0.000571093
0.00057109
0.000571088
0.000571086
0.000571084
0.000571082
0.000571081
0.000571079
0.000571078
0.000571077
0.000571076
0.000571076
0.000571075
0.000571075
0.000571074
0.000571074
0.000571074
0.000571074
0.000571074
0.000571074
0.000571074
0.000571074
0.000571074
0.000571073
0.000571073
0.000571073
0.000571073
0.000571073
0.000571072
0.000571072
0.000571072
0.000571072
0.000571072
0.000571071
0.00057107
0.000500834
0.000500807
0.000500784
0.000500765
0.000500742
0.00050074
0.000500736
0.000500737
0.000500731
0.000500742
0.00050075
0.000500758
0.000500763
0.000500764
0.000500759
0.000500753
0.000500747
0.000500743
0.000500728
0.000500703
0.000500686
0.000500679
0.000500668
0.000500678
0.000500684
0.000500692
0.000500693
0.000500712
0.000500728
0.000500744
0.000500758
0.000500767
0.000500759
0.000500738
0.000500729
0.000500737
0.000500751
0.000500767
0.000500768
0.000500761
0.000500745
0.000500747
0.000500747
0.000500751
0.00050075
0.00050077
0.000500791
0.000500815
0.000500836
0.000500852
0.00050086
0.000500863
0.000500861
0.000500858
0.000500855
0.000500853
0.000500852
0.000500851
0.00050085
0.000500848
0.000500846
0.000500843
0.00050084
0.000500837
0.000500835
0.000500832
0.00050083
0.000500828
0.000500827
0.000500825
0.000500824
0.000500823
0.000500822
0.000500821
0.00050082
0.00050082
0.000500819
0.000500819
0.000500819
0.000500818
0.000500818
0.000500818
0.000500818
0.000500818
0.000500818
0.000500818
0.000500818
0.000500818
0.000500818
0.000500818
0.000500818
0.000500818
0.000500817
0.000500817
0.000500817
0.000500817
0.000500817
0.000500817
0.000500816
0.000500815
0.000424264
0.000424218
0.000424171
0.000424172
0.000424145
0.000424185
0.0004242
0.000424204
0.00042415
0.000424178
0.000424196
0.000424209
0.000424218
0.000424222
0.00042422
0.000424216
0.000424212
0.000424209
0.000424187
0.000424143
0.000424099
0.000424111
0.000424096
0.000424146
0.00042417
0.000424178
0.000424128
0.000424162
0.000424184
0.000424202
0.000424216
0.000424225
0.000424209
0.000424167
0.000424133
0.000424143
0.00042416
0.000424175
0.000424171
0.000424179
0.000424155
0.000424197
0.000424214
0.000424218
0.000424167
0.000424201
0.000424229
0.000424253
0.000424273
0.000424288
0.000424296
0.000424298
0.000424297
0.000424293
0.00042429
0.000424288
0.000424286
0.000424286
0.000424285
0.000424285
0.000424283
0.000424282
0.00042428
0.000424277
0.000424275
0.000424274
0.000424272
0.000424271
0.00042427
0.000424269
0.000424268
0.000424267
0.000424266
0.000424266
0.000424265
0.000424265
0.000424265
0.000424264
0.000424264
0.000424264
0.000424264
0.000424264
0.000424264
0.000424264
0.000424264
0.000424264
0.000424264
0.000424264
0.000424264
0.000424264
0.000424264
0.000424264
0.000424264
0.000424264
0.000424263
0.000424263
0.000424263
0.000424263
0.000424262
0.00042426
0.000341293
0.000341241
0.000341113
0.000341216
0.000341202
0.000341385
0.000341462
0.000341479
0.000341152
0.000341201
0.000341236
0.000341256
0.000341267
0.000341272
0.000341272
0.000341269
0.000341266
0.000341263
0.000341229
0.000341198
0.000341066
0.000341177
0.000341173
0.000341363
0.000341446
0.000341465
0.000341141
0.000341192
0.00034123
0.000341252
0.000341266
0.000341273
0.000341243
0.000341214
0.000341096
0.000341095
0.000341113
0.000341128
0.000341114
0.00034123
0.000341215
0.000341397
0.000341474
0.000341491
0.000341164
0.000341216
0.000341258
0.000341285
0.000341304
0.000341316
0.000341323
0.000341325
0.000341324
0.000341321
0.000341319
0.000341316
0.000341315
0.000341314
0.000341314
0.000341313
0.000341313
0.000341312
0.000341311
0.000341309
0.000341308
0.000341307
0.000341306
0.000341305
0.000341304
0.000341304
0.000341303
0.000341303
0.000341302
0.000341302
0.000341302
0.000341302
0.000341301
0.000341301
0.000341301
0.000341301
0.000341301
0.000341301
0.000341301
0.000341301
0.000341301
0.000341301
0.000341301
0.000341301
0.000341301
0.000341301
0.000341301
0.000341301
0.000341301
0.000341301
0.000341301
0.000341301
0.000341301
0.0003413
0.000341299
0.000341297
0.000252129
0.000252386
0.000252101
0.000252618
0.000252708
0.000253294
0.000253523
0.000253577
0.000251975
0.000251933
0.000251973
0.000251997
0.000252008
0.000252012
0.000252012
0.000252011
0.000252008
0.000252005
0.000251949
0.000252362
0.000252077
0.000252598
0.000252693
0.000253283
0.000253515
0.000253569
0.000251968
0.000251928
0.000251969
0.000251993
0.000252006
0.000252009
0.000251957
0.000252372
0.000252104
0.000252066
0.000252076
0.000252088
0.000252061
0.000252626
0.000252718
0.000253303
0.000253532
0.000253584
0.000251982
0.000251941
0.000251984
0.000252012
0.000252028
0.000252037
0.000252041
0.000252043
0.000252042
0.00025204
0.000252038
0.000252036
0.000252035
0.000252034
0.000252034
0.000252034
0.000252034
0.000252034
0.000252033
0.000252033
0.000252032
0.000252031
0.000252031
0.00025203
0.00025203
0.00025203
0.000252029
0.000252029
0.000252029
0.000252029
0.000252029
0.000252028
0.000252028
0.000252028
0.000252028
0.000252028
0.000252028
0.000252028
0.000252028
0.000252028
0.000252028
0.000252028
0.000252028
0.000252028
0.000252028
0.000252028
0.000252028
0.000252028
0.000252028
0.000252028
0.000252028
0.000252028
0.000252028
0.000252027
0.000252026
0.000252023
0.000157802
0.000160264
0.000160264
0.000162073
0.000162361
0.00016373
0.000164099
0.000164186
0.000157768
0.000157095
0.000157036
0.000157039
0.000157044
0.000157045
0.000157044
0.000157043
0.000157041
0.000157038
0.000156971
0.000160162
0.000160245
0.000162066
0.000162357
0.000163724
0.000164093
0.00016418
0.000157763
0.000157091
0.000157032
0.000157035
0.00015704
0.00015704
0.000156974
0.000160168
0.000160266
0.000160281
0.000160295
0.000160301
0.000160269
0.000162083
0.000162367
0.000163733
0.000164102
0.000164189
0.000157769
0.000157096
0.000157039
0.000157043
0.00015705
0.000157053
0.000157055
0.000157056
0.000157056
0.000157055
0.000157054
0.000157053
0.000157053
0.000157052
0.000157052
0.000157052
0.000157052
0.000157052
0.000157052
0.000157051
0.000157051
0.000157051
0.000157051
0.000157051
0.000157051
0.00015705
0.00015705
0.00015705
0.00015705
0.00015705
0.00015705
0.00015705
0.00015705
0.00015705
0.00015705
0.00015705
0.00015705
0.00015705
0.00015705
0.00015705
0.00015705
0.00015705
0.00015705
0.00015705
0.00015705
0.00015705
0.00015705
0.00015705
0.00015705
0.00015705
0.00015705
0.00015705
0.00015705
0.000157049
0.000157048
0.000157045
6.59818e-05
7.26477e-05
7.22668e-05
7.55257e-05
7.56254e-05
7.8488e-05
7.88619e-05
7.89177e-05
6.59425e-05
6.55769e-05
6.55625e-05
6.55649e-05
6.55665e-05
6.55675e-05
6.55684e-05
6.55692e-05
6.55697e-05
6.55698e-05
6.55692e-05
7.26451e-05
7.22679e-05
7.55233e-05
7.56215e-05
7.84788e-05
7.88512e-05
7.89066e-05
6.59406e-05
6.55753e-05
6.55615e-05
6.55643e-05
6.5566e-05
6.55667e-05
6.55666e-05
7.26427e-05
7.22606e-05
7.22217e-05
7.22217e-05
7.22236e-05
7.22317e-05
7.55261e-05
7.56263e-05
7.84873e-05
7.88626e-05
7.89196e-05
6.59397e-05
6.55744e-05
6.55604e-05
6.55634e-05
6.55654e-05
6.55665e-05
6.55672e-05
6.55677e-05
6.55681e-05
6.55683e-05
6.55684e-05
6.55684e-05
6.55684e-05
6.55684e-05
6.55683e-05
6.55682e-05
6.55682e-05
6.55682e-05
6.55682e-05
6.55682e-05
6.55682e-05
6.55682e-05
6.55682e-05
6.55682e-05
6.55682e-05
6.55681e-05
6.55681e-05
6.5568e-05
6.5568e-05
6.55679e-05
6.55679e-05
6.55679e-05
6.55678e-05
6.55678e-05
6.55678e-05
6.55678e-05
6.55677e-05
6.55677e-05
6.55677e-05
6.55677e-05
6.55677e-05
6.55677e-05
6.55677e-05
6.55677e-05
6.55677e-05
6.55677e-05
6.55677e-05
6.55677e-05
6.55676e-05
6.55676e-05
6.55676e-05
6.55676e-05
6.55676e-05
6.55677e-05
6.55677e-05
6.55682e-05
)
;

boundaryField
{
    inlet
    {
        type            cyclic;
    }
    outlet
    {
        type            cyclic;
    }
    bottomWall
    {
        type            nutkWallFunction;
        Cmu             0.09;
        kappa           0.41;
        E               9.8;
        value           nonuniform List<scalar> 
100
(
1.47695e-08
0
0
0
0
2.38386e-08
0
0
0
0
0
0
0
0
0
0
2.42682e-08
3.56946e-08
3.80876e-08
0
0
0
0
0
0
0
0
0
0
0
0
0
0
0
0
0
0
0
0
0
0
0
0
0
0
0
0
0
0
0
0
0
0
0
0
0
0
0
0
0
0
0
0
0
0
0
0
0
0
0
0
0
0
0
0
0
0
0
0
0
0
0
0
0
0
0
0
0
0
0
0
0
0
0
0
0
0
0
0
0
)
;
    }
    topWall
    {
        type            nutkWallFunction;
        Cmu             0.09;
        kappa           0.41;
        E               9.8;
        value           nonuniform List<scalar> 
100
(
0
0
0
0
0
1.91881e-08
3.12617e-08
3.38918e-08
0
0
0
0
0
0
0
0
0
0
0
0
0
0
0
1.932e-08
3.11673e-08
3.37456e-08
0
0
0
0
0
0
0
0
0
0
0
0
0
0
0
1.9267e-08
3.11112e-08
3.37378e-08
0
0
0
0
0
0
0
0
0
0
0
0
0
0
0
0
0
0
0
0
0
0
0
0
0
0
0
0
0
0
0
0
0
0
0
0
0
0
0
0
0
0
0
0
0
0
0
0
0
0
0
0
0
0
0
0
)
;
    }
    frontAndBack
    {
        type            empty;
    }
}


// ************************************************************************* //
