/*--------------------------------*- C++ -*----------------------------------*\
  =========                 |
  \\      /  F ield         | OpenFOAM: The Open Source CFD Toolbox
   \\    /   O peration     | Website:  https://openfoam.org
    \\  /    A nd           | Version:  11
     \\/     M anipulation  |
\*---------------------------------------------------------------------------*/
FoamFile
{
    format      ascii;
    class       volScalarField;
    location    "400";
    object      omega;
}
// * * * * * * * * * * * * * * * * * * * * * * * * * * * * * * * * * * * * * //

dimensions      [0 0 -1 0 0 0 0];

internalField   nonuniform List<scalar> 
5000
(
13333.3
15645.1
13333.3
13333.3
13333.3
13333.3
15652.3
15671
13333.3
13333.3
13333.3
13333.3
13333.3
13333.3
13333.3
13333.3
13333.3
13333.3
13333.3
15658.2
15672.1
15673.3
15673.3
15673
15672.8
15672.5
15672.5
15672.4
15672.3
15672.2
15672.2
15672.2
15672.3
15672.7
15672.9
15673.1
15673.2
15673.1
15675
13333.3
13333.3
13333.3
13333.3
13333.3
13333.3
13333.3
13333.3
13333.3
13333.3
13333.3
13333.3
13333.3
13333.3
13333.3
13333.3
13333.3
13333.3
13333.3
13333.3
13333.3
13333.3
13333.3
13333.3
13333.3
13333.3
13333.3
13333.3
13333.3
13333.3
13333.3
13333.3
13333.3
13333.3
13333.3
13333.3
13333.3
13333.3
13333.3
13333.3
13333.3
13333.3
13333.3
13333.3
13333.3
13333.3
13333.3
13333.3
13333.3
13333.3
13333.3
13333.3
13333.3
13333.3
13333.3
13333.3
13333.3
13333.3
13333.3
13333.3
13333.3
5783.06
5939.58
5822.29
5780.87
5773.72
5762.82
5938.09
5961.78
5825.22
5816.29
5816.67
5816.96
5816.99
5817.81
5782.89
5774.68
5763.2
5757.19
5755.69
5937.04
5959.72
5961.71
5961.56
5961.34
5961.19
5961.11
5961.09
5961.08
5961.08
5961.06
5961.04
5961.03
5961.01
5961.03
5961.07
5961.11
5961.14
5961.23
5963.81
5824.93
5815.95
5816.42
5816.73
5816.78
5816.78
5816.78
5816.76
5816.75
5816.74
5816.73
5816.72
5816.72
5816.72
5816.72
5816.72
5816.72
5816.72
5816.73
5816.74
5816.74
5816.75
5816.76
5816.76
5816.76
5816.77
5816.77
5816.77
5816.77
5816.77
5816.77
5816.77
5816.77
5816.77
5816.77
5816.77
5816.77
5816.77
5816.77
5816.77
5816.77
5816.77
5816.77
5816.77
5816.77
5816.77
5816.77
5816.77
5816.77
5816.77
5816.77
5816.77
5816.77
5816.77
5816.77
5816.77
5816.77
5816.77
5816.77
5816.8
5817.55
3486.17
3502.11
3493.6
3486.45
3484.34
3482.3
3502.27
3507.44
3494.66
3493.25
3493.31
3493.34
3493.33
3493.71
3487.15
3484.71
3482.54
3480.84
3480.26
3501.87
3507.19
3507.87
3507.84
3507.76
3507.68
3507.62
3507.59
3507.57
3507.55
3507.53
3507.51
3507.49
3507.49
3507.5
3507.53
3507.56
3507.58
3507.6
3508.1
3494.63
3493.15
3493.22
3493.26
3493.25
3493.22
3493.2
3493.17
3493.14
3493.12
3493.1
3493.09
3493.08
3493.08
3493.07
3493.07
3493.07
3493.08
3493.08
3493.09
3493.1
3493.1
3493.11
3493.11
3493.11
3493.11
3493.11
3493.11
3493.12
3493.12
3493.12
3493.12
3493.12
3493.12
3493.12
3493.12
3493.12
3493.12
3493.12
3493.12
3493.12
3493.12
3493.13
3493.13
3493.13
3493.13
3493.13
3493.13
3493.13
3493.13
3493.13
3493.13
3493.13
3493.12
3493.12
3493.13
3493.13
3493.13
3493.13
3493.16
3493.64
2451.21
2453.24
2452.76
2451.48
2450.96
2450.52
2453.41
2454.5
2453.15
2453.07
2453.11
2453.12
2453.12
2453.23
2451.82
2451.17
2450.66
2450.17
2450
2453.37
2454.59
2454.8
2454.82
2454.81
2454.78
2454.76
2454.73
2454.71
2454.69
2454.67
2454.66
2454.65
2454.64
2454.65
2454.66
2454.68
2454.69
2454.7
2454.79
2453.23
2453.1
2453.12
2453.12
2453.12
2453.11
2453.09
2453.07
2453.05
2453.03
2453.01
2453
2452.99
2452.98
2452.97
2452.97
2452.97
2452.97
2452.98
2452.98
2452.99
2452.99
2452.99
2452.99
2453
2453
2453
2453
2453
2453
2453
2453
2453.01
2453.01
2453.01
2453.01
2453.01
2453.01
2453.01
2453.01
2453.01
2453.01
2453.01
2453.01
2453.01
2453.01
2453.02
2453.02
2453.02
2453.02
2453.02
2453.02
2453.02
2453.02
2453.02
2453.02
2453.02
2453.02
2453.02
2453.04
2453.22
1874.9
1875.16
1875.22
1874.98
1874.87
1874.73
1875.2
1875.43
1875.35
1875.41
1875.44
1875.45
1875.46
1875.49
1875.17
1875
1874.84
1874.68
1874.65
1875.28
1875.57
1875.64
1875.67
1875.68
1875.68
1875.67
1875.66
1875.65
1875.63
1875.62
1875.61
1875.6
1875.6
1875.6
1875.61
1875.62
1875.63
1875.63
1875.65
1875.5
1875.52
1875.53
1875.53
1875.53
1875.53
1875.52
1875.51
1875.49
1875.47
1875.46
1875.44
1875.43
1875.42
1875.41
1875.41
1875.41
1875.42
1875.42
1875.42
1875.42
1875.42
1875.42
1875.42
1875.42
1875.42
1875.43
1875.43
1875.43
1875.43
1875.43
1875.43
1875.43
1875.43
1875.43
1875.44
1875.44
1875.44
1875.44
1875.44
1875.44
1875.44
1875.44
1875.44
1875.44
1875.44
1875.44
1875.44
1875.44
1875.44
1875.44
1875.44
1875.45
1875.45
1875.45
1875.45
1875.45
1875.45
1875.45
1875.46
1875.51
1509.65
1509.67
1509.69
1509.64
1509.61
1509.56
1509.63
1509.68
1509.71
1509.75
1509.76
1509.77
1509.78
1509.8
1509.73
1509.69
1509.64
1509.6
1509.6
1509.74
1509.82
1509.86
1509.88
1509.9
1509.91
1509.91
1509.91
1509.91
1509.9
1509.89
1509.88
1509.88
1509.88
1509.88
1509.89
1509.9
1509.9
1509.9
1509.91
1509.91
1509.91
1509.9
1509.9
1509.9
1509.9
1509.89
1509.88
1509.87
1509.86
1509.84
1509.83
1509.82
1509.81
1509.8
1509.8
1509.8
1509.8
1509.8
1509.8
1509.8
1509.8
1509.8
1509.8
1509.8
1509.8
1509.8
1509.8
1509.8
1509.8
1509.8
1509.8
1509.8
1509.81
1509.81
1509.81
1509.81
1509.81
1509.81
1509.81
1509.81
1509.81
1509.81
1509.82
1509.82
1509.82
1509.82
1509.82
1509.82
1509.82
1509.82
1509.82
1509.82
1509.82
1509.82
1509.82
1509.82
1509.82
1509.82
1509.83
1509.84
1257.52
1257.51
1257.5
1257.48
1257.46
1257.43
1257.44
1257.45
1257.47
1257.48
1257.49
1257.49
1257.5
1257.52
1257.51
1257.51
1257.5
1257.5
1257.51
1257.56
1257.59
1257.61
1257.64
1257.65
1257.67
1257.68
1257.68
1257.68
1257.68
1257.68
1257.67
1257.67
1257.67
1257.68
1257.68
1257.69
1257.69
1257.69
1257.69
1257.69
1257.68
1257.66
1257.65
1257.65
1257.65
1257.64
1257.64
1257.62
1257.61
1257.6
1257.58
1257.57
1257.57
1257.56
1257.56
1257.56
1257.56
1257.56
1257.56
1257.55
1257.55
1257.55
1257.55
1257.54
1257.54
1257.54
1257.54
1257.54
1257.54
1257.55
1257.55
1257.55
1257.55
1257.55
1257.55
1257.55
1257.55
1257.55
1257.56
1257.56
1257.56
1257.56
1257.56
1257.56
1257.56
1257.56
1257.56
1257.56
1257.56
1257.56
1257.56
1257.56
1257.56
1257.56
1257.56
1257.56
1257.56
1257.57
1257.57
1257.57
1072.74
1072.72
1072.71
1072.69
1072.67
1072.65
1072.64
1072.65
1072.65
1072.65
1072.65
1072.66
1072.67
1072.68
1072.69
1072.7
1072.71
1072.72
1072.74
1072.76
1072.79
1072.8
1072.82
1072.84
1072.85
1072.86
1072.87
1072.88
1072.88
1072.88
1072.88
1072.88
1072.88
1072.89
1072.89
1072.9
1072.9
1072.9
1072.89
1072.89
1072.87
1072.85
1072.83
1072.83
1072.82
1072.82
1072.81
1072.8
1072.79
1072.77
1072.76
1072.75
1072.75
1072.74
1072.74
1072.74
1072.74
1072.73
1072.73
1072.73
1072.72
1072.72
1072.72
1072.71
1072.71
1072.71
1072.71
1072.71
1072.71
1072.71
1072.71
1072.71
1072.71
1072.72
1072.72
1072.72
1072.72
1072.72
1072.72
1072.72
1072.72
1072.72
1072.72
1072.72
1072.72
1072.72
1072.72
1072.72
1072.73
1072.73
1072.73
1072.73
1072.73
1072.73
1072.73
1072.73
1072.73
1072.73
1072.73
1072.73
931.238
931.224
931.211
931.194
931.176
931.157
931.146
931.144
931.145
931.142
931.14
931.143
931.152
931.167
931.183
931.198
931.211
931.228
931.245
931.263
931.28
931.294
931.308
931.321
931.334
931.346
931.356
931.361
931.365
931.367
931.369
931.373
931.377
931.384
931.39
931.394
931.393
931.389
931.383
931.374
931.356
931.337
931.322
931.313
931.307
931.3
931.29
931.279
931.267
931.255
931.245
931.236
931.23
931.226
931.224
931.222
931.219
931.215
931.21
931.205
931.199
931.194
931.19
931.188
931.186
931.185
931.184
931.184
931.184
931.184
931.184
931.185
931.185
931.186
931.187
931.188
931.188
931.189
931.19
931.19
931.191
931.192
931.192
931.192
931.193
931.193
931.193
931.194
931.194
931.195
931.195
931.195
931.196
931.197
931.197
931.198
931.198
931.199
931.201
931.2
819.223
819.211
819.199
819.184
819.167
819.151
819.139
819.135
819.133
819.129
819.127
819.129
819.139
819.153
819.171
819.189
819.205
819.223
819.238
819.251
819.264
819.275
819.285
819.296
819.306
819.317
819.326
819.333
819.338
819.342
819.346
819.351
819.357
819.364
819.369
819.37
819.368
819.362
819.355
819.345
819.33
819.313
819.298
819.288
819.28
819.271
819.261
819.25
819.239
819.228
819.219
819.211
819.206
819.202
819.199
819.196
819.192
819.186
819.18
819.173
819.167
819.162
819.157
819.154
819.152
819.15
819.149
819.149
819.148
819.148
819.148
819.148
819.148
819.149
819.149
819.15
819.15
819.151
819.151
819.152
819.152
819.152
819.153
819.153
819.153
819.154
819.154
819.154
819.155
819.155
819.155
819.156
819.156
819.157
819.157
819.158
819.158
819.159
819.16
819.16
728.246
728.235
728.224
728.211
728.196
728.181
728.17
728.165
728.162
728.158
728.157
728.16
728.17
728.184
728.203
728.221
728.237
728.254
728.266
728.276
728.286
728.293
728.3
728.308
728.316
728.325
728.333
728.34
728.345
728.351
728.357
728.363
728.369
728.375
728.378
728.378
728.374
728.368
728.36
728.351
728.337
728.323
728.31
728.299
728.29
728.281
728.27
728.26
728.249
728.24
728.231
728.225
728.22
728.216
728.212
728.208
728.202
728.196
728.189
728.181
728.175
728.169
728.164
728.161
728.158
728.156
728.155
728.153
728.153
728.152
728.151
728.151
728.151
728.151
728.151
728.151
728.152
728.152
728.152
728.152
728.152
728.153
728.153
728.153
728.153
728.153
728.154
728.154
728.154
728.154
728.155
728.155
728.156
728.156
728.156
728.157
728.157
728.157
728.158
728.158
652.863
652.853
652.843
652.831
652.818
652.805
652.795
652.79
652.787
652.785
652.785
652.789
652.798
652.813
652.83
652.848
652.863
652.877
652.887
652.894
652.9
652.904
652.908
652.913
652.919
652.926
652.933
652.94
652.945
652.951
652.958
652.964
652.97
652.975
652.977
652.976
652.971
652.963
652.956
652.948
652.937
652.925
652.913
652.903
652.894
652.884
652.874
652.864
652.855
652.846
652.839
652.833
652.828
652.824
652.82
652.814
652.808
652.8
652.793
652.785
652.778
652.772
652.767
652.764
652.761
652.758
652.756
652.755
652.753
652.752
652.751
652.751
652.75
652.75
652.75
652.749
652.749
652.749
652.749
652.749
652.749
652.749
652.749
652.749
652.749
652.749
652.75
652.75
652.75
652.75
652.75
652.751
652.751
652.751
652.751
652.751
652.752
652.752
652.753
652.752
589.428
589.418
589.409
589.398
589.387
589.376
589.368
589.363
589.361
589.36
589.361
589.366
589.375
589.389
589.405
589.421
589.434
589.445
589.452
589.456
589.459
589.461
589.463
589.466
589.469
589.475
589.48
589.486
589.491
589.497
589.504
589.51
589.515
589.519
589.519
589.517
589.511
589.504
589.497
589.49
589.481
589.472
589.462
589.453
589.444
589.435
589.426
589.417
589.409
589.401
589.395
589.389
589.385
589.38
589.375
589.369
589.362
589.354
589.346
589.338
589.332
589.326
589.321
589.317
589.313
589.311
589.308
589.306
589.304
589.303
589.302
589.301
589.3
589.299
589.298
589.298
589.298
589.297
589.297
589.296
589.296
589.296
589.296
589.296
589.296
589.296
589.296
589.296
589.296
589.296
589.296
589.296
589.296
589.297
589.297
589.297
589.296
589.296
589.297
589.297
535.424
535.414
535.406
535.397
535.387
535.378
535.37
535.367
535.365
535.365
535.367
535.373
535.383
535.395
535.409
535.422
535.433
535.441
535.444
535.446
535.446
535.446
535.446
535.447
535.449
535.453
535.457
535.461
535.467
535.472
535.478
535.484
535.488
535.49
535.489
535.486
535.481
535.474
535.468
535.462
535.456
535.448
535.441
535.433
535.425
535.417
535.409
535.401
535.394
535.388
535.383
535.378
535.373
535.369
535.363
535.357
535.349
535.341
535.333
535.325
535.319
535.313
535.308
535.304
535.3
535.297
535.294
535.292
535.29
535.288
535.286
535.285
535.283
535.282
535.281
535.28
535.28
535.279
535.278
535.278
535.277
535.277
535.277
535.276
535.276
535.276
535.276
535.276
535.276
535.276
535.276
535.276
535.276
535.276
535.276
535.275
535.275
535.275
535.275
535.275
489.076
489.067
489.059
489.051
489.043
489.034
489.028
489.025
489.025
489.026
489.029
489.035
489.044
489.055
489.066
489.076
489.084
489.089
489.09
489.089
489.087
489.086
489.084
489.084
489.084
489.086
489.089
489.092
489.097
489.102
489.107
489.111
489.114
489.115
489.114
489.11
489.105
489.099
489.094
489.09
489.085
489.08
489.074
489.068
489.062
489.055
489.049
489.043
489.037
489.032
489.028
489.023
489.019
489.014
489.008
489.002
488.994
488.986
488.979
488.971
488.965
488.959
488.954
488.949
488.946
488.942
488.939
488.936
488.934
488.932
488.93
488.928
488.926
488.925
488.924
488.922
488.921
488.92
488.919
488.919
488.918
488.917
488.917
488.916
488.916
488.916
488.916
488.915
488.915
488.915
488.915
488.915
488.915
488.914
488.914
488.914
488.913
488.913
488.913
488.913
449.115
449.106
449.099
449.092
449.085
449.078
449.073
449.07
449.07
449.072
449.075
449.081
449.089
449.098
449.107
449.114
449.119
449.12
449.119
449.116
449.113
449.11
449.107
449.105
449.104
449.105
449.106
449.109
449.113
449.117
449.121
449.124
449.126
449.126
449.124
449.12
449.116
449.111
449.108
449.105
449.102
449.099
449.095
449.09
449.086
449.081
449.076
449.072
449.068
449.064
449.061
449.057
449.053
449.048
449.043
449.036
449.029
449.021
449.014
449.007
449
448.995
448.99
448.985
448.981
448.978
448.974
448.971
448.969
448.966
448.964
448.962
448.96
448.958
448.956
448.955
448.953
448.952
448.951
448.95
448.949
448.948
448.947
448.947
448.946
448.946
448.946
448.945
448.945
448.945
448.945
448.944
448.944
448.943
448.943
448.942
448.942
448.942
448.941
448.942
414.628
414.62
414.613
414.607
414.6
414.594
414.59
414.588
414.588
414.589
414.593
414.598
414.605
414.612
414.618
414.622
414.624
414.623
414.62
414.615
414.611
414.606
414.603
414.6
414.597
414.597
414.597
414.599
414.602
414.605
414.608
414.61
414.611
414.61
414.608
414.604
414.601
414.598
414.596
414.594
414.593
414.591
414.589
414.587
414.584
414.582
414.579
414.576
414.574
414.571
414.568
414.565
414.562
414.557
414.552
414.546
414.539
414.532
414.525
414.518
414.512
414.507
414.502
414.498
414.494
414.49
414.486
414.483
414.48
414.477
414.474
414.472
414.47
414.467
414.466
414.464
414.462
414.461
414.459
414.458
414.457
414.456
414.455
414.454
414.454
414.453
414.453
414.452
414.452
414.452
414.451
414.451
414.45
414.45
414.449
414.448
414.448
414.447
414.447
414.447
384.957
384.95
384.944
384.938
384.932
384.927
384.923
384.921
384.921
384.922
384.925
384.929
384.934
384.939
384.943
384.944
384.943
384.94
384.935
384.929
384.924
384.918
384.914
384.91
384.907
384.905
384.905
384.906
384.907
384.909
384.911
384.912
384.912
384.911
384.909
384.906
384.903
384.902
384.901
384.902
384.902
384.902
384.901
384.901
384.9
384.9
384.899
384.898
384.897
384.896
384.894
384.892
384.889
384.885
384.88
384.874
384.868
384.861
384.855
384.849
384.843
384.838
384.834
384.829
384.825
384.821
384.817
384.814
384.81
384.807
384.804
384.802
384.799
384.797
384.794
384.792
384.79
384.789
384.787
384.786
384.784
384.783
384.782
384.782
384.781
384.78
384.78
384.779
384.778
384.778
384.777
384.777
384.776
384.775
384.775
384.774
384.773
384.773
384.772
384.773
359.634
359.628
359.622
359.617
359.611
359.606
359.603
359.601
359.6
359.601
359.603
359.606
359.609
359.612
359.613
359.612
359.608
359.603
359.597
359.59
359.584
359.578
359.572
359.568
359.564
359.562
359.561
359.561
359.561
359.562
359.563
359.563
359.563
359.561
359.559
359.557
359.556
359.556
359.556
359.558
359.56
359.562
359.563
359.564
359.565
359.566
359.567
359.568
359.569
359.569
359.568
359.567
359.564
359.561
359.557
359.551
359.546
359.54
359.535
359.529
359.524
359.519
359.515
359.51
359.506
359.502
359.498
359.494
359.491
359.487
359.484
359.481
359.478
359.476
359.473
359.471
359.469
359.467
359.465
359.464
359.462
359.461
359.46
359.459
359.458
359.457
359.457
359.456
359.455
359.455
359.454
359.453
359.453
359.452
359.451
359.45
359.45
359.449
359.448
359.449
338.329
338.323
338.318
338.313
338.309
338.304
338.3
338.298
338.297
338.297
338.298
338.299
338.3
338.301
338.3
338.296
338.291
338.285
338.277
338.269
338.262
338.256
338.25
338.245
338.24
338.237
338.236
338.235
338.235
338.235
338.235
338.235
338.233
338.232
338.23
338.229
338.229
338.23
338.232
338.235
338.238
338.241
338.244
338.247
338.25
338.253
338.256
338.258
338.26
338.261
338.262
338.261
338.259
338.257
338.253
338.249
338.244
338.239
338.234
338.229
338.224
338.22
338.215
338.211
338.206
338.202
338.198
338.194
338.191
338.187
338.184
338.181
338.178
338.175
338.172
338.17
338.168
338.166
338.164
338.162
338.16
338.159
338.158
338.157
338.156
338.155
338.154
338.153
338.153
338.152
338.151
338.15
338.149
338.149
338.148
338.147
338.146
338.146
338.145
338.145
320.816
320.811
320.807
320.802
320.797
320.793
320.789
320.786
320.785
320.784
320.783
320.783
320.782
320.781
320.778
320.773
320.766
320.758
320.749
320.741
320.734
320.727
320.72
320.715
320.71
320.707
320.704
320.703
320.702
320.702
320.701
320.7
320.699
320.698
320.697
320.696
320.697
320.699
320.702
320.707
320.711
320.715
320.719
320.724
320.728
320.732
320.737
320.74
320.743
320.746
320.747
320.748
320.747
320.745
320.742
320.739
320.735
320.73
320.726
320.722
320.717
320.713
320.708
320.704
320.7
320.695
320.691
320.687
320.684
320.68
320.676
320.673
320.67
320.667
320.664
320.662
320.659
320.657
320.655
320.653
320.652
320.65
320.649
320.648
320.647
320.646
320.645
320.644
320.643
320.642
320.641
320.641
320.64
320.639
320.638
320.637
320.636
320.636
320.635
320.635
306.944
306.94
306.936
306.931
306.927
306.922
306.918
306.915
306.913
306.911
306.909
306.907
306.905
306.902
306.897
306.89
306.882
306.873
306.864
306.856
306.848
306.84
306.834
306.828
306.823
306.819
306.817
306.815
306.814
306.813
306.812
306.81
306.809
306.808
306.808
306.808
306.81
306.813
306.817
306.822
306.827
306.833
306.838
306.843
306.849
306.854
306.859
306.864
306.868
306.872
306.874
306.876
306.876
306.875
306.873
306.87
306.867
306.863
306.859
306.855
306.851
306.847
306.842
306.838
306.834
306.829
306.825
306.821
306.817
306.814
306.81
306.807
306.803
306.8
306.797
306.795
306.792
306.79
306.788
306.786
306.784
306.783
306.781
306.78
306.779
306.778
306.777
306.776
306.775
306.774
306.773
306.773
306.772
306.771
306.77
306.769
306.768
306.768
306.767
306.767
296.616
296.612
296.609
296.605
296.6
296.595
296.591
296.587
296.584
296.581
296.578
296.575
296.572
296.567
296.561
296.553
296.545
296.535
296.525
296.516
296.508
296.5
296.494
296.488
296.483
296.479
296.476
296.474
296.472
296.471
296.47
296.469
296.468
296.467
296.467
296.468
296.47
296.474
296.479
296.484
296.49
296.497
296.503
296.509
296.515
296.521
296.527
296.533
296.538
296.542
296.546
296.548
296.549
296.549
296.547
296.545
296.542
296.539
296.536
296.532
296.528
296.524
296.52
296.515
296.511
296.507
296.503
296.499
296.495
296.491
296.487
296.484
296.48
296.477
296.474
296.472
296.469
296.467
296.465
296.463
296.461
296.459
296.458
296.457
296.455
296.454
296.453
296.452
296.451
296.45
296.449
296.449
296.448
296.447
296.446
296.445
296.444
296.444
296.443
296.443
289.773
289.77
289.766
289.762
289.758
289.753
289.749
289.744
289.74
289.737
289.733
289.729
289.724
289.718
289.711
289.703
289.694
289.684
289.674
289.664
289.656
289.648
289.641
289.635
289.631
289.627
289.624
289.622
289.62
289.619
289.618
289.617
289.616
289.616
289.616
289.618
289.62
289.624
289.629
289.635
289.641
289.648
289.654
289.661
289.668
289.674
289.681
289.687
289.692
289.697
289.701
289.704
289.706
289.707
289.706
289.704
289.702
289.699
289.696
289.692
289.689
289.685
289.681
289.676
289.672
289.668
289.664
289.66
289.656
289.652
289.648
289.644
289.641
289.638
289.635
289.632
289.63
289.627
289.625
289.623
289.621
289.62
289.618
289.617
289.616
289.615
289.614
289.613
289.612
289.611
289.61
289.609
289.608
289.607
289.606
289.605
289.605
289.604
289.603
289.603
286.381
286.378
286.375
286.371
286.366
286.362
286.357
286.352
286.347
286.343
286.339
286.334
286.328
286.322
286.315
286.306
286.296
286.286
286.276
286.266
286.258
286.25
286.243
286.237
286.233
286.229
286.226
286.224
286.223
286.222
286.221
286.221
286.22
286.22
286.221
286.222
286.225
286.229
286.234
286.24
286.246
286.253
286.259
286.266
286.273
286.279
286.285
286.292
286.298
286.303
286.308
286.311
286.314
286.315
286.315
286.313
286.311
286.309
286.306
286.302
286.298
286.294
286.29
286.286
286.282
286.278
286.274
286.27
286.266
286.262
286.258
286.254
286.251
286.248
286.245
286.242
286.24
286.237
286.235
286.233
286.231
286.23
286.228
286.227
286.226
286.224
286.223
286.222
286.221
286.22
286.22
286.219
286.218
286.217
286.216
286.215
286.215
286.214
286.213
286.213
286.434
286.432
286.428
286.424
286.42
286.415
286.41
286.404
286.399
286.395
286.39
286.385
286.379
286.372
286.365
286.356
286.347
286.337
286.327
286.317
286.308
286.3
286.293
286.287
286.283
286.28
286.278
286.276
286.276
286.275
286.275
286.275
286.275
286.275
286.275
286.277
286.279
286.282
286.287
286.292
286.299
286.305
286.311
286.318
286.324
286.33
286.336
286.342
286.347
286.353
286.358
286.362
286.365
286.367
286.367
286.366
286.364
286.361
286.358
286.355
286.351
286.347
286.343
286.339
286.335
286.331
286.326
286.322
286.318
286.314
286.311
286.307
286.304
286.301
286.298
286.295
286.293
286.29
286.288
286.286
286.285
286.283
286.281
286.28
286.279
286.278
286.277
286.276
286.275
286.274
286.273
286.272
286.271
286.27
286.27
286.269
286.268
286.267
286.267
286.267
289.932
289.929
289.926
289.921
289.917
289.911
289.906
289.901
289.895
289.89
289.886
289.88
289.875
289.869
289.862
289.854
289.844
289.835
289.824
289.815
289.805
289.797
289.79
289.785
289.781
289.779
289.777
289.777
289.776
289.777
289.777
289.777
289.778
289.778
289.779
289.78
289.781
289.784
289.788
289.793
289.798
289.804
289.81
289.815
289.82
289.825
289.83
289.836
289.841
289.847
289.852
289.856
289.86
289.862
289.862
289.861
289.859
289.856
289.853
289.849
289.845
289.842
289.838
289.833
289.829
289.825
289.821
289.817
289.813
289.809
289.806
289.802
289.799
289.796
289.793
289.79
289.788
289.786
289.784
289.782
289.78
289.778
289.777
289.775
289.774
289.773
289.772
289.771
289.77
289.769
289.768
289.768
289.767
289.766
289.765
289.765
289.764
289.763
289.763
289.763
296.872
296.869
296.865
296.86
296.855
296.85
296.845
296.839
296.834
296.829
296.824
296.819
296.814
296.809
296.803
296.795
296.787
296.778
296.768
296.758
296.749
296.74
296.734
296.729
296.725
296.723
296.723
296.723
296.724
296.725
296.726
296.727
296.729
296.729
296.73
296.73
296.73
296.732
296.735
296.738
296.743
296.748
296.752
296.757
296.761
296.764
296.768
296.773
296.777
296.782
296.787
296.792
296.795
296.798
296.798
296.797
296.795
296.792
296.788
296.784
296.78
296.776
296.772
296.768
296.764
296.76
296.756
296.752
296.748
296.744
296.741
296.737
296.734
296.731
296.729
296.726
296.724
296.721
296.719
296.718
296.716
296.714
296.713
296.712
296.71
296.709
296.708
296.707
296.706
296.706
296.705
296.704
296.703
296.703
296.702
296.701
296.701
296.7
296.699
296.7
307.284
307.28
307.276
307.27
307.265
307.26
307.254
307.248
307.243
307.238
307.234
307.23
307.226
307.221
307.216
307.21
307.203
307.195
307.185
307.176
307.166
307.158
307.151
307.146
307.144
307.142
307.142
307.144
307.146
307.148
307.151
307.153
307.155
307.156
307.156
307.155
307.155
307.155
307.156
307.158
307.161
307.165
307.169
307.171
307.174
307.176
307.178
307.181
307.185
307.189
307.194
307.198
307.202
307.204
307.205
307.203
307.201
307.197
307.193
307.189
307.185
307.181
307.176
307.172
307.168
307.164
307.16
307.156
307.153
307.149
307.146
307.142
307.139
307.136
307.134
307.131
307.129
307.127
307.125
307.123
307.122
307.12
307.119
307.118
307.117
307.115
307.114
307.114
307.113
307.112
307.111
307.111
307.11
307.109
307.109
307.108
307.108
307.107
307.106
307.107
321.221
321.217
321.212
321.206
321.201
321.195
321.189
321.184
321.178
321.174
321.171
321.167
321.164
321.161
321.158
321.153
321.148
321.14
321.132
321.123
321.113
321.105
321.098
321.093
321.091
321.09
321.091
321.094
321.097
321.101
321.105
321.108
321.111
321.112
321.112
321.11
321.108
321.107
321.106
321.107
321.109
321.111
321.113
321.114
321.115
321.115
321.116
321.117
321.119
321.122
321.126
321.13
321.134
321.136
321.137
321.135
321.132
321.128
321.124
321.119
321.114
321.11
321.106
321.102
321.098
321.094
321.09
321.086
321.082
321.079
321.076
321.072
321.07
321.067
321.064
321.062
321.06
321.058
321.056
321.055
321.053
321.052
321.051
321.049
321.048
321.047
321.046
321.046
321.045
321.044
321.043
321.043
321.042
321.042
321.041
321.041
321.04
321.04
321.039
321.039
338.779
338.774
338.768
338.762
338.756
338.75
338.744
338.738
338.733
338.73
338.727
338.725
338.723
338.722
338.72
338.718
338.714
338.708
338.7
338.692
338.682
338.674
338.667
338.662
338.66
338.66
338.662
338.666
338.671
338.676
338.681
338.686
338.689
338.691
338.69
338.688
338.685
338.682
338.68
338.678
338.678
338.679
338.679
338.679
338.677
338.676
338.675
338.674
338.674
338.676
338.679
338.683
338.686
338.688
338.688
338.687
338.684
338.679
338.674
338.669
338.664
338.659
338.655
338.65
338.646
338.642
338.639
338.635
338.632
338.628
338.625
338.622
338.62
338.617
338.615
338.613
338.611
338.609
338.607
338.606
338.605
338.603
338.602
338.601
338.6
338.599
338.598
338.597
338.597
338.596
338.596
338.595
338.595
338.594
338.594
338.593
338.593
338.592
338.592
338.592
360.104
360.099
360.092
360.086
360.079
360.073
360.067
360.061
360.057
360.053
360.051
360.05
360.05
360.051
360.051
360.051
360.049
360.045
360.039
360.032
360.023
360.014
360.007
360.002
360
360
360.003
360.008
360.015
360.021
360.028
360.034
360.039
360.041
360.04
360.038
360.033
360.028
360.024
360.021
360.019
360.017
360.016
360.014
360.011
360.007
360.004
360.001
360
360
360.002
360.004
360.007
360.009
360.009
360.007
360.004
359.999
359.993
359.987
359.982
359.977
359.972
359.968
359.964
359.96
359.957
359.953
359.95
359.947
359.944
359.941
359.939
359.937
359.934
359.933
359.931
359.929
359.928
359.927
359.925
359.924
359.923
359.922
359.921
359.921
359.92
359.919
359.919
359.918
359.917
359.917
359.917
359.916
359.916
359.916
359.915
359.915
359.914
359.915
385.424
385.418
385.411
385.404
385.397
385.391
385.385
385.378
385.374
385.371
385.369
385.37
385.371
385.374
385.377
385.379
385.38
385.378
385.374
385.368
385.36
385.351
385.343
385.338
385.336
385.336
385.34
385.346
385.353
385.361
385.37
385.377
385.383
385.386
385.386
385.383
385.377
385.371
385.365
385.359
385.355
385.352
385.349
385.345
385.34
385.335
385.33
385.325
385.321
385.32
385.32
385.322
385.324
385.325
385.325
385.323
385.32
385.314
385.308
385.302
385.296
385.29
385.286
385.281
385.278
385.274
385.271
385.267
385.264
385.261
385.259
385.256
385.254
385.252
385.25
385.248
385.247
385.245
385.244
385.243
385.242
385.241
385.24
385.239
385.239
385.238
385.237
385.237
385.236
385.236
385.235
385.235
385.235
385.234
385.234
385.234
385.234
385.233
385.233
385.233
415.068
415.061
415.053
415.046
415.039
415.032
415.026
415.019
415.014
415.012
415.011
415.012
415.015
415.02
415.025
415.03
415.034
415.035
415.034
415.029
415.022
415.014
415.006
415
414.997
414.997
415.001
415.007
415.016
415.025
415.035
415.044
415.051
415.056
415.056
415.053
415.046
415.039
415.031
415.024
415.018
415.012
415.008
415.002
414.996
414.989
414.982
414.975
414.969
414.966
414.965
414.965
414.966
414.967
414.967
414.965
414.961
414.955
414.949
414.942
414.936
414.93
414.925
414.921
414.917
414.914
414.91
414.907
414.905
414.902
414.9
414.897
414.895
414.894
414.892
414.891
414.889
414.888
414.887
414.886
414.885
414.885
414.884
414.883
414.883
414.882
414.882
414.881
414.881
414.88
414.88
414.88
414.879
414.879
414.879
414.879
414.879
414.878
414.878
414.878
449.506
449.498
449.49
449.483
449.475
449.468
449.461
449.454
449.449
449.446
449.446
449.449
449.453
449.459
449.467
449.475
449.482
449.486
449.488
449.486
449.48
449.472
449.464
449.457
449.454
449.453
449.456
449.463
449.472
449.482
449.493
449.504
449.513
449.518
449.52
449.517
449.51
449.501
449.492
449.483
449.475
449.468
449.462
449.455
449.447
449.439
449.43
449.422
449.414
449.409
449.406
449.405
449.405
449.405
449.405
449.403
449.399
449.393
449.386
449.379
449.373
449.367
449.362
449.357
449.354
449.35
449.347
449.345
449.342
449.34
449.338
449.336
449.334
449.333
449.331
449.33
449.329
449.328
449.327
449.327
449.326
449.326
449.325
449.325
449.324
449.324
449.323
449.323
449.323
449.322
449.322
449.322
449.322
449.322
449.321
449.321
449.321
449.321
449.321
449.321
489.397
489.39
489.382
489.374
489.365
489.357
489.35
489.342
489.337
489.334
489.335
489.338
489.343
489.351
489.361
489.372
489.382
489.39
489.395
489.396
489.392
489.385
489.377
489.369
489.365
489.363
489.365
489.371
489.38
489.391
489.403
489.414
489.425
489.432
489.435
489.432
489.426
489.417
489.407
489.397
489.387
489.379
489.371
489.362
489.353
489.344
489.335
489.325
489.316
489.308
489.303
489.301
489.299
489.299
489.298
489.296
489.293
489.287
489.281
489.273
489.267
489.26
489.255
489.251
489.247
489.244
489.241
489.239
489.237
489.235
489.233
489.232
489.23
489.229
489.228
489.227
489.226
489.226
489.225
489.225
489.224
489.224
489.224
489.223
489.223
489.223
489.223
489.222
489.222
489.222
489.222
489.222
489.222
489.221
489.221
489.221
489.221
489.221
489.221
489.222
535.66
535.653
535.644
535.635
535.626
535.617
535.609
535.6
535.595
535.592
535.593
535.596
535.603
535.613
535.625
535.638
535.651
535.662
535.671
535.676
535.675
535.669
535.661
535.652
535.646
535.642
535.643
535.648
535.657
535.667
535.68
535.692
535.704
535.713
535.717
535.716
535.71
535.702
535.691
535.681
535.67
535.66
535.65
535.64
535.631
535.622
535.611
535.6
535.59
535.581
535.575
535.57
535.567
535.566
535.565
535.563
535.56
535.555
535.548
535.541
535.534
535.528
535.523
535.519
535.515
535.512
535.51
535.508
535.506
535.504
535.503
535.502
535.501
535.5
535.499
535.498
535.498
535.497
535.497
535.497
535.497
535.497
535.496
535.496
535.496
535.496
535.496
535.496
535.496
535.496
535.496
535.496
535.496
535.496
535.496
535.496
535.495
535.495
535.495
535.496
589.566
589.559
589.55
589.541
589.53
589.52
589.511
589.502
589.496
589.494
589.494
589.498
589.506
589.517
589.53
589.546
589.562
589.576
589.59
589.598
589.6
589.596
589.588
589.579
589.571
589.565
589.564
589.568
589.575
589.584
589.596
589.61
589.623
589.634
589.639
589.639
589.634
589.627
589.617
589.607
589.595
589.583
589.573
589.562
589.552
589.543
589.532
589.522
589.511
589.501
589.492
589.486
589.482
589.479
589.477
589.475
589.472
589.468
589.462
589.456
589.449
589.443
589.438
589.434
589.43
589.428
589.425
589.424
589.422
589.421
589.42
589.419
589.419
589.418
589.418
589.417
589.417
589.417
589.417
589.417
589.417
589.417
589.417
589.417
589.417
589.417
589.417
589.417
589.417
589.417
589.417
589.417
589.417
589.417
589.417
589.417
589.417
589.417
589.417
589.418
652.896
652.89
652.88
652.87
652.858
652.846
652.836
652.827
652.82
652.818
652.819
652.823
652.831
652.843
652.859
652.876
652.894
652.912
652.929
652.941
652.946
652.944
652.936
652.926
652.918
652.91
652.907
652.908
652.913
652.921
652.933
652.946
652.96
652.972
652.978
652.979
652.976
652.971
652.963
652.954
652.942
652.929
652.917
652.905
652.895
652.886
652.877
652.867
652.856
652.846
652.836
652.829
652.823
652.818
652.815
652.813
652.81
652.807
652.802
652.796
652.79
652.784
652.779
652.775
652.772
652.77
652.768
652.766
652.765
652.765
652.764
652.763
652.763
652.763
652.763
652.763
652.763
652.763
652.763
652.763
652.763
652.763
652.764
652.764
652.764
652.764
652.765
652.765
652.765
652.765
652.765
652.765
652.765
652.765
652.765
652.765
652.765
652.765
652.765
652.766
728.171
728.166
728.156
728.143
728.13
728.116
728.106
728.096
728.09
728.089
728.09
728.095
728.103
728.116
728.132
728.15
728.17
728.19
728.21
728.226
728.233
728.233
728.227
728.217
728.208
728.198
728.193
728.192
728.195
728.201
728.211
728.223
728.238
728.25
728.256
728.258
728.257
728.254
728.249
728.242
728.23
728.216
728.204
728.191
728.182
728.174
728.166
728.157
728.148
728.138
728.128
728.119
728.111
728.105
728.1
728.097
728.095
728.092
728.088
728.084
728.078
728.073
728.069
728.065
728.062
728.06
728.058
728.057
728.056
728.056
728.056
728.056
728.056
728.056
728.056
728.056
728.056
728.057
728.057
728.057
728.058
728.058
728.058
728.059
728.059
728.06
728.06
728.06
728.061
728.061
728.061
728.061
728.061
728.061
728.061
728.061
728.061
728.061
728.061
728.062
819.043
819.04
819.028
819.013
818.997
818.982
818.972
818.962
818.958
818.957
818.959
818.965
818.974
818.987
819.004
819.022
819.043
819.064
819.086
819.105
819.113
819.115
819.11
819.1
819.091
819.081
819.074
819.071
819.071
819.075
819.083
819.095
819.109
819.121
819.126
819.127
819.127
819.128
819.126
819.122
819.111
819.097
819.084
819.072
819.063
819.056
819.05
819.044
819.037
819.028
819.019
819.009
818.999
818.991
818.984
818.98
818.977
818.975
818.972
818.969
818.965
818.961
818.956
818.953
818.95
818.949
818.947
818.947
818.946
818.946
818.947
818.947
818.947
818.948
818.948
818.948
818.949
818.949
818.95
818.95
818.951
818.951
818.952
818.952
818.953
818.953
818.954
818.954
818.955
818.955
818.955
818.955
818.955
818.956
818.956
818.955
818.955
818.955
818.955
818.956
930.96
930.96
930.945
930.927
930.909
930.892
930.882
930.874
930.872
930.873
930.877
930.884
930.894
930.907
930.923
930.941
930.961
930.981
931.005
931.026
931.035
931.036
931.033
931.024
931.016
931.006
930.999
930.994
930.992
930.993
931
931.009
931.023
931.034
931.036
931.035
931.036
931.04
931.043
931.042
931.034
931.019
931.006
930.994
930.987
930.982
930.978
930.974
930.97
930.964
930.956
930.945
930.934
930.923
930.915
930.908
930.905
930.903
930.901
930.899
930.896
930.893
930.89
930.887
930.885
930.884
930.883
930.882
930.882
930.883
930.883
930.884
930.885
930.885
930.886
930.887
930.887
930.888
930.888
930.889
930.889
930.89
930.891
930.891
930.892
930.892
930.893
930.894
930.894
930.894
930.895
930.895
930.895
930.895
930.895
930.895
930.895
930.895
930.895
930.895
1072.38
1072.38
1072.36
1072.34
1072.32
1072.3
1072.29
1072.29
1072.29
1072.29
1072.3
1072.31
1072.32
1072.33
1072.35
1072.36
1072.38
1072.4
1072.42
1072.45
1072.45
1072.45
1072.45
1072.44
1072.43
1072.43
1072.42
1072.42
1072.41
1072.41
1072.42
1072.42
1072.44
1072.45
1072.45
1072.44
1072.44
1072.45
1072.46
1072.46
1072.45
1072.44
1072.42
1072.41
1072.41
1072.41
1072.4
1072.4
1072.4
1072.4
1072.39
1072.38
1072.37
1072.36
1072.35
1072.34
1072.33
1072.33
1072.33
1072.33
1072.33
1072.33
1072.32
1072.32
1072.32
1072.32
1072.32
1072.32
1072.32
1072.32
1072.32
1072.32
1072.32
1072.32
1072.32
1072.32
1072.32
1072.33
1072.33
1072.33
1072.33
1072.33
1072.33
1072.33
1072.33
1072.33
1072.33
1072.33
1072.33
1072.33
1072.33
1072.33
1072.33
1072.33
1072.33
1072.33
1072.33
1072.33
1072.33
1072.33
1257.1
1257.12
1257.1
1257.06
1257.04
1257.01
1257
1257
1257.03
1257.03
1257.04
1257.05
1257.06
1257.07
1257.09
1257.1
1257.11
1257.13
1257.15
1257.18
1257.19
1257.17
1257.17
1257.16
1257.14
1257.14
1257.16
1257.15
1257.15
1257.14
1257.15
1257.15
1257.16
1257.17
1257.17
1257.16
1257.16
1257.17
1257.19
1257.18
1257.17
1257.15
1257.13
1257.12
1257.14
1257.14
1257.14
1257.14
1257.14
1257.14
1257.14
1257.13
1257.11
1257.1
1257.09
1257.07
1257.07
1257.06
1257.06
1257.06
1257.06
1257.06
1257.06
1257.06
1257.06
1257.06
1257.06
1257.06
1257.06
1257.06
1257.06
1257.06
1257.07
1257.07
1257.07
1257.07
1257.07
1257.07
1257.07
1257.07
1257.07
1257.07
1257.07
1257.07
1257.07
1257.07
1257.08
1257.08
1257.08
1257.08
1257.08
1257.08
1257.08
1257.08
1257.08
1257.08
1257.08
1257.08
1257.08
1257.08
1509.24
1509.26
1509.27
1509.17
1509.14
1509.09
1509.06
1509.06
1509.19
1509.21
1509.21
1509.22
1509.24
1509.25
1509.25
1509.26
1509.27
1509.28
1509.3
1509.32
1509.36
1509.28
1509.27
1509.23
1509.2
1509.19
1509.31
1509.31
1509.3
1509.3
1509.3
1509.3
1509.31
1509.31
1509.33
1509.32
1509.32
1509.33
1509.35
1509.29
1509.27
1509.23
1509.18
1509.18
1509.3
1509.3
1509.3
1509.3
1509.31
1509.31
1509.3
1509.29
1509.28
1509.26
1509.25
1509.23
1509.22
1509.22
1509.22
1509.22
1509.22
1509.22
1509.22
1509.22
1509.22
1509.22
1509.22
1509.22
1509.22
1509.22
1509.23
1509.23
1509.23
1509.23
1509.23
1509.23
1509.23
1509.23
1509.23
1509.23
1509.23
1509.23
1509.24
1509.24
1509.24
1509.24
1509.24
1509.24
1509.24
1509.24
1509.24
1509.24
1509.24
1509.24
1509.24
1509.24
1509.24
1509.24
1509.24
1509.24
1874.78
1874.7
1874.82
1874.48
1874.39
1874.3
1874.17
1874.17
1874.78
1874.85
1874.84
1874.85
1874.86
1874.86
1874.86
1874.86
1874.86
1874.86
1874.89
1874.76
1874.92
1874.61
1874.52
1874.42
1874.29
1874.27
1874.88
1874.92
1874.9
1874.89
1874.89
1874.88
1874.89
1874.74
1874.88
1874.87
1874.85
1874.86
1874.9
1874.59
1874.52
1874.42
1874.28
1874.27
1874.87
1874.92
1874.9
1874.9
1874.91
1874.91
1874.9
1874.88
1874.87
1874.85
1874.84
1874.82
1874.81
1874.81
1874.81
1874.81
1874.81
1874.81
1874.81
1874.81
1874.81
1874.82
1874.82
1874.82
1874.82
1874.82
1874.82
1874.82
1874.82
1874.82
1874.82
1874.83
1874.83
1874.83
1874.83
1874.83
1874.83
1874.83
1874.83
1874.83
1874.83
1874.83
1874.83
1874.83
1874.83
1874.83
1874.83
1874.83
1874.83
1874.83
1874.83
1874.83
1874.83
1874.83
1874.83
1874.83
2452.9
2451.78
2452.41
2451.09
2450.67
2450.37
2449.89
2449.81
2453.11
2453.39
2453.32
2453.31
2453.3
2453.29
2453.28
2453.26
2453.25
2453.25
2453.32
2451.83
2452.53
2451.23
2450.79
2450.46
2449.96
2449.87
2453.16
2453.42
2453.33
2453.3
2453.28
2453.26
2453.32
2451.8
2452.41
2452.47
2452.43
2452.43
2452.54
2451.19
2450.78
2450.46
2449.97
2449.89
2453.18
2453.44
2453.36
2453.33
2453.32
2453.31
2453.29
2453.28
2453.26
2453.25
2453.23
2453.22
2453.21
2453.2
2453.2
2453.2
2453.2
2453.2
2453.21
2453.21
2453.21
2453.21
2453.21
2453.22
2453.22
2453.22
2453.22
2453.22
2453.22
2453.22
2453.22
2453.22
2453.22
2453.22
2453.22
2453.22
2453.22
2453.22
2453.22
2453.22
2453.22
2453.22
2453.22
2453.23
2453.23
2453.23
2453.23
2453.23
2453.23
2453.23
2453.23
2453.23
2453.23
2453.23
2453.23
2453.22
3500.89
3490.54
3493.03
3487.24
3485.04
3483.18
3481.25
3480.77
3501.83
3503.78
3503.6
3503.47
3503.4
3503.36
3503.32
3503.29
3503.26
3503.24
3503.7
3490.72
3493.17
3487.39
3485.15
3483.23
3481.26
3480.77
3501.81
3503.73
3503.52
3503.37
3503.29
3503.25
3503.68
3490.68
3492.87
3493.47
3493.51
3493.49
3493.88
3487.46
3485.14
3483.24
3481.29
3480.82
3501.89
3503.82
3503.61
3503.46
3503.39
3503.35
3503.32
3503.3
3503.29
3503.28
3503.27
3503.26
3503.26
3503.25
3503.25
3503.24
3503.25
3503.25
3503.25
3503.25
3503.26
3503.26
3503.26
3503.26
3503.26
3503.26
3503.26
3503.26
3503.27
3503.27
3503.27
3503.27
3503.27
3503.27
3503.27
3503.27
3503.27
3503.27
3503.27
3503.27
3503.27
3503.27
3503.27
3503.27
3503.27
3503.27
3503.27
3503.27
3503.27
3503.27
3503.27
3503.27
3503.27
3503.27
3503.27
3503.29
5931.7
5821.47
5815.8
5781.82
5774.49
5762.95
5757.17
5755.85
5933.87
5955.8
5957.79
5957.74
5957.59
5957.49
5957.41
5957.35
5957.3
5957.29
5959.76
5824.82
5816.35
5782.04
5774.64
5763.04
5757.2
5755.87
5933.8
5955.67
5957.62
5957.54
5957.39
5957.33
5959.78
5824.87
5816.17
5816.47
5816.71
5816.73
5817.55
5782.54
5774.69
5762.99
5757.15
5755.85
5933.9
5955.81
5957.77
5957.71
5957.56
5957.47
5957.43
5957.41
5957.41
5957.41
5957.41
5957.41
5957.4
5957.4
5957.39
5957.39
5957.39
5957.4
5957.4
5957.4
5957.4
5957.4
5957.4
5957.4
5957.4
5957.4
5957.4
5957.4
5957.41
5957.4
5957.41
5957.4
5957.4
5957.4
5957.4
5957.4
5957.4
5957.4
5957.4
5957.4
5957.4
5957.4
5957.4
5957.4
5957.4
5957.4
5957.4
5957.4
5957.4
5957.39
5957.39
5957.39
5957.39
5957.4
5957.42
5957.54
15646
13333.3
13333.3
13333.3
13333.3
13333.3
13333.3
13333.3
15652.6
15666.8
15668.1
15668.3
15668.2
15668
15667.8
15667.6
15667.3
15667
15668.7
13333.3
13333.3
13333.3
13333.3
13333.3
13333.3
13333.3
15651.5
15665.5
15666.7
15666.8
15666.7
15666.5
15668.3
13333.3
13333.3
13333.3
13333.3
13333.3
13333.3
13333.3
13333.3
13333.3
13333.3
13333.3
15652.7
15666.7
15667.9
15668
15668.1
15668
15668.1
15668.1
15668.1
15668.1
15668.1
15668.1
15668.1
15668.1
15668.1
15668.1
15668.1
15668.1
15668.1
15668.1
15668.1
15668.1
15668.1
15668.1
15668.1
15668.1
15668.1
15668.1
15668.1
15668.1
15668.1
15668.1
15668.1
15668.1
15668
15668
15668
15668
15668
15668
15668
15668
15668
15668
15668
15668
15668
15668
15668
15668
15668
15668
15668
15668
15667.9
15667.9
)
;

boundaryField
{
    inlet
    {
        type            cyclic;
    }
    outlet
    {
        type            cyclic;
    }
    bottomWall
    {
        beta1           0.075;
        blended         false;
        type            omegaWallFunction;
        value           nonuniform List<scalar> 
100
(
13333.3
15645.1
13333.3
13333.3
13333.3
13333.3
15652.3
15671
13333.3
13333.3
13333.3
13333.3
13333.3
13333.3
13333.3
13333.3
13333.3
13333.3
13333.3
15658.2
15672.1
15673.3
15673.3
15673
15672.8
15672.5
15672.5
15672.4
15672.3
15672.2
15672.2
15672.2
15672.3
15672.7
15672.9
15673.1
15673.2
15673.1
15675
13333.3
13333.3
13333.3
13333.3
13333.3
13333.3
13333.3
13333.3
13333.3
13333.3
13333.3
13333.3
13333.3
13333.3
13333.3
13333.3
13333.3
13333.3
13333.3
13333.3
13333.3
13333.3
13333.3
13333.3
13333.3
13333.3
13333.3
13333.3
13333.3
13333.3
13333.3
13333.3
13333.3
13333.3
13333.3
13333.3
13333.3
13333.3
13333.3
13333.3
13333.3
13333.3
13333.3
13333.3
13333.3
13333.3
13333.3
13333.3
13333.3
13333.3
13333.3
13333.3
13333.3
13333.3
13333.3
13333.3
13333.3
13333.3
13333.3
13333.3
13333.3
)
;
    }
    topWall
    {
        beta1           0.075;
        blended         false;
        type            omegaWallFunction;
        value           nonuniform List<scalar> 
100
(
15646
13333.3
13333.3
13333.3
13333.3
13333.3
13333.3
13333.3
15652.6
15666.8
15668.1
15668.3
15668.2
15668
15667.8
15667.6
15667.3
15667
15668.7
13333.3
13333.3
13333.3
13333.3
13333.3
13333.3
13333.3
15651.5
15665.5
15666.7
15666.8
15666.7
15666.5
15668.3
13333.3
13333.3
13333.3
13333.3
13333.3
13333.3
13333.3
13333.3
13333.3
13333.3
13333.3
15652.7
15666.7
15667.9
15668
15668.1
15668
15668.1
15668.1
15668.1
15668.1
15668.1
15668.1
15668.1
15668.1
15668.1
15668.1
15668.1
15668.1
15668.1
15668.1
15668.1
15668.1
15668.1
15668.1
15668.1
15668.1
15668.1
15668.1
15668.1
15668.1
15668.1
15668.1
15668.1
15668.1
15668
15668
15668
15668
15668
15668
15668
15668
15668
15668
15668
15668
15668
15668
15668
15668
15668
15668
15668
15668
15667.9
15667.9
)
;
    }
    frontAndBack
    {
        type            empty;
    }
}


// ************************************************************************* //
