/*--------------------------------*- C++ -*----------------------------------*\
  =========                 |
  \\      /  F ield         | OpenFOAM: The Open Source CFD Toolbox
   \\    /   O peration     | Website:  https://openfoam.org
    \\  /    A nd           | Version:  11
     \\/     M anipulation  |
\*---------------------------------------------------------------------------*/
FoamFile
{
    format      ascii;
    class       volScalarField;
    location    "400";
    object      p;
}
// * * * * * * * * * * * * * * * * * * * * * * * * * * * * * * * * * * * * * //

dimensions      [0 2 -2 0 0 0 0];

internalField   nonuniform List<scalar> 
5000
(
-1.94306e-06
0.00335327
0.00435381
-0.00291938
-0.0163217
-0.029839
-0.0366709
-0.0342955
-0.0305618
-0.0311505
-0.0332525
-0.0346175
-0.0355287
-0.0362183
-0.0367202
-0.0387664
-0.0404726
-0.0387359
-0.036948
-0.0355866
-0.0337193
-0.0323745
-0.0309773
-0.029313
-0.026118
-0.02175
-0.0148996
-0.00663372
0.00386867
0.0144019
0.0266685
0.0380646
0.0496297
0.0580505
0.0640732
0.0673327
0.0695365
0.0713022
0.0745932
0.0743378
0.0659677
0.055562
0.045157
0.0366081
0.0296644
0.0252853
0.0225256
0.0212084
0.020377
0.0199664
0.0195885
0.0193809
0.0191188
0.0189597
0.0187094
0.0185584
0.0183293
0.0181722
0.0178842
0.0176152
0.0172243
0.0169009
0.0165279
0.0162547
0.015913
0.0156758
0.0153637
0.0151634
0.0148889
0.0146982
0.014382
0.0140927
0.0136719
0.0133305
0.0128791
0.0125427
0.0121225
0.0117823
0.0113884
0.0110351
0.0106824
0.010321
0.00996526
0.00961973
0.00925636
0.00891264
0.00858048
0.00822481
0.00788925
0.00753509
0.00717492
0.00682736
0.00645975
0.0061176
0.00572155
0.0053776
0.00497519
0.00457046
0.00378897
0.00154502
0.000259149
0.00335203
0.00413771
-0.00307704
-0.0163394
-0.0295113
-0.0363864
-0.0344179
-0.0308381
-0.0312553
-0.0332898
-0.0346349
-0.0355381
-0.0362247
-0.0367952
-0.0387117
-0.0403352
-0.0387061
-0.0367456
-0.0353182
-0.033591
-0.0323109
-0.0309507
-0.029304
-0.026117
-0.0217518
-0.0149035
-0.00663675
0.00386524
0.0144008
0.0266673
0.0380661
0.0496332
0.0580568
0.0640781
0.0673358
0.0695374
0.0713
0.0743356
0.0739999
0.065838
0.0555128
0.0451342
0.0365953
0.0296567
0.0252798
0.022522
0.021206
0.0203756
0.0199655
0.019588
0.0193805
0.0191186
0.0189595
0.0187093
0.0185582
0.0183292
0.018172
0.0178841
0.0176151
0.0172242
0.0169007
0.0165278
0.0162546
0.015913
0.0156757
0.0153638
0.0151633
0.014889
0.0146981
0.0143821
0.0140927
0.0136719
0.0133305
0.0128791
0.0125427
0.0121226
0.0117823
0.0113885
0.0110351
0.0106825
0.010321
0.0099653
0.00961972
0.0092564
0.00891263
0.00858052
0.00822481
0.00788929
0.00753507
0.00717496
0.00682734
0.00645978
0.00611759
0.00572158
0.00537758
0.00497527
0.00457052
0.00379034
0.00163876
0.000424173
0.00337871
0.00398524
-0.00322985
-0.0163639
-0.0293092
-0.0361527
-0.0344515
-0.0310195
-0.0313486
-0.0333305
-0.0346555
-0.0355496
-0.0362561
-0.0368826
-0.0387006
-0.0402389
-0.0386542
-0.0365975
-0.0350875
-0.0334417
-0.0322324
-0.0309176
-0.0292934
-0.0261177
-0.0217565
-0.014912
-0.0066426
0.00385832
0.0143997
0.0266649
0.0380701
0.0496408
0.0580708
0.0640887
0.0673429
0.06954
0.0712976
0.0741565
0.0737484
0.0657145
0.0554552
0.0451052
0.0365769
0.0296446
0.0252704
0.0225161
0.021202
0.0203737
0.0199642
0.0195876
0.0193801
0.0191185
0.0189592
0.0187093
0.018558
0.0183291
0.0181717
0.017884
0.0176147
0.017224
0.0169005
0.0165279
0.0162545
0.0159131
0.0156756
0.015364
0.0151632
0.0148892
0.014698
0.0143821
0.0140925
0.0136719
0.0133304
0.0128792
0.0125427
0.0121227
0.0117822
0.0113886
0.011035
0.0106825
0.0103209
0.00996539
0.00961964
0.00925649
0.00891257
0.00858061
0.00822476
0.00788939
0.007535
0.00717504
0.00682727
0.00645987
0.00611754
0.00572168
0.00537751
0.00497544
0.00457051
0.00378949
0.0017034
0.000534107
0.00341932
0.00388682
-0.00334883
-0.0163912
-0.0291924
-0.0359858
-0.0344466
-0.0311385
-0.0314298
-0.0333699
-0.0346756
-0.0355615
-0.0362893
-0.0369564
-0.0387088
-0.0401775
-0.0386034
-0.0364863
-0.0349118
-0.0333077
-0.0321547
-0.0308843
-0.0292845
-0.0261222
-0.0217649
-0.0149263
-0.00665148
0.00384744
0.0143988
0.0266613
0.0380772
0.0496529
0.0580936
0.0641056
0.0673541
0.0695443
0.0712964
0.0740436
0.073567
0.0656062
0.0553958
0.045074
0.0365543
0.0296285
0.0252569
0.0225079
0.0211963
0.0203713
0.0199625
0.0195872
0.0193795
0.0191187
0.0189589
0.0187095
0.0185575
0.0183292
0.0181711
0.0178839
0.0176143
0.0172239
0.0169001
0.016528
0.0162543
0.0159134
0.0156754
0.0153643
0.0151629
0.0148894
0.0146976
0.0143823
0.0140923
0.013672
0.0133302
0.0128793
0.0125425
0.0121229
0.0117821
0.0113887
0.0110349
0.0106827
0.0103208
0.00996556
0.00961949
0.00925665
0.00891244
0.00858076
0.00822464
0.00788956
0.00753486
0.00717519
0.00682713
0.00646004
0.00611741
0.00572185
0.00537737
0.00497574
0.00457045
0.00378785
0.00175277
0.00064596
0.00346628
0.00381604
-0.00343935
-0.016413
-0.0291051
-0.0358572
-0.0344438
-0.0312465
-0.0315147
-0.0334117
-0.0346968
-0.0355744
-0.0363116
-0.0370047
-0.038713
-0.0401209
-0.0385475
-0.0363867
-0.0347632
-0.0331849
-0.0320778
-0.0308528
-0.0292793
-0.0261321
-0.0217781
-0.0149471
-0.00666373
0.00383227
0.0143983
0.0266563
0.0380879
0.0496701
0.0581262
0.0641292
0.0673699
0.0695504
0.0712959
0.073954
0.0734069
0.0654993
0.0553316
0.0450395
0.0365262
0.0296078
0.0252387
0.0224973
0.0211889
0.0203684
0.0199605
0.0195869
0.0193789
0.019119
0.0189584
0.0187098
0.0185568
0.0183294
0.0181703
0.0178838
0.0176136
0.0172238
0.0168997
0.0165283
0.016254
0.0159138
0.0156751
0.0153647
0.0151624
0.0148897
0.014697
0.0143824
0.0140918
0.0136721
0.0133299
0.0128795
0.0125423
0.0121232
0.0117819
0.011389
0.0110347
0.0106829
0.0103206
0.0099658
0.00961926
0.0092569
0.00891223
0.008581
0.00822444
0.00788981
0.00753464
0.00717543
0.00682691
0.00646029
0.0061172
0.0057221
0.00537715
0.00497615
0.00457033
0.00378696
0.00180531
0.000776141
0.00352213
0.00375636
-0.00351549
-0.0164267
-0.0290254
-0.035746
-0.0344522
-0.0313642
-0.0316112
-0.0334597
-0.0347212
-0.0355893
-0.0363256
-0.0370343
-0.0387077
-0.0400574
-0.0384808
-0.0362858
-0.0346216
-0.0330648
-0.032
-0.0308234
-0.0292782
-0.0261479
-0.0217964
-0.0149747
-0.00667947
0.00381273
0.0143982
0.0266499
0.0381022
0.0496925
0.058169
0.0641598
0.0673903
0.0695584
0.0712954
0.0738675
0.0732451
0.0653854
0.0552588
0.0449996
0.0364918
0.029582
0.0252158
0.0224841
0.0211797
0.0203652
0.0199581
0.0195869
0.0193781
0.0191195
0.0189577
0.0187103
0.0185559
0.0183296
0.0181692
0.0178837
0.0176127
0.0172237
0.0168991
0.0165287
0.0162536
0.0159145
0.0156747
0.0153653
0.0151617
0.0148902
0.0146962
0.0143826
0.0140912
0.0136722
0.0133295
0.0128799
0.012542
0.0121235
0.0117816
0.0113893
0.0110344
0.0106832
0.0103203
0.00996612
0.00961894
0.00925722
0.00891195
0.00858132
0.00822418
0.00789013
0.00753434
0.00717574
0.00682661
0.00646062
0.00611691
0.00572242
0.00537683
0.00497667
0.0045702
0.00378764
0.00186776
0.000925678
0.00358921
0.00370137
-0.00358599
-0.0164339
-0.0289459
-0.0356409
-0.0344712
-0.0314973
-0.0317211
-0.0335155
-0.0347496
-0.0356062
-0.0363357
-0.037054
-0.0386933
-0.0399843
-0.0384016
-0.0361771
-0.0344755
-0.0329408
-0.0319193
-0.0307954
-0.0292812
-0.0261695
-0.02182
-0.0150092
-0.00669882
0.00378895
0.0143984
0.0266422
0.0381201
0.0497205
0.058222
0.0641974
0.0674153
0.0695681
0.0712945
0.0737773
0.0730734
0.0652612
0.0551755
0.0449533
0.0364507
0.0295508
0.025188
0.0224684
0.0211688
0.0203614
0.0199554
0.0195869
0.0193772
0.0191202
0.018957
0.0187109
0.0185549
0.0183299
0.0181679
0.0178837
0.0176117
0.0172237
0.0168985
0.0165293
0.0162532
0.0159152
0.0156741
0.0153661
0.0151608
0.0148908
0.0146951
0.0143829
0.0140905
0.0136724
0.0133289
0.0128802
0.0125416
0.012124
0.0117812
0.0113897
0.011034
0.0106835
0.0103199
0.00996652
0.00961855
0.00925763
0.00891158
0.00858172
0.00822384
0.00789053
0.00753395
0.00717613
0.00682623
0.00646103
0.00611654
0.00572282
0.00537644
0.00497728
0.00457014
0.00379031
0.00194134
0.0010924
0.00366809
0.00364992
-0.00365448
-0.0164371
-0.0288645
-0.0355372
-0.0344988
-0.0316451
-0.0318438
-0.0335792
-0.0347822
-0.0356251
-0.0363444
-0.0370686
-0.038672
-0.0399025
-0.0383109
-0.0360581
-0.0343188
-0.0328091
-0.0318341
-0.0307681
-0.0292881
-0.0261965
-0.0218487
-0.0150504
-0.00672185
0.00376112
0.0143987
0.0266332
0.0381412
0.0497539
0.0582849
0.0642419
0.0674447
0.0695796
0.0712927
0.0736814
0.0728906
0.0651263
0.0550816
0.0449001
0.0364029
0.0295141
0.0251554
0.02245
0.0211561
0.0203572
0.0199523
0.0195871
0.0193762
0.019121
0.0189561
0.0187116
0.0185536
0.0183303
0.0181664
0.0178838
0.0176106
0.0172238
0.0168978
0.01653
0.0162528
0.0159162
0.0156735
0.015367
0.0151598
0.0148914
0.0146939
0.0143832
0.0140896
0.0136726
0.0133283
0.0128807
0.0125411
0.0121245
0.0117807
0.0113901
0.0110335
0.0106839
0.0103195
0.00996697
0.0096181
0.00925809
0.00891117
0.00858217
0.00822344
0.00789099
0.00753351
0.00717658
0.00682579
0.00646151
0.0061161
0.00572328
0.00537598
0.00497796
0.0045702
0.00379531
0.00202462
0.00127338
0.0037586
0.0036023
-0.00372218
-0.0164381
-0.0287811
-0.0354338
-0.0345336
-0.0318054
-0.0319777
-0.0336502
-0.0348186
-0.0356458
-0.0363531
-0.0370806
-0.0386459
-0.0398133
-0.0382102
-0.0359281
-0.0341495
-0.0326678
-0.0317436
-0.0307411
-0.0292986
-0.0262288
-0.0218826
-0.015098
-0.00674863
0.0037295
0.014399
0.0266233
0.0381654
0.049793
0.0583577
0.0642932
0.0674786
0.0695927
0.0712898
0.07358
0.0726979
0.0649819
0.0549775
0.0448403
0.0363485
0.0294719
0.0251181
0.0224291
0.0211417
0.0203525
0.0199489
0.0195872
0.0193751
0.0191219
0.0189551
0.0187124
0.0185522
0.0183307
0.0181647
0.0178838
0.0176094
0.0172239
0.0168972
0.0165308
0.0162523
0.0159172
0.0156728
0.015368
0.0151587
0.0148921
0.0146924
0.0143835
0.0140885
0.0136728
0.0133276
0.0128811
0.0125406
0.012125
0.0117802
0.0113906
0.011033
0.0106844
0.010319
0.00996749
0.00961759
0.00925862
0.00891069
0.0085827
0.00822298
0.00789151
0.00753301
0.00717709
0.00682529
0.00646204
0.0061156
0.00572379
0.00537545
0.0049787
0.00457042
0.00380272
0.00211563
0.00146607
0.0038601
0.00355905
-0.00378929
-0.0164374
-0.0286969
-0.0353309
-0.0345746
-0.0319761
-0.0321213
-0.0337277
-0.0348587
-0.0356681
-0.0363625
-0.0370911
-0.0386162
-0.0397182
-0.0381013
-0.0357872
-0.0339674
-0.0325166
-0.0316478
-0.0307139
-0.0293126
-0.0262659
-0.0219215
-0.0151518
-0.00677922
0.00369442
0.0143991
0.0266124
0.0381923
0.0498376
0.0584398
0.0643512
0.0675165
0.0696075
0.0712858
0.0734737
0.0724973
0.0648291
0.0548642
0.0447741
0.0362879
0.0294244
0.0250763
0.0224056
0.0211258
0.0203472
0.0199452
0.0195875
0.0193739
0.0191229
0.0189541
0.0187134
0.0185507
0.0183312
0.0181628
0.0178839
0.0176081
0.017224
0.0168964
0.0165317
0.0162518
0.0159184
0.0156721
0.0153691
0.0151575
0.0148929
0.0146909
0.0143837
0.0140874
0.0136731
0.0133269
0.0128817
0.01254
0.0121256
0.0117797
0.0113912
0.0110325
0.0106849
0.0103185
0.00996804
0.00961705
0.00925918
0.00891018
0.00858324
0.0082225
0.00789206
0.00753247
0.00717762
0.00682476
0.0064626
0.00611506
0.00572434
0.00537489
0.00497949
0.00457082
0.00381261
0.00221288
0.00166803
0.00397195
0.0035208
-0.00385545
-0.0164356
-0.0286128
-0.0352291
-0.0346211
-0.0321552
-0.0322733
-0.0338107
-0.034902
-0.0356918
-0.0363729
-0.037101
-0.0385838
-0.0396188
-0.0379858
-0.0356359
-0.0337731
-0.0323554
-0.0315468
-0.0306867
-0.02933
-0.0263076
-0.0219653
-0.0152113
-0.00681363
0.00365613
0.0143987
0.0266008
0.0382216
0.0498877
0.0585309
0.0644157
0.0675584
0.0696238
0.0712807
0.0733632
0.0722906
0.0646692
0.0547425
0.0447018
0.0362213
0.0293716
0.0250303
0.0223795
0.0211084
0.0203415
0.0199412
0.0195877
0.0193727
0.019124
0.018953
0.0187143
0.0185492
0.0183316
0.0181608
0.0178841
0.0176068
0.0172242
0.0168957
0.0165328
0.0162513
0.0159197
0.0156713
0.0153703
0.0151562
0.0148936
0.0146892
0.014384
0.0140862
0.0136733
0.0133261
0.0128822
0.0125395
0.0121262
0.0117791
0.0113917
0.0110319
0.0106855
0.0103179
0.00996862
0.00961648
0.00925978
0.00890964
0.00858384
0.00822197
0.00789265
0.0075319
0.0071782
0.00682419
0.00646321
0.00611449
0.00572491
0.00537429
0.00498032
0.00457146
0.00382488
0.00231536
0.00187779
0.00409344
0.00348795
-0.0039201
-0.0164328
-0.0285297
-0.0351296
-0.0346727
-0.0323414
-0.0324324
-0.0338988
-0.0349481
-0.0357168
-0.0363842
-0.0371105
-0.0385492
-0.0395162
-0.0378651
-0.0354749
-0.0335674
-0.032185
-0.0314409
-0.0306595
-0.0293506
-0.0263536
-0.0220139
-0.0152763
-0.00685186
0.00361497
0.0143978
0.0265887
0.0382529
0.0499433
0.0586307
0.0644866
0.0676039
0.0696416
0.0712744
0.0732495
0.0720795
0.0645034
0.0546135
0.0446238
0.0361493
0.0293138
0.0249803
0.022351
0.0210895
0.0203352
0.019937
0.0195879
0.0193715
0.0191251
0.0189519
0.0187153
0.0185476
0.0183321
0.0181588
0.0178842
0.0176054
0.0172244
0.016895
0.0165339
0.0162509
0.015921
0.0156706
0.0153716
0.0151549
0.0148944
0.0146874
0.0143843
0.0140849
0.0136735
0.0133253
0.0128828
0.0125388
0.0121268
0.0117785
0.0113923
0.0110313
0.010686
0.0103174
0.00996922
0.00961591
0.00926038
0.0089091
0.00858443
0.00822144
0.00789324
0.00753132
0.00717878
0.00682361
0.00646382
0.0061139
0.00572549
0.00537367
0.00498117
0.00457233
0.00383948
0.00242209
0.00209381
0.00422402
0.00346096
-0.00398269
-0.0164294
-0.0284483
-0.035033
-0.034729
-0.0325336
-0.0325978
-0.0339911
-0.0349968
-0.035743
-0.0363965
-0.0371196
-0.0385129
-0.0394112
-0.0377403
-0.0353052
-0.0333509
-0.0320059
-0.0313306
-0.0306323
-0.0293746
-0.0264037
-0.022067
-0.0153465
-0.00689386
0.00357116
0.0143962
0.0265761
0.038286
0.0500042
0.0587387
0.0645636
0.0676531
0.0696607
0.0712671
0.0731332
0.0718654
0.0643326
0.0544778
0.0445404
0.0360721
0.0292511
0.0249265
0.0223199
0.0210693
0.0203284
0.0199325
0.019588
0.0193703
0.0191262
0.0189508
0.0187164
0.0185459
0.0183326
0.0181567
0.0178844
0.017604
0.0172246
0.0168943
0.016535
0.0162504
0.0159223
0.0156698
0.0153728
0.0151536
0.0148952
0.0146855
0.0143846
0.0140836
0.0136737
0.0133245
0.0128834
0.0125382
0.0121275
0.0117779
0.0113929
0.0110307
0.0106866
0.0103168
0.00996983
0.00961532
0.00926101
0.00890854
0.00858505
0.00822089
0.00789386
0.00753072
0.00717939
0.00682302
0.00646445
0.0061133
0.00572607
0.00537304
0.00498204
0.00457347
0.00385623
0.00253234
0.00231519
0.00436312
0.00344008
-0.00404268
-0.0164255
-0.0283694
-0.0349399
-0.0347897
-0.0327306
-0.0327684
-0.0340874
-0.0350477
-0.0357701
-0.0364097
-0.0371282
-0.0384753
-0.0393046
-0.0376121
-0.0351276
-0.0331245
-0.031819
-0.0312162
-0.0306053
-0.0294017
-0.0264576
-0.0221245
-0.0154213
-0.00693959
0.00352498
0.0143937
0.0265633
0.0383207
0.0500704
0.0588545
0.0646466
0.0677055
0.0696812
0.0712588
0.0730152
0.0716496
0.0641576
0.0543363
0.0444521
0.0359901
0.0291838
0.0248691
0.0222864
0.0210478
0.0203211
0.0199279
0.019588
0.0193691
0.0191273
0.0189497
0.0187175
0.0185443
0.018333
0.0181546
0.0178846
0.0176026
0.0172248
0.0168936
0.0165361
0.01625
0.0159238
0.0156691
0.0153741
0.0151523
0.0148959
0.0146836
0.0143848
0.0140823
0.013674
0.0133236
0.0128839
0.0125376
0.0121281
0.0117773
0.0113935
0.0110301
0.0106872
0.0103163
0.00997044
0.00961475
0.00926162
0.00890801
0.00858565
0.00822036
0.00789446
0.00753014
0.00717998
0.00682244
0.00646507
0.00611271
0.00572664
0.00537241
0.00498292
0.00457489
0.00387503
0.00264535
0.00254081
0.00451033
0.00342562
-0.00409971
-0.0164214
-0.0282934
-0.0348511
-0.0348547
-0.0329317
-0.0329435
-0.0341871
-0.0351006
-0.0357981
-0.0364236
-0.0371364
-0.0384365
-0.0391969
-0.0374811
-0.034943
-0.0328888
-0.031625
-0.0310983
-0.0305784
-0.0294321
-0.0265152
-0.0221862
-0.0155007
-0.00698895
0.00347663
0.0143904
0.0265502
0.0383566
0.0501417
0.0589778
0.0647354
0.067761
0.0697028
0.0712495
0.072896
0.0714332
0.0639793
0.0541895
0.0443591
0.0359036
0.029112
0.0248084
0.0222505
0.0210251
0.0203132
0.0199231
0.019588
0.0193679
0.0191283
0.0189487
0.0187185
0.0185427
0.0183334
0.0181526
0.0178847
0.0176012
0.017225
0.016893
0.0165373
0.0162496
0.0159252
0.0156685
0.0153754
0.015151
0.0148966
0.0146817
0.014385
0.014081
0.0136741
0.0133228
0.0128845
0.012537
0.0121288
0.0117768
0.0113941
0.0110295
0.0106878
0.0103157
0.00997105
0.00961418
0.00926225
0.00890747
0.00858626
0.00821982
0.00789507
0.00752956
0.00718058
0.00682187
0.0064657
0.00611212
0.00572721
0.00537178
0.00498381
0.00457659
0.00389568
0.0027606
0.00277008
0.00466513
0.0034177
-0.00415346
-0.0164171
-0.0282208
-0.0347668
-0.0349235
-0.033136
-0.0331225
-0.03429
-0.0351553
-0.0358268
-0.0364382
-0.0371439
-0.038397
-0.0390886
-0.037348
-0.0347521
-0.0326448
-0.0314246
-0.0309772
-0.0305519
-0.0294655
-0.0265762
-0.022252
-0.0155843
-0.00704189
0.00342636
0.0143859
0.0265371
0.0383935
0.0502179
0.0591081
0.0648296
0.0678194
0.0697255
0.0712395
0.0727761
0.0712172
0.0637983
0.054038
0.0442619
0.035813
0.029036
0.0247444
0.0222123
0.0210013
0.0203049
0.0199181
0.0195879
0.0193667
0.0191294
0.0189477
0.0187195
0.0185412
0.0183337
0.0181505
0.0178847
0.0175998
0.0172252
0.0168924
0.0165385
0.0162493
0.0159266
0.0156679
0.0153767
0.0151497
0.0148972
0.0146797
0.0143851
0.0140796
0.0136743
0.013322
0.0128851
0.0125364
0.0121294
0.0117762
0.0113947
0.011029
0.0106883
0.0103152
0.00997164
0.00961365
0.00926285
0.00890696
0.00858684
0.00821932
0.00789564
0.00752901
0.00718115
0.00682132
0.00646629
0.00611156
0.00572776
0.00537118
0.00498469
0.00457859
0.00391806
0.00287753
0.00300215
0.00482715
0.0034165
-0.00420371
-0.0164127
-0.028152
-0.0346875
-0.034996
-0.033343
-0.0333046
-0.0343955
-0.0352115
-0.0358562
-0.0364533
-0.0371509
-0.0383568
-0.0389803
-0.0372132
-0.0345556
-0.0323932
-0.0312185
-0.0308535
-0.0305258
-0.029502
-0.0266405
-0.0223216
-0.0156718
-0.00709827
0.00337429
0.0143805
0.0265239
0.0384313
0.0502989
0.0592452
0.0649292
0.0678805
0.0697493
0.0712287
0.0726562
0.0710024
0.0636154
0.0538823
0.0441606
0.0357187
0.0289558
0.0246776
0.022172
0.0209764
0.0202961
0.019913
0.0195877
0.0193654
0.0191304
0.0189467
0.0187205
0.0185397
0.0183341
0.0181485
0.0178847
0.0175984
0.0172253
0.0168918
0.0165397
0.0162491
0.015928
0.0156673
0.0153779
0.0151485
0.0148977
0.0146778
0.0143852
0.0140783
0.0136745
0.0133212
0.0128856
0.0125358
0.01213
0.0117757
0.0113952
0.0110285
0.0106889
0.0103147
0.00997223
0.00961312
0.00926345
0.00890646
0.00858742
0.00821882
0.00789622
0.00752847
0.00718173
0.00682078
0.00646688
0.006111
0.00572829
0.00537058
0.00498557
0.00458088
0.00394195
0.00299572
0.00323663
0.00499594
0.00342201
-0.00425023
-0.0164085
-0.0280872
-0.0346133
-0.0350719
-0.0335519
-0.0334893
-0.0345034
-0.035269
-0.035886
-0.0364688
-0.0371574
-0.0383161
-0.0388722
-0.0370773
-0.0343539
-0.0321347
-0.0310074
-0.0307275
-0.0305001
-0.0295414
-0.0267078
-0.0223948
-0.015763
-0.00715803
0.00332063
0.014374
0.0265107
0.0384697
0.0503845
0.0593888
0.0650338
0.067944
0.0697739
0.0712174
0.0725365
0.0707895
0.0634312
0.0537228
0.0440557
0.0356208
0.0288717
0.0246078
0.0221295
0.0209506
0.0202868
0.0199077
0.0195874
0.0193642
0.0191314
0.0189458
0.0187214
0.0185382
0.0183343
0.0181464
0.0178846
0.017597
0.0172255
0.0168913
0.0165409
0.0162489
0.0159294
0.0156668
0.0153792
0.0151474
0.0148982
0.0146758
0.0143853
0.014077
0.0136746
0.0133205
0.0128861
0.0125353
0.0121306
0.0117751
0.0113958
0.011028
0.0106894
0.0103142
0.00997279
0.00961263
0.00926402
0.008906
0.00858796
0.00821836
0.00789676
0.00752797
0.00718227
0.00682028
0.00646743
0.00611048
0.00572879
0.00537001
0.00498643
0.00458345
0.00396721
0.00311473
0.00347285
0.0051712
0.00343426
-0.00429289
-0.0164043
-0.0280268
-0.0345446
-0.035151
-0.0337622
-0.0336761
-0.0346133
-0.0353276
-0.0359164
-0.0364847
-0.0371632
-0.0382751
-0.0387649
-0.0369408
-0.0341477
-0.03187
-0.0307919
-0.0305996
-0.0304749
-0.0295839
-0.0267779
-0.0224716
-0.0158577
-0.00722106
0.00326545
0.0143664
0.0264976
0.0385087
0.0504744
0.0595385
0.0651433
0.0680099
0.0697994
0.0712055
0.0724176
0.0705792
0.0632461
0.05356
0.0439473
0.0355196
0.028784
0.0245354
0.0220851
0.0209238
0.0202771
0.0199023
0.019587
0.019363
0.0191324
0.0189449
0.0187222
0.0185369
0.0183346
0.0181444
0.0178845
0.0175957
0.0172257
0.0168908
0.0165421
0.0162488
0.0159308
0.0156664
0.0153804
0.0151463
0.0148987
0.0146739
0.0143854
0.0140757
0.0136747
0.0133197
0.0128866
0.0125348
0.0121311
0.0117747
0.0113963
0.0110275
0.0106899
0.0103138
0.00997334
0.00961216
0.00926458
0.00890555
0.0085885
0.00821791
0.00789729
0.00752749
0.00718281
0.0068198
0.00646798
0.00610998
0.00572926
0.00536946
0.0049873
0.00458631
0.00399362
0.00323428
0.00371059
0.00535254
0.00345312
-0.00433157
-0.0164005
-0.0279708
-0.0344814
-0.0352331
-0.0339736
-0.0338646
-0.0347249
-0.0353872
-0.035947
-0.0365009
-0.0371685
-0.038234
-0.0386586
-0.036804
-0.0339375
-0.0315998
-0.0305725
-0.03047
-0.0304502
-0.0296293
-0.0268506
-0.0225515
-0.0159555
-0.0072873
0.00320894
0.0143576
0.0264845
0.0385479
0.0505686
0.0596942
0.0652573
0.0680778
0.0698256
0.0711931
0.0722997
0.0703719
0.0630607
0.0533943
0.0438358
0.0354155
0.0286926
0.0244605
0.0220389
0.0208962
0.0202669
0.0198968
0.0195866
0.0193619
0.0191334
0.0189441
0.018723
0.0185355
0.0183347
0.0181424
0.0178843
0.0175944
0.0172258
0.0168904
0.0165432
0.0162488
0.0159322
0.015666
0.0153815
0.0151452
0.0148991
0.014672
0.0143854
0.0140745
0.0136747
0.013319
0.0128871
0.0125343
0.0121317
0.0117742
0.0113968
0.0110271
0.0106904
0.0103134
0.00997386
0.00961172
0.0092651
0.00890515
0.008589
0.00821751
0.00789778
0.00752705
0.0071833
0.00681935
0.00646848
0.0061095
0.00572971
0.00536894
0.00498815
0.00458944
0.00402105
0.003354
0.00394928
0.00553967
0.00347859
-0.00436618
-0.0163971
-0.0279195
-0.0344239
-0.035318
-0.0341854
-0.0340542
-0.0348379
-0.0354476
-0.035978
-0.0365173
-0.0371733
-0.0381928
-0.0385535
-0.0366675
-0.0337239
-0.0313245
-0.0303498
-0.0303391
-0.0304262
-0.0296775
-0.0269259
-0.0226346
-0.0160564
-0.00735661
0.00315115
0.014348
0.0264716
0.0385872
0.0506668
0.0598555
0.0653757
0.0681476
0.0698524
0.0711805
0.0721833
0.0701681
0.0628754
0.0532261
0.0437214
0.0353087
0.028598
0.0243831
0.0219909
0.0208679
0.0202563
0.0198913
0.019586
0.0193608
0.0191343
0.0189434
0.0187236
0.0185343
0.0183349
0.0181404
0.0178842
0.0175931
0.0172259
0.01689
0.0165444
0.0162488
0.0159336
0.0156658
0.0153826
0.0151443
0.0148994
0.0146701
0.0143853
0.0140733
0.0136748
0.0133184
0.0128875
0.0125338
0.0121322
0.0117738
0.0113973
0.0110266
0.0106909
0.010313
0.00997436
0.00961131
0.00926561
0.00890475
0.00858949
0.00821711
0.00789827
0.00752662
0.00718379
0.00681892
0.00646897
0.00610905
0.00573013
0.00536844
0.00498899
0.00459282
0.00404926
0.00347368
0.00418879
0.00573215
0.00351051
-0.00439667
-0.0163941
-0.027873
-0.0343721
-0.0354055
-0.0343974
-0.0342446
-0.0349521
-0.0355086
-0.0360091
-0.0365339
-0.0371777
-0.0381518
-0.0384499
-0.0365315
-0.0335074
-0.0310447
-0.0301244
-0.0302069
-0.0304028
-0.0297286
-0.0270035
-0.0227204
-0.0161601
-0.00742883
0.00309222
0.0143372
0.0264587
0.0386265
0.0507688
0.0600222
0.0654982
0.0682191
0.0698798
0.0711676
0.0720685
0.0699683
0.0626907
0.0530559
0.0436044
0.0351994
0.0285002
0.0243035
0.0219413
0.0208388
0.0202454
0.0198856
0.0195854
0.0193598
0.0191351
0.0189427
0.0187242
0.0185331
0.0183349
0.0181384
0.0178841
0.0175919
0.017226
0.0168897
0.0165455
0.0162489
0.0159349
0.0156655
0.0153837
0.0151434
0.0148996
0.0146683
0.0143853
0.0140721
0.0136748
0.0133177
0.0128879
0.0125334
0.0121327
0.0117734
0.0113978
0.0110263
0.0106913
0.0103126
0.00997483
0.00961094
0.00926608
0.0089044
0.00858993
0.00821677
0.00789871
0.00752624
0.00718423
0.00681853
0.00646941
0.00610862
0.00573052
0.00536796
0.00498982
0.00459644
0.00407811
0.00359299
0.00442869
0.00592968
0.00354882
-0.00442305
-0.0163915
-0.0278314
-0.0343259
-0.0354952
-0.0346093
-0.0344353
-0.0350671
-0.0355701
-0.0360405
-0.0365507
-0.0371817
-0.0381109
-0.038348
-0.0363963
-0.0332882
-0.0307607
-0.0298966
-0.0300737
-0.0303802
-0.0297824
-0.0270833
-0.022809
-0.0162665
-0.00750383
0.00303216
0.0143254
0.0264459
0.0386658
0.0508744
0.0601942
0.0656247
0.0682922
0.0699077
0.0711547
0.0719556
0.0697727
0.0625071
0.0528839
0.0434851
0.0350879
0.0283995
0.0242217
0.0218902
0.0208092
0.0202341
0.0198799
0.0195846
0.0193589
0.0191359
0.0189421
0.0187247
0.018532
0.0183349
0.0181365
0.0178839
0.0175908
0.0172261
0.0168894
0.0165466
0.0162491
0.0159362
0.0156654
0.0153848
0.0151426
0.0148998
0.0146665
0.0143852
0.0140709
0.0136748
0.0133171
0.0128883
0.012533
0.0121331
0.011773
0.0113982
0.0110259
0.0106918
0.0103123
0.00997528
0.00961058
0.00926654
0.00890406
0.00859037
0.00821643
0.00789915
0.00752588
0.00718467
0.00681816
0.00646984
0.00610822
0.00573088
0.00536751
0.00499064
0.00460028
0.00410731
0.00371175
0.00466914
0.00613203
0.0035934
-0.00444535
-0.0163895
-0.0277946
-0.0342852
-0.0355871
-0.0348205
-0.034626
-0.0351826
-0.0356318
-0.0360715
-0.0365671
-0.0371849
-0.0380697
-0.0382472
-0.0362618
-0.0330665
-0.030473
-0.0296669
-0.0299399
-0.0303583
-0.029839
-0.0271652
-0.0229001
-0.0163753
-0.00758141
0.00297122
0.0143128
0.0264334
0.038705
0.0509835
0.0603711
0.0657549
0.0683664
0.0699359
0.0711415
0.0718446
0.0695815
0.0623243
0.05271
0.0433632
0.034974
0.0282956
0.0241375
0.0218373
0.0207787
0.0202222
0.0198738
0.0195835
0.0193577
0.0191364
0.0189414
0.0187251
0.0185309
0.0183347
0.0181344
0.0178836
0.0175896
0.0172261
0.0168891
0.0165476
0.0162492
0.0159374
0.0156652
0.0153858
0.0151419
0.0149
0.0146647
0.014385
0.0140698
0.0136748
0.0133165
0.0128887
0.0125326
0.0121336
0.0117727
0.0113987
0.0110256
0.0106922
0.010312
0.00997571
0.00961028
0.00926697
0.00890377
0.00859077
0.00821615
0.00789955
0.00752556
0.00718507
0.00681783
0.00647024
0.00610784
0.00573121
0.00536709
0.00499144
0.00460433
0.00413685
0.00382979
0.00490925
0.00633929
0.0036445
-0.00446359
-0.016388
-0.0277626
-0.0342503
-0.0356809
-0.0350307
-0.0348165
-0.0352981
-0.0356931
-0.0361021
-0.036583
-0.037187
-0.0380282
-0.038148
-0.0361289
-0.0328435
-0.0301826
-0.029436
-0.0298058
-0.0303368
-0.029898
-0.0272492
-0.0229934
-0.0164861
-0.00766155
0.00290934
0.0142995
0.0264213
0.0387439
0.051096
0.0605528
0.0658883
0.0684418
0.0699646
0.0711287
0.0717362
0.0693952
0.0621428
0.0525342
0.0432388
0.0348579
0.0281889
0.0240512
0.021783
0.0207475
0.0202096
0.0198672
0.0195817
0.019356
0.0191364
0.0189404
0.0187253
0.0185299
0.0183345
0.0181325
0.0178832
0.0175884
0.0172259
0.0168886
0.0165484
0.0162493
0.0159385
0.0156651
0.0153867
0.0151412
0.0149001
0.014663
0.0143849
0.0140688
0.0136748
0.013316
0.0128891
0.0125323
0.012134
0.0117724
0.0113991
0.0110253
0.0106926
0.0103117
0.00997613
0.00960998
0.00926738
0.0089035
0.00859117
0.00821587
0.00789995
0.00752526
0.00718547
0.00681752
0.00647063
0.0061075
0.00573152
0.00536668
0.00499231
0.00460861
0.00416735
0.00394724
0.0051487
0.00655056
0.00370158
-0.00447752
-0.0163869
-0.0277356
-0.0342212
-0.0357769
-0.0352402
-0.0350068
-0.0354143
-0.0357549
-0.0361331
-0.0365994
-0.0371896
-0.0379881
-0.0380518
-0.0359988
-0.0326202
-0.02989
-0.0292043
-0.0296716
-0.0303159
-0.0299594
-0.027335
-0.0230889
-0.0165991
-0.0077443
0.00284636
0.014285
0.0264089
0.0387818
0.0512111
0.0607387
0.0660248
0.0685182
0.0699941
0.0711165
0.0716312
0.0692151
0.0619641
0.0523582
0.0431133
0.0347408
0.0280803
0.0239635
0.021728
0.0207165
0.0201975
0.0198612
0.0195803
0.0193547
0.0191366
0.0189395
0.0187255
0.018529
0.0183345
0.0181307
0.017883
0.0175874
0.0172259
0.0168884
0.0165494
0.0162494
0.0159396
0.015665
0.0153876
0.0151407
0.0149002
0.0146614
0.0143847
0.0140677
0.0136747
0.0133155
0.0128894
0.0125319
0.0121344
0.0117721
0.0113994
0.0110251
0.0106929
0.0103115
0.00997649
0.00960971
0.00926775
0.00890326
0.0085915
0.00821562
0.00790029
0.00752499
0.00718581
0.00681723
0.00647096
0.00610716
0.00573179
0.00536628
0.00499316
0.004613
0.004198
0.00406324
0.00538743
0.00676529
0.00376415
-0.00448713
-0.0163861
-0.0277142
-0.0341977
-0.0358746
-0.0354489
-0.0351965
-0.0355309
-0.0358175
-0.0361648
-0.0366165
-0.0371928
-0.0379496
-0.0379589
-0.0358715
-0.0323964
-0.029595
-0.0289713
-0.0295374
-0.030296
-0.0300234
-0.0274221
-0.0231862
-0.0167144
-0.00782934
0.0027824
0.0142692
0.0263962
0.0388189
0.0513286
0.0609288
0.0661645
0.0685955
0.0700236
0.0711044
0.0715289
0.0690412
0.061789
0.0521826
0.0429873
0.034623
0.0279699
0.0238745
0.021672
0.0206856
0.0201858
0.0198559
0.0195797
0.0193542
0.0191373
0.0189391
0.0187259
0.0185281
0.0183344
0.018129
0.017883
0.0175867
0.0172262
0.0168883
0.0165505
0.0162498
0.0159408
0.0156651
0.0153885
0.0151401
0.0149002
0.0146597
0.0143845
0.0140666
0.0136746
0.0133149
0.0128897
0.0125316
0.0121348
0.0117718
0.0113998
0.0110248
0.0106933
0.0103112
0.00997683
0.00960943
0.00926809
0.00890301
0.00859183
0.00821537
0.00790063
0.00752471
0.00718614
0.00681694
0.00647127
0.00610683
0.00573203
0.00536589
0.00499393
0.00461748
0.0042278
0.00417735
0.00562553
0.0069837
0.00383212
-0.00449279
-0.0163859
-0.0276978
-0.0341795
-0.0359735
-0.0356559
-0.035385
-0.0356471
-0.0358797
-0.0361959
-0.0366331
-0.0371953
-0.0379113
-0.0378681
-0.0357462
-0.0321719
-0.0292978
-0.0287378
-0.0294036
-0.030277
-0.03009
-0.0275106
-0.0232852
-0.0168313
-0.00791633
0.00271788
0.0142527
0.0263838
0.0388554
0.0514489
0.0611231
0.0663072
0.0686734
0.0700531
0.0710922
0.0714288
0.0688725
0.0616161
0.0520064
0.04286
0.034504
0.0278573
0.0237838
0.0216145
0.0206538
0.0201734
0.0198502
0.0195787
0.0193537
0.019138
0.0189387
0.0187263
0.0185274
0.0183342
0.0181273
0.0178828
0.0175859
0.0172264
0.0168883
0.0165515
0.0162502
0.0159419
0.0156651
0.0153894
0.0151397
0.0149002
0.0146581
0.0143842
0.0140656
0.0136745
0.0133144
0.01289
0.0125312
0.0121351
0.0117715
0.0114001
0.0110246
0.0106936
0.010311
0.00997713
0.00960921
0.0092684
0.00890279
0.00859211
0.00821516
0.00790092
0.00752448
0.00718644
0.00681669
0.00647155
0.00610653
0.00573225
0.00536554
0.0049947
0.00462211
0.00425739
0.00428975
0.00586235
0.0072057
0.00390527
-0.00449471
-0.0163865
-0.0276865
-0.0341665
-0.0360735
-0.0358608
-0.0355718
-0.0357626
-0.0359413
-0.0362263
-0.0366489
-0.0371972
-0.0378734
-0.0377794
-0.0356234
-0.0319472
-0.0289988
-0.028504
-0.0292704
-0.030259
-0.0301588
-0.0276007
-0.0233857
-0.0169497
-0.00800508
0.0026528
0.0142355
0.0263717
0.0388912
0.0515716
0.0613213
0.0664523
0.0687518
0.0700826
0.0710801
0.0713314
0.0687094
0.061446
0.05183
0.0427316
0.034384
0.0277427
0.0236914
0.0215556
0.0206214
0.0201604
0.0198442
0.0195774
0.0193529
0.0191384
0.0189383
0.0187265
0.0185266
0.0183339
0.0181256
0.0178824
0.017585
0.0172264
0.0168882
0.0165525
0.0162505
0.015943
0.0156652
0.0153902
0.0151393
0.0149001
0.0146566
0.0143839
0.0140647
0.0136744
0.013314
0.0128902
0.012531
0.0121354
0.0117713
0.0114004
0.0110244
0.0106939
0.0103108
0.00997744
0.009609
0.00926871
0.00890259
0.00859241
0.00821496
0.00790122
0.00752427
0.00718674
0.00681645
0.00647183
0.00610625
0.00573246
0.00536521
0.00499547
0.00462687
0.00428668
0.0044002
0.00609746
0.00743101
0.00398315
-0.00449298
-0.0163877
-0.0276802
-0.0341587
-0.0361743
-0.0360635
-0.0357568
-0.0358772
-0.0360023
-0.0362563
-0.0366644
-0.0371988
-0.0378365
-0.0376935
-0.0355038
-0.0317232
-0.0286988
-0.0282706
-0.0291379
-0.0302417
-0.0302299
-0.027692
-0.0234873
-0.0170692
-0.00809551
0.00258721
0.0142175
0.0263597
0.0389259
0.0516964
0.0615229
0.0665997
0.0688305
0.0701122
0.0710684
0.0712371
0.0685526
0.0612791
0.0516539
0.0426026
0.0342634
0.0276267
0.023598
0.0214959
0.0205887
0.0201472
0.019838
0.0195759
0.0193522
0.0191388
0.0189378
0.0187267
0.0185259
0.0183336
0.0181239
0.0178821
0.0175842
0.0172265
0.0168882
0.0165534
0.0162509
0.0159441
0.0156654
0.015391
0.0151389
0.0149
0.0146551
0.0143836
0.0140638
0.0136743
0.0133136
0.0128905
0.0125307
0.0121357
0.0117711
0.0114007
0.0110242
0.0106941
0.0103106
0.00997771
0.00960882
0.00926898
0.00890243
0.00859265
0.00821479
0.00790148
0.00752408
0.00718701
0.00681625
0.00647208
0.006106
0.00573265
0.00536491
0.00499622
0.00463169
0.00431556
0.00450811
0.00633026
0.00765936
0.00406554
-0.00448769
-0.0163894
-0.0276789
-0.034156
-0.0362758
-0.0362636
-0.0359396
-0.0359908
-0.0360627
-0.036286
-0.0366797
-0.0372003
-0.0378006
-0.0376107
-0.0353876
-0.0315004
-0.0283983
-0.0280382
-0.0290065
-0.0302254
-0.0303029
-0.0277844
-0.0235899
-0.0171897
-0.00818745
0.00252121
0.0141988
0.0263479
0.0389596
0.0518229
0.0617278
0.0667491
0.0689094
0.0701418
0.0710573
0.0711461
0.0684022
0.061116
0.0514787
0.0424734
0.0341427
0.0275094
0.0235036
0.0214354
0.0205559
0.020134
0.0198319
0.0195744
0.0193515
0.0191392
0.0189374
0.0187269
0.0185253
0.0183333
0.0181223
0.0178817
0.0175834
0.0172265
0.0168881
0.0165543
0.0162513
0.0159452
0.0156655
0.0153917
0.0151386
0.0148999
0.0146537
0.0143833
0.0140629
0.0136742
0.0133132
0.0128907
0.0125305
0.012136
0.0117709
0.011401
0.0110241
0.0106944
0.0103104
0.00997797
0.00960865
0.00926925
0.00890226
0.00859291
0.00821462
0.00790174
0.00752391
0.00718727
0.00681606
0.00647231
0.00610575
0.00573282
0.00536462
0.00499696
0.00463657
0.00434386
0.00461323
0.00656057
0.00789027
0.00415202
-0.00447891
-0.0163917
-0.0276826
-0.0341582
-0.0363777
-0.036461
-0.03612
-0.0361032
-0.0361224
-0.0363152
-0.0366946
-0.0372017
-0.0377658
-0.0375308
-0.0352752
-0.0312793
-0.0280979
-0.0278072
-0.0288765
-0.0302102
-0.0303777
-0.0278776
-0.0236931
-0.0173109
-0.00828071
0.00245502
0.0141793
0.0263362
0.038992
0.0519508
0.0619354
0.0668999
0.0689882
0.0701713
0.0710469
0.0710587
0.0682586
0.0609571
0.0513047
0.0423444
0.0340221
0.0273912
0.0234084
0.0213744
0.0205231
0.0201206
0.0198257
0.0195729
0.0193508
0.0191395
0.018937
0.0187271
0.0185248
0.0183329
0.0181208
0.0178814
0.0175827
0.0172266
0.0168881
0.0165551
0.0162518
0.0159462
0.0156657
0.0153924
0.0151384
0.0148998
0.0146524
0.0143829
0.014062
0.0136741
0.0133128
0.0128909
0.0125303
0.0121362
0.0117707
0.0114012
0.0110239
0.0106946
0.0103103
0.0099782
0.0096085
0.00926949
0.00890213
0.00859312
0.00821449
0.00790196
0.00752376
0.0071875
0.00681589
0.00647252
0.00610552
0.00573297
0.00536436
0.00499768
0.00464146
0.00437148
0.00471507
0.0067877
0.00812339
0.00424224
-0.00446673
-0.0163944
-0.0276914
-0.0341652
-0.0364797
-0.036655
-0.0362975
-0.0362139
-0.0361812
-0.0363439
-0.0367091
-0.0372029
-0.0377323
-0.0374543
-0.0351669
-0.0310604
-0.0277982
-0.0275783
-0.0287482
-0.0301958
-0.0304542
-0.0279713
-0.0237967
-0.0174324
-0.00837504
0.00238874
0.014159
0.0263248
0.039023
0.0520798
0.0621454
0.067052
0.0690666
0.0702007
0.0710372
0.0709748
0.068122
0.0608026
0.0511322
0.0422159
0.0339018
0.0272724
0.0233126
0.021313
0.0204903
0.0201073
0.0198196
0.0195713
0.0193502
0.0191398
0.0189366
0.0187272
0.0185243
0.0183325
0.0181194
0.017881
0.017582
0.0172266
0.0168881
0.016556
0.0162523
0.0159472
0.0156659
0.0153931
0.0151383
0.0148996
0.0146511
0.0143825
0.0140612
0.013674
0.0133124
0.0128911
0.0125301
0.0121365
0.0117706
0.0114015
0.0110238
0.0106949
0.0103101
0.00997843
0.00960837
0.00926972
0.00890199
0.00859334
0.00821436
0.00790218
0.00752362
0.00718773
0.00681573
0.00647272
0.0061053
0.00573311
0.00536412
0.00499839
0.00464634
0.00439829
0.00481339
0.00701128
0.00835822
0.00433562
-0.00445131
-0.0163977
-0.027705
-0.0341768
-0.0365815
-0.0368454
-0.0364717
-0.0363229
-0.0362389
-0.0363719
-0.0367232
-0.0372039
-0.0377001
-0.0373811
-0.035063
-0.0308445
-0.0275
-0.0273521
-0.0286218
-0.0301824
-0.0305322
-0.0280653
-0.0239003
-0.0175538
-0.00847019
0.00232258
0.0141381
0.0263137
0.0390526
0.0522094
0.0623573
0.0672047
0.0691445
0.0702298
0.0710284
0.0708948
0.0679927
0.0606531
0.0509618
0.0420883
0.0337824
0.0271533
0.0232165
0.0212514
0.0204576
0.0200938
0.0198136
0.0195697
0.0193497
0.0191401
0.0189362
0.0187273
0.0185239
0.0183322
0.018118
0.0178806
0.0175813
0.0172266
0.016888
0.0165568
0.0162527
0.0159481
0.0156661
0.0153937
0.0151381
0.0148995
0.0146499
0.0143821
0.0140604
0.0136738
0.0133121
0.0128913
0.0125299
0.0121367
0.0117704
0.0114017
0.0110237
0.0106951
0.01031
0.00997862
0.00960826
0.00926992
0.0089019
0.00859351
0.00821426
0.00790237
0.00752352
0.00718792
0.0068156
0.00647289
0.00610509
0.00573324
0.0053639
0.00499908
0.00465116
0.0044242
0.00490767
0.00723049
0.0085942
0.00443175
-0.0044328
-0.0164014
-0.0277235
-0.0341926
-0.0366826
-0.0370317
-0.0366421
-0.0364298
-0.0362955
-0.0363991
-0.0367368
-0.0372048
-0.0376693
-0.0373115
-0.0349639
-0.0306321
-0.027204
-0.0271293
-0.0284977
-0.0301699
-0.0306114
-0.028159
-0.0240035
-0.017675
-0.00856581
0.00225668
0.0141165
0.0263028
0.0390806
0.0523392
0.0625704
0.0673576
0.0692216
0.0702585
0.0710204
0.0708187
0.0678707
0.0605091
0.0507941
0.041962
0.0336642
0.0270344
0.0231203
0.0211898
0.0204252
0.0200804
0.0198077
0.019568
0.0193491
0.0191403
0.0189358
0.0187274
0.0185236
0.0183318
0.0181167
0.0178801
0.0175807
0.0172267
0.016888
0.0165576
0.0162532
0.015949
0.0156663
0.0153944
0.0151381
0.0148993
0.0146488
0.0143817
0.0140597
0.0136737
0.0133118
0.0128915
0.0125297
0.0121369
0.0117703
0.0114019
0.0110236
0.0106953
0.0103099
0.00997881
0.00960815
0.00927011
0.00890179
0.0085937
0.00821414
0.00790256
0.00752341
0.00718812
0.00681546
0.00647306
0.0061049
0.00573335
0.00536369
0.00499975
0.00465591
0.00444907
0.00499765
0.00744489
0.00883047
0.0045301
-0.00441141
-0.0164056
-0.0277465
-0.0342125
-0.0367827
-0.0372132
-0.0368083
-0.0365342
-0.0363506
-0.0364256
-0.03675
-0.0372056
-0.0376401
-0.0372456
-0.0348697
-0.0304241
-0.0269113
-0.0269105
-0.0283763
-0.0301583
-0.0306917
-0.0282522
-0.024106
-0.0177953
-0.00866156
0.00219128
0.0140942
0.0262923
0.0391068
0.0524687
0.062784
0.0675102
0.0692975
0.0702869
0.0710134
0.0707467
0.0677565
0.0603709
0.0506294
0.0418374
0.0335476
0.0269161
0.0230245
0.0211284
0.0203931
0.020067
0.019802
0.0195663
0.0193486
0.0191406
0.0189355
0.0187276
0.0185233
0.0183314
0.0181155
0.0178796
0.0175801
0.0172267
0.0168881
0.0165584
0.0162537
0.0159498
0.0156665
0.015395
0.015138
0.0148992
0.0146478
0.0143813
0.014059
0.0136736
0.0133115
0.0128917
0.0125295
0.0121371
0.0117702
0.0114021
0.0110235
0.0106955
0.0103098
0.00997896
0.00960806
0.00927027
0.00890172
0.00859383
0.00821407
0.00790271
0.00752334
0.00718828
0.00681536
0.0064732
0.00610472
0.00573345
0.00536351
0.0050004
0.00466054
0.00447282
0.00508282
0.00765361
0.00906609
0.00463025
-0.00438735
-0.01641
-0.0277738
-0.0342362
-0.0368815
-0.0373894
-0.0369696
-0.0366358
-0.0364042
-0.0364512
-0.0367626
-0.0372064
-0.0376124
-0.0371836
-0.0347811
-0.0302213
-0.0266227
-0.0266967
-0.028258
-0.0301475
-0.0307725
-0.0283445
-0.0242072
-0.0179145
-0.00875703
0.00212655
0.0140715
0.0262821
0.0391312
0.0525973
0.0629974
0.0676619
0.0693721
0.0703147
0.0710073
0.070679
0.0676502
0.0602392
0.0504686
0.0417152
0.0334331
0.0267988
0.0229293
0.0210675
0.0203615
0.0200537
0.0197965
0.0195647
0.0193481
0.0191408
0.0189352
0.0187277
0.0185231
0.018331
0.0181144
0.0178791
0.0175795
0.0172268
0.0168881
0.0165591
0.0162543
0.0159506
0.0156668
0.0153955
0.015138
0.014899
0.0146468
0.0143808
0.0140583
0.0136735
0.0133113
0.0128918
0.0125294
0.0121372
0.0117701
0.0114023
0.0110235
0.0106956
0.0103097
0.00997911
0.00960798
0.00927043
0.00890163
0.00859399
0.00821398
0.00790287
0.00752326
0.00718845
0.00681525
0.00647334
0.00610456
0.00573354
0.00536333
0.00500103
0.00466503
0.00449532
0.00516293
0.00785615
0.00929986
0.0047317
-0.00436091
-0.0164148
-0.0278053
-0.0342633
-0.0369784
-0.0375596
-0.0371256
-0.0367344
-0.0364559
-0.0364758
-0.0367746
-0.0372072
-0.0375865
-0.0371257
-0.0346981
-0.0300246
-0.0263393
-0.0264887
-0.0281432
-0.0301374
-0.0308536
-0.0284354
-0.0243066
-0.0180318
-0.00885177
0.00206277
0.0140484
0.0262723
0.0391535
0.0527243
0.0632096
0.0678119
0.0694449
0.0703419
0.0710023
0.0706156
0.0675522
0.0601144
0.0503121
0.0415957
0.0333213
0.0266831
0.0228354
0.0210073
0.0203305
0.0200406
0.019791
0.019563
0.0193477
0.019141
0.0189349
0.0187279
0.0185228
0.0183307
0.0181134
0.0178786
0.017579
0.0172269
0.0168882
0.0165598
0.0162548
0.0159514
0.015667
0.0153961
0.015138
0.0148988
0.014646
0.0143803
0.0140576
0.0136734
0.013311
0.012892
0.0125293
0.0121374
0.01177
0.0114025
0.0110234
0.0106958
0.0103097
0.00997923
0.00960792
0.00927056
0.00890158
0.0085941
0.00821393
0.00790299
0.00752321
0.00718859
0.00681517
0.00647345
0.0061044
0.00573362
0.00536318
0.00500164
0.00466932
0.00451649
0.00523748
0.00805147
0.0095305
0.0048339
-0.00433237
-0.0164196
-0.0278404
-0.0342935
-0.0370731
-0.0377231
-0.0372755
-0.0368293
-0.0365056
-0.0364994
-0.0367861
-0.0372079
-0.0375624
-0.0370721
-0.0346214
-0.0298351
-0.0260623
-0.0262878
-0.0280324
-0.0301281
-0.0309345
-0.0285246
-0.0244037
-0.0181469
-0.00894527
0.00200019
0.014025
0.0262629
0.0391737
0.0528489
0.0634196
0.0679595
0.0695155
0.0703682
0.0709983
0.0705568
0.0674627
0.059997
0.0501608
0.0414798
0.0332126
0.0265696
0.0227431
0.0209481
0.0203002
0.0200277
0.0197857
0.0195615
0.0193472
0.0191411
0.0189347
0.018728
0.0185226
0.0183303
0.0181125
0.0178781
0.0175785
0.0172269
0.0168883
0.0165605
0.0162552
0.0159521
0.0156672
0.0153966
0.0151381
0.0148987
0.0146452
0.0143798
0.014057
0.0136733
0.0133108
0.0128921
0.0125291
0.0121375
0.0117699
0.0114026
0.0110234
0.0106959
0.0103096
0.00997935
0.00960787
0.00927069
0.00890152
0.00859422
0.00821386
0.00790312
0.00752316
0.00718874
0.00681508
0.00647356
0.00610426
0.00573369
0.00536303
0.00500222
0.00467342
0.0045362
0.0053063
0.00823867
0.00975672
0.00493608
-0.00430203
-0.0164245
-0.0278787
-0.0343263
-0.0371649
-0.0378791
-0.0374187
-0.0369204
-0.036553
-0.0365217
-0.0367969
-0.0372088
-0.0375403
-0.0370229
-0.0345511
-0.0296535
-0.0257932
-0.0260948
-0.0279261
-0.0301194
-0.0310144
-0.0286114
-0.0244977
-0.018259
-0.00903695
0.00193914
0.0140015
0.0262539
0.0391916
0.0529704
0.0636261
0.0681038
0.0695837
0.0703936
0.0709953
0.0705027
0.0673818
0.0598875
0.0500153
0.0413681
0.0331077
0.0264588
0.0226529
0.0208902
0.0202708
0.0200152
0.0197806
0.01956
0.0193467
0.0191413
0.0189345
0.0187282
0.0185224
0.0183299
0.0181117
0.0178776
0.017578
0.017227
0.0168884
0.0165611
0.0162557
0.0159528
0.0156675
0.015397
0.0151382
0.0148985
0.0146445
0.0143793
0.0140564
0.0136732
0.0133106
0.0128922
0.012529
0.0121377
0.0117698
0.0114027
0.0110234
0.010696
0.0103096
0.00997944
0.00960783
0.00927079
0.00890149
0.00859429
0.00821382
0.00790321
0.00752314
0.00718885
0.00681502
0.00647365
0.00610413
0.00573375
0.0053629
0.00500276
0.00467727
0.00455439
0.00536892
0.00841648
0.00997705
0.00503748
-0.00427013
-0.0164291
-0.0279195
-0.0343611
-0.0372533
-0.0380271
-0.0375544
-0.037007
-0.036598
-0.0365429
-0.0368072
-0.0372097
-0.0375203
-0.0369784
-0.0344876
-0.0294811
-0.0255339
-0.025911
-0.0278248
-0.0301112
-0.0310926
-0.0286951
-0.024588
-0.0183677
-0.00912621
0.00187992
0.013978
0.0262454
0.0392071
0.053088
0.0638277
0.0682436
0.0696488
0.0704179
0.0709933
0.0704536
0.06731
0.0597868
0.0498767
0.0412616
0.0330073
0.0263515
0.0225653
0.0208339
0.0202425
0.020003
0.0197756
0.0195587
0.0193463
0.0191415
0.0189343
0.0187283
0.0185223
0.0183295
0.018111
0.017877
0.0175775
0.0172271
0.0168885
0.0165616
0.0162562
0.0159534
0.0156677
0.0153974
0.0151383
0.0148984
0.014644
0.0143788
0.0140559
0.0136731
0.0133104
0.0128923
0.0125289
0.0121378
0.0117697
0.0114029
0.0110233
0.0106961
0.0103095
0.00997952
0.00960779
0.00927088
0.00890144
0.00859438
0.00821377
0.00790331
0.0075231
0.00718897
0.00681496
0.00647373
0.00610402
0.0057338
0.00536279
0.00500328
0.00468087
0.00457095
0.00542522
0.00858407
0.0101897
0.00513718
-0.00423689
-0.0164332
-0.0279621
-0.0343971
-0.0373376
-0.0381666
-0.0376821
-0.0370888
-0.0366402
-0.0365628
-0.0368168
-0.0372107
-0.0375025
-0.0369385
-0.0344313
-0.0293188
-0.0252863
-0.0257373
-0.0277291
-0.0301031
-0.0311683
-0.0287749
-0.0246739
-0.0184724
-0.00921254
0.0018228
0.0139546
0.0262372
0.03922
0.0532005
0.0640226
0.0683779
0.0697102
0.0704408
0.0709922
0.0704096
0.0672476
0.0596955
0.0497462
0.0411614
0.032912
0.0262481
0.0224808
0.0207795
0.0202152
0.0199912
0.0197708
0.0195574
0.0193459
0.0191417
0.0189342
0.0187284
0.0185222
0.0183291
0.0181104
0.0178764
0.0175771
0.0172272
0.0168887
0.0165622
0.0162566
0.015954
0.0156679
0.0153978
0.0151384
0.0148983
0.0146435
0.0143783
0.0140554
0.0136731
0.0133103
0.0128924
0.0125288
0.0121378
0.0117697
0.011403
0.0110233
0.0106962
0.0103095
0.00997957
0.00960777
0.00927094
0.00890142
0.00859443
0.00821374
0.00790336
0.00752309
0.00718906
0.00681493
0.00647379
0.00610391
0.00573383
0.00536269
0.00500375
0.00468416
0.00458583
0.00547481
0.00874018
0.0103927
0.00523425
-0.00420225
-0.0164363
-0.0280054
-0.0344329
-0.037417
-0.0382974
-0.0378015
-0.0371657
-0.0366797
-0.0365814
-0.0368258
-0.0372119
-0.0374871
-0.0369036
-0.0343822
-0.029168
-0.0250528
-0.0255747
-0.0276391
-0.0300948
-0.0312401
-0.0288494
-0.024755
-0.0185727
-0.00929567
0.00176784
0.0139314
0.0262294
0.0392302
0.0533073
0.0642093
0.0685051
0.0697673
0.070462
0.070992
0.0703714
0.0671952
0.0596147
0.0496251
0.0410685
0.0328225
0.0261488
0.0223996
0.0207271
0.0201891
0.0199797
0.0197661
0.0195561
0.0193456
0.0191419
0.0189341
0.0187286
0.0185221
0.0183288
0.0181098
0.0178759
0.0175768
0.0172272
0.0168889
0.0165627
0.016257
0.0159545
0.0156681
0.0153982
0.0151386
0.0148981
0.014643
0.0143778
0.0140549
0.013673
0.0133102
0.0128925
0.0125287
0.0121379
0.0117696
0.0114031
0.0110233
0.0106963
0.0103094
0.00997962
0.00960774
0.00927101
0.00890139
0.0085945
0.0082137
0.00790343
0.00752307
0.00718915
0.00681489
0.00647385
0.00610381
0.00573386
0.0053626
0.00500419
0.00468715
0.00459893
0.00551776
0.0088842
0.0105838
0.00532765
-0.00416541
-0.0164375
-0.0280478
-0.0344672
-0.0374915
-0.0384196
-0.0379127
-0.0372376
-0.0367165
-0.0365986
-0.0368343
-0.0372132
-0.037474
-0.0368737
-0.0343406
-0.0290295
-0.0248357
-0.0254239
-0.0275543
-0.0300856
-0.0313067
-0.028917
-0.0248309
-0.0186688
-0.00937594
0.00171489
0.0139083
0.0262218
0.0392378
0.0534074
0.0643857
0.0686236
0.0698193
0.0704811
0.0709925
0.0703395
0.067154
0.059546
0.0495158
0.0409844
0.0327395
0.0260535
0.0223212
0.0206765
0.020164
0.0199686
0.0197615
0.0195549
0.0193454
0.0191421
0.0189342
0.0187287
0.0185221
0.0183284
0.0181093
0.0178754
0.0175764
0.0172273
0.0168891
0.0165631
0.0162573
0.015955
0.0156683
0.0153985
0.0151387
0.014898
0.0146427
0.0143773
0.0140545
0.0136729
0.01331
0.0128926
0.0125286
0.012138
0.0117695
0.0114031
0.0110233
0.0106963
0.0103094
0.00997963
0.00960773
0.00927103
0.00890139
0.00859451
0.0082137
0.00790345
0.00752308
0.00718921
0.00681488
0.00647388
0.00610373
0.00573388
0.00536253
0.00500458
0.00468977
0.00461023
0.00555395
0.00901583
0.0107615
0.00541728
-0.00412462
-0.0164354
-0.0280873
-0.0344982
-0.0375617
-0.0385355
-0.0380174
-0.0373052
-0.036751
-0.0366147
-0.0368423
-0.0372148
-0.0374634
-0.0368489
-0.0343065
-0.0289038
-0.0246364
-0.025285
-0.0274723
-0.0300741
-0.0313666
-0.0289757
-0.0249025
-0.0187626
-0.00945478
0.00166334
0.0138852
0.026214
0.0392428
0.0535008
0.0645504
0.068732
0.0698655
0.070498
0.0709936
0.0703155
0.0671266
0.0594913
0.0494204
0.0409105
0.0326621
0.0259603
0.0222442
0.0206269
0.0201395
0.0199575
0.019757
0.0195536
0.0193451
0.0191424
0.0189342
0.0187289
0.0185221
0.0183281
0.0181089
0.0178748
0.0175761
0.0172274
0.0168893
0.0165635
0.0162576
0.0159554
0.0156685
0.0153987
0.0151388
0.0148979
0.0146424
0.0143769
0.0140541
0.0136729
0.0133099
0.0128927
0.0125285
0.012138
0.0117695
0.0114032
0.0110232
0.0106964
0.0103094
0.00997964
0.00960771
0.00927105
0.00890136
0.00859454
0.00821367
0.00790348
0.00752308
0.00718927
0.00681486
0.00647392
0.00610365
0.00573389
0.00536247
0.00500492
0.00469205
0.00461968
0.0055838
0.00913712
0.0109261
0.00550538
-0.0040754
-0.0164276
-0.0281228
-0.034525
-0.0376298
-0.0386505
-0.0381188
-0.0373699
-0.0367838
-0.0366299
-0.03685
-0.0372166
-0.0374553
-0.0368293
-0.0342795
-0.0287892
-0.0244547
-0.0251563
-0.0273885
-0.0300582
-0.0314183
-0.0290242
-0.0249723
-0.0188598
-0.00953563
0.00161185
0.0138613
0.0262056
0.0392452
0.0535891
0.0647042
0.0688299
0.0699058
0.0705127
0.0709954
0.0703018
0.0671181
0.0594527
0.0493398
0.0408486
0.0325878
0.0258637
0.0221649
0.020577
0.0201149
0.0199462
0.0197523
0.0195522
0.0193448
0.0191426
0.0189344
0.0187291
0.0185222
0.0183279
0.0181086
0.0178744
0.0175758
0.0172274
0.0168894
0.0165638
0.0162579
0.0159558
0.0156687
0.0153989
0.015139
0.0148978
0.0146422
0.0143765
0.0140538
0.0136728
0.0133098
0.0128927
0.0125284
0.012138
0.0117694
0.0114032
0.0110233
0.0106964
0.0103093
0.00997961
0.00960771
0.00927104
0.00890138
0.00859451
0.00821368
0.00790346
0.0075231
0.0071893
0.00681487
0.00647392
0.00610359
0.00573389
0.00536243
0.0050052
0.00469394
0.00462731
0.00560764
0.00925471
0.0110843
0.00559795
-0.00400808
-0.0164122
-0.0281565
-0.0345479
-0.0377021
-0.0387757
-0.0382233
-0.0374336
-0.0368156
-0.0366448
-0.0368573
-0.0372188
-0.0374497
-0.0368146
-0.0342592
-0.0286786
-0.024283
-0.0250317
-0.0272936
-0.0300357
-0.0314635
-0.0290633
-0.0250461
-0.0189716
-0.00962468
0.00155834
0.0138361
0.0261964
0.0392455
0.0536792
0.0648544
0.0689195
0.069942
0.0705261
0.0709981
0.0703027
0.0671371
0.0594309
0.0492711
0.0407984
0.0325102
0.0257523
0.0220772
0.0205248
0.0200894
0.0199345
0.0197473
0.0195505
0.0193445
0.0191428
0.0189346
0.0187293
0.0185223
0.0183277
0.0181083
0.0178739
0.0175755
0.0172275
0.0168896
0.016564
0.0162581
0.015956
0.0156688
0.0153991
0.0151391
0.0148977
0.0146421
0.0143761
0.0140535
0.0136728
0.0133098
0.0128927
0.0125284
0.012138
0.0117694
0.0114032
0.0110232
0.0106964
0.0103093
0.00997959
0.0096077
0.00927103
0.00890135
0.00859452
0.00821366
0.00790346
0.0075231
0.00718933
0.00681487
0.00647394
0.00610355
0.00573388
0.0053624
0.00500543
0.00469545
0.00463319
0.00562712
0.00938877
0.0112556
0.00570589
-0.00391095
-0.0163922
-0.028199
-0.0345719
-0.0377914
-0.0389316
-0.03834
-0.0374991
-0.0368473
-0.0366595
-0.0368642
-0.0372214
-0.0374463
-0.0368047
-0.0342443
-0.0285523
-0.0240999
-0.0248987
-0.0271756
-0.0300096
-0.0315131
-0.0290984
-0.0251366
-0.0191183
-0.0097307
0.00150019
0.0138091
0.0261861
0.0392446
0.0537907
0.0650238
0.0690097
0.0699784
0.0705405
0.0710023
0.0703209
0.0671902
0.0594209
0.0492026
0.0407544
0.0324166
0.0256057
0.0219721
0.0204675
0.0200623
0.0199222
0.0197422
0.0195488
0.0193442
0.019143
0.0189349
0.0187296
0.0185224
0.0183276
0.0181082
0.0178736
0.0175753
0.0172275
0.0168897
0.0165642
0.0162583
0.0159562
0.0156689
0.0153992
0.0151391
0.0148977
0.014642
0.0143759
0.0140533
0.0136728
0.0133097
0.0128928
0.0125283
0.012138
0.0117693
0.0114032
0.0110232
0.0106964
0.0103093
0.00997954
0.00960771
0.00927099
0.00890137
0.00859447
0.00821368
0.00790341
0.00752313
0.00718932
0.00681489
0.00647393
0.00610351
0.00573387
0.00536239
0.0050056
0.00469655
0.00463746
0.00564482
0.00958283
0.0114899
0.00583533
-0.0037897
-0.0163878
-0.0282781
-0.0346037
-0.0379236
-0.0391464
-0.0384745
-0.0375678
-0.036878
-0.0366732
-0.0368703
-0.0372239
-0.0374449
-0.0367989
-0.0342339
-0.0283675
-0.0238551
-0.0247505
-0.0270396
-0.0299998
-0.0315955
-0.0291364
-0.0252695
-0.0193276
-0.00985867
0.00143608
0.0137812
0.0261755
0.0392439
0.053966
0.0652635
0.0691184
0.0700198
0.0705583
0.0710093
0.0703432
0.0672648
0.0593989
0.0491043
0.0407094
0.0322813
0.0253964
0.0218447
0.020404
0.0200347
0.0199103
0.0197374
0.0195473
0.0193439
0.0191433
0.0189352
0.0187299
0.0185226
0.0183276
0.0181081
0.0178734
0.0175751
0.0172275
0.0168898
0.0165643
0.0162584
0.0159563
0.0156689
0.0153993
0.0151392
0.0148976
0.0146419
0.0143757
0.0140531
0.0136728
0.0133096
0.0128928
0.0125282
0.012138
0.0117693
0.0114031
0.0110233
0.0106963
0.0103093
0.00997947
0.00960772
0.00927094
0.00890141
0.00859439
0.00821372
0.00790334
0.00752317
0.0071893
0.00681492
0.0064739
0.00610349
0.00573386
0.00536238
0.00500571
0.00469727
0.00464022
0.00566318
0.00984874
0.0118155
0.0059542
-0.00367666
-0.0164279
-0.0284007
-0.0346224
-0.038117
-0.0394046
-0.0385936
-0.0376264
-0.0369029
-0.0366832
-0.0368744
-0.0372257
-0.0374449
-0.0367968
-0.0342282
-0.0281096
-0.0235235
-0.0246212
-0.0269183
-0.0300353
-0.0317184
-0.0291571
-0.0254629
-0.0195835
-0.00997506
0.00137998
0.0137576
0.0261671
0.0392448
0.0542184
0.065593
0.0692401
0.070061
0.0705756
0.0710177
0.0703458
0.067334
0.0593392
0.0489681
0.040684
0.032086
0.0251405
0.0217287
0.0203483
0.0200114
0.0199014
0.0197344
0.0195465
0.019344
0.0191436
0.0189355
0.0187301
0.0185227
0.0183275
0.018108
0.0178732
0.017575
0.0172274
0.0168898
0.0165643
0.0162584
0.0159564
0.0156689
0.0153992
0.0151391
0.0148976
0.0146418
0.0143755
0.014053
0.0136727
0.0133095
0.0128929
0.0125282
0.012138
0.0117692
0.0114031
0.0110233
0.0106962
0.0103094
0.0099794
0.00960774
0.00927089
0.00890146
0.00859431
0.00821377
0.00790326
0.00752321
0.00718925
0.00681495
0.00647386
0.00610347
0.00573384
0.00536238
0.00500576
0.0046976
0.00464159
0.00567582
)
;

boundaryField
{
    inlet
    {
        type            cyclic;
    }
    outlet
    {
        type            cyclic;
    }
    bottomWall
    {
        type            zeroGradient;
    }
    topWall
    {
        type            zeroGradient;
    }
    frontAndBack
    {
        type            empty;
    }
}


// ************************************************************************* //
