/*--------------------------------*- C++ -*----------------------------------*\
  =========                 |
  \\      /  F ield         | OpenFOAM: The Open Source CFD Toolbox
   \\    /   O peration     | Website:  https://openfoam.org
    \\  /    A nd           | Version:  11
     \\/     M anipulation  |
\*---------------------------------------------------------------------------*/
FoamFile
{
    format      ascii;
    class       volVectorField;
    location    "400";
    object      wallShearStress;
}
// * * * * * * * * * * * * * * * * * * * * * * * * * * * * * * * * * * * * * //

dimensions      [0 2 -2 0 0 0 0];

internalField   uniform (0 0 0);

boundaryField
{
    inlet
    {
        type            cyclic;
    }
    outlet
    {
        type            cyclic;
    }
    bottomWall
    {
        type            calculated;
        value           nonuniform List<vector> 
100
(
(-0.302723 -0.000121104 0)
(-0.302972 3.03843e-05 0)
(-0.301896 4.68327e-05 0)
(-0.301999 -1.31062e-05 0)
(-0.301891 -1.50688e-05 0)
(-0.302843 -6.1264e-05 0)
(-0.302948 -4.68613e-05 0)
(-0.303192 6.68175e-05 0)
(-0.301973 0.000119961 0)
(-0.301595 4.82357e-05 0)
(-0.30148 2.04678e-05 0)
(-0.301445 9.10565e-06 0)
(-0.301433 3.16272e-06 0)
(-0.301412 -5.78335e-05 0)
(-0.301843 -5.71679e-05 0)
(-0.301825 -3.8153e-05 0)
(-0.302818 -5.50594e-05 0)
(-0.303228 -2.67161e-05 0)
(-0.303322 -2.1173e-05 0)
(-0.302976 -2.66844e-05 0)
(-0.30318 -1.7266e-05 0)
(-0.303255 -7.10666e-06 0)
(-0.303286 -2.62977e-06 0)
(-0.303302 -8.48263e-07 0)
(-0.30331 -6.38273e-08 0)
(-0.303313 -1.9522e-08 0)
(-0.303311 -7.00391e-08 0)
(-0.303308 -6.6092e-08 0)
(-0.303305 3.28527e-08 0)
(-0.303303 7.58337e-08 0)
(-0.303303 5.46951e-08 0)
(-0.303303 -1.81008e-08 0)
(-0.303304 -2.50057e-07 0)
(-0.303303 -5.2619e-07 0)
(-0.303301 -6.63871e-07 0)
(-0.303299 -5.51194e-07 0)
(-0.303296 -2.92461e-07 0)
(-0.303296 -2.10968e-07 0)
(-0.303298 9.15001e-05 0)
(-0.302 0.000130653 0)
(-0.3016 5.42282e-05 0)
(-0.301483 2.30077e-05 0)
(-0.30145 1.0405e-05 0)
(-0.301441 4.56587e-06 0)
(-0.301437 1.85238e-06 0)
(-0.301433 7.76729e-07 0)
(-0.301432 3.83236e-07 0)
(-0.301431 2.68246e-07 0)
(-0.301432 1.94677e-07 0)
(-0.301433 1.43566e-07 0)
(-0.301434 8.14019e-08 0)
(-0.301435 6.79229e-08 0)
(-0.301436 2.88761e-08 0)
(-0.301437 3.61808e-08 0)
(-0.301437 1.24082e-08 0)
(-0.301438 3.33041e-08 0)
(-0.301439 1.26733e-08 0)
(-0.301439 3.13049e-08 0)
(-0.301439 1.72133e-08 0)
(-0.30144 2.52795e-08 0)
(-0.30144 1.48044e-08 0)
(-0.30144 1.69202e-08 0)
(-0.30144 7.20519e-10 0)
(-0.30144 6.84693e-09 0)
(-0.301441 -1.37814e-08 0)
(-0.301441 1.6005e-09 0)
(-0.301441 -1.62934e-08 0)
(-0.301441 6.46995e-09 0)
(-0.301441 -1.17368e-08 0)
(-0.301441 7.05734e-09 0)
(-0.30144 -5.19683e-09 0)
(-0.30144 3.97877e-09 0)
(-0.30144 -1.99454e-09 0)
(-0.30144 5.16698e-09 0)
(-0.301439 -4.02553e-09 0)
(-0.301439 7.58405e-10 0)
(-0.301439 -6.99065e-09 0)
(-0.301439 -3.21815e-12 0)
(-0.301439 -6.70008e-09 0)
(-0.301439 2.65162e-09 0)
(-0.301439 -6.33464e-09 0)
(-0.301439 5.44683e-10 0)
(-0.301439 -5.95922e-09 0)
(-0.301439 1.84135e-09 0)
(-0.301439 -5.69413e-09 0)
(-0.301439 2.68179e-09 0)
(-0.301438 -6.2014e-09 0)
(-0.301438 9.04579e-10 0)
(-0.301438 -6.16744e-09 0)
(-0.301438 2.05329e-09 0)
(-0.301438 -5.33797e-09 0)
(-0.301438 3.32887e-09 0)
(-0.301438 -4.8212e-09 0)
(-0.301438 1.83317e-09 0)
(-0.301438 -6.33732e-09 0)
(-0.301438 -2.16943e-09 0)
(-0.301438 -2.7987e-08 0)
(-0.301438 -8.75758e-08 0)
(-0.301436 -5.05279e-07 0)
(-0.301415 -8.54791e-05 0)
)
;
    }
    topWall
    {
        type            calculated;
        value           nonuniform List<vector> 
100
(
(-0.3032 -9.27135e-05 0)
(-0.301912 -0.000126911 0)
(-0.301539 7.3846e-06 0)
(-0.301864 3.50507e-05 0)
(-0.301817 2.93081e-05 0)
(-0.302692 5.0012e-05 0)
(-0.303097 2.4221e-05 0)
(-0.303185 1.9775e-05 0)
(-0.302921 2.59695e-05 0)
(-0.303112 1.72384e-05 0)
(-0.303175 7.28567e-06 0)
(-0.303197 2.96393e-06 0)
(-0.303207 1.13392e-06 0)
(-0.303214 2.26139e-07 0)
(-0.303221 -2.33353e-07 0)
(-0.303227 -4.17309e-07 0)
(-0.303232 -4.89643e-07 0)
(-0.303234 -2.79865e-07 0)
(-0.303232 -9.08007e-05 0)
(-0.301932 -0.000127981 0)
(-0.301533 6.82041e-06 0)
(-0.301844 3.47109e-05 0)
(-0.30179 2.88058e-05 0)
(-0.302668 4.97953e-05 0)
(-0.303072 2.3993e-05 0)
(-0.303163 1.95032e-05 0)
(-0.302908 2.55761e-05 0)
(-0.303105 1.6748e-05 0)
(-0.303172 6.82678e-06 0)
(-0.303198 2.62119e-06 0)
(-0.303209 1.01946e-06 0)
(-0.303213 2.96125e-07 0)
(-0.303214 -9.02826e-05 0)
(-0.301922 -0.000128534 0)
(-0.301543 -5.18082e-05 0)
(-0.301435 -2.10771e-05 0)
(-0.301405 -9.08246e-06 0)
(-0.301395 -3.12939e-06 0)
(-0.301377 5.75881e-05 0)
(-0.301803 5.65416e-05 0)
(-0.30178 3.75391e-05 0)
(-0.302664 5.41111e-05 0)
(-0.303068 2.59135e-05 0)
(-0.303158 2.03395e-05 0)
(-0.302899 2.59705e-05 0)
(-0.303094 1.68826e-05 0)
(-0.303161 6.82502e-06 0)
(-0.303187 2.61038e-06 0)
(-0.303199 9.98055e-07 0)
(-0.303206 3.37538e-07 0)
(-0.303211 7.52797e-08 0)
(-0.303214 -1.39365e-08 0)
(-0.303216 -4.36541e-08 0)
(-0.303218 -3.49834e-08 0)
(-0.303219 -2.76785e-08 0)
(-0.303219 -1.34823e-08 0)
(-0.303219 1.14213e-09 0)
(-0.303219 1.79714e-08 0)
(-0.303218 2.7838e-08 0)
(-0.303218 2.64137e-08 0)
(-0.303218 1.7435e-08 0)
(-0.303218 1.15852e-09 0)
(-0.303218 -3.57034e-09 0)
(-0.303218 -5.98618e-09 0)
(-0.303218 -1.11701e-08 0)
(-0.303218 -4.92073e-09 0)
(-0.303218 -6.17701e-09 0)
(-0.303218 -1.88955e-09 0)
(-0.303218 3.81766e-09 0)
(-0.303217 1.55362e-08 0)
(-0.303217 2.46718e-08 0)
(-0.303217 2.56018e-08 0)
(-0.303216 1.96438e-08 0)
(-0.303216 7.06524e-09 0)
(-0.303216 1.04901e-08 0)
(-0.303216 5.88149e-09 0)
(-0.303216 7.97137e-09 0)
(-0.303215 7.7399e-09 0)
(-0.303215 4.24063e-09 0)
(-0.303215 7.86912e-09 0)
(-0.303215 -6.54046e-10 0)
(-0.303215 7.58447e-09 0)
(-0.303215 9.0466e-10 0)
(-0.303215 4.42142e-09 0)
(-0.303215 2.72264e-10 0)
(-0.303215 6.31786e-09 0)
(-0.303215 -2.95897e-09 0)
(-0.303215 6.90279e-09 0)
(-0.303215 -2.89998e-09 0)
(-0.303215 3.16591e-09 0)
(-0.303214 -2.48074e-09 0)
(-0.303214 1.36267e-09 0)
(-0.303214 -1.46967e-09 0)
(-0.303214 1.83662e-09 0)
(-0.303214 4.85137e-10 0)
(-0.303214 -1.30987e-09 0)
(-0.303214 -1.68318e-08 0)
(-0.303215 -5.99954e-08 0)
(-0.303215 -1.80785e-07 0)
(-0.303217 -2.34011e-06 0)
)
;
    }
    frontAndBack
    {
        type            empty;
    }
}


// ************************************************************************* //
