# Force         
# CofR          : (2.54000000e-01 0.00000000e+00 -5.10000000e-02)
#
# Time          	total_x total_y total_z	pressure_x pressure_y pressure_z	viscous_x viscous_y viscous_z
1.199904e-06     -2.14221575e+01 6.10003818e-04 -1.41597779e+06 -2.14532917e+01 5.58365114e-04 -1.41597778e+06 3.11341520e-02 5.16387040e-05 -3.89742145e-03
2.6396506e-06    -4.59659531e+01 1.68189241e-03 -1.41603632e+06 -4.60222682e+01 1.80706822e-03 -1.41603632e+06 5.63151842e-02 -1.25175807e-04 -1.52973309e-03
4.3670479e-06    -7.51342990e+01 3.29052174e-03 -1.41610661e+06 -7.51992575e+01 3.28982384e-03 -1.41610662e+06 6.49585552e-02 6.97905514e-07 6.76369532e-03
6.4399246e-06    -1.10145280e+02 5.00978471e-03 -1.41619224e+06 -1.10231382e+02 5.07442028e-03 -1.41619227e+06 8.61016633e-02 -6.46355657e-05 2.80928805e-02
8.9267573e-06    -1.52190936e+02 7.09867883e-03 -1.41629705e+06 -1.52314502e+02 7.23442677e-03 -1.41629711e+06 1.23566328e-01 -1.35747938e-04 6.46860823e-02
1.1910065e-05    -2.02477842e+02 9.75393994e-03 -1.41642548e+06 -2.02669653e+02 9.85791052e-03 -1.41642561e+06 1.91810869e-01 -1.03970584e-04 1.26707906e-01
1.549089e-05     -2.62143440e+02 1.29457165e-02 -1.41658277e+06 -2.62448217e+02 1.30550076e-02 -1.41658300e+06 3.04777322e-01 -1.09291151e-04 2.21761754e-01
1.9787881e-05    -3.31869371e+02 1.68394461e-02 -1.41677463e+06 -3.32351197e+02 1.69499717e-02 -1.41677499e+06 4.81825954e-01 -1.10525559e-04 3.58962630e-01
2.494338e-05     -3.74300718e+02 2.15562636e-02 -1.41692646e+06 -3.75071698e+02 2.16689027e-02 -1.41692700e+06 7.70979826e-01 -1.12639084e-04 5.41534640e-01
3.1131261e-05    -3.81847581e+02 2.77003723e-02 -1.41703204e+06 -3.83077655e+02 2.77813475e-02 -1.41703271e+06 1.23007455e+00 -8.09752374e-05 6.66360067e-01
3.8558569e-05    -3.84660164e+02 3.28426879e-02 -1.41716843e+06 -3.86547207e+02 3.28903081e-02 -1.41716921e+06 1.88704251e+00 -4.76202026e-05 7.76782511e-01
4.7466004e-05    -3.85298585e+02 4.05913508e-02 -1.41735407e+06 -3.88053389e+02 4.06219086e-02 -1.41735476e+06 2.75480393e+00 -3.05577306e-05 6.82638670e-01
5.8162622e-05    -3.75757593e+02 4.87747061e-02 -1.41758683e+06 -3.79401459e+02 4.88019146e-02 -1.41758755e+06 3.64386545e+00 -2.72084988e-05 7.22775720e-01
7.0737272e-05    -3.68300602e+02 5.50997925e-02 -1.41789835e+06 -3.72621507e+02 5.51090058e-02 -1.41789926e+06 4.32090463e+00 -9.21323927e-06 9.04759188e-01
8.5066524e-05    -3.47979707e+02 6.07639466e-02 -1.41817663e+06 -3.52823148e+02 6.07907498e-02 -1.41817762e+06 4.84344083e+00 -2.68032513e-05 9.86014616e-01
0.0001010241     -3.04268975e+02 6.30830816e-02 -1.41835907e+06 -3.09615003e+02 6.30616825e-02 -1.41836003e+06 5.34602787e+00 2.13990928e-05 9.60391139e-01
0.00011556112    -2.51561982e+02 7.07331298e-02 -1.41854675e+06 -2.57288620e+02 7.06715693e-02 -1.41854760e+06 5.72663824e+00 6.15605124e-05 8.48793730e-01
0.00012905405    -1.97214430e+02 5.94565877e-02 -1.41873798e+06 -2.03238411e+02 5.93708615e-02 -1.41873875e+06 6.02398179e+00 8.57262841e-05 7.72733060e-01
0.00014190615    -1.45759526e+02 4.68003570e-02 -1.41889270e+06 -1.52015937e+02 4.66521243e-02 -1.41889338e+06 6.25641051e+00 1.48232694e-04 6.87437462e-01
0.00015445936    -1.00634094e+02 3.78430662e-02 -1.41900001e+06 -1.07098153e+02 3.76544964e-02 -1.41900061e+06 6.46405915e+00 1.88569760e-04 5.97482162e-01
0.00016682043    -6.48638286e+01 2.13422686e-02 -1.41915591e+06 -7.15045511e+01 2.10855560e-02 -1.41915643e+06 6.64072252e+00 2.56712543e-04 5.22310411e-01
0.00017930927    -3.84797166e+01 -5.16511311e-03 -1.41935490e+06 -4.53072506e+01 -5.46814749e-03 -1.41935537e+06 6.82753394e+00 3.03034377e-04 4.61794006e-01
0.00019233816    -2.05496281e+01 -1.18486734e-02 -1.41957859e+06 -2.76038709e+01 -1.21608337e-02 -1.41957901e+06 7.05424282e+00 3.12160322e-04 4.20006484e-01
0.00020529682    -1.02485720e+01 -2.64718431e-02 -1.41969551e+06 -1.75883503e+01 -2.68135788e-02 -1.41969590e+06 7.33977826e+00 3.41735712e-04 3.90453167e-01
0.00021811688    -4.97648325e+00 -3.16198163e-02 -1.41984292e+06 -1.26464248e+01 -3.19668936e-02 -1.41984328e+06 7.66994152e+00 3.47077287e-04 3.63904755e-01
0.00023162503    -2.48097403e+00 -3.16691463e-02 -1.42004300e+06 -1.05167906e+01 -3.19732043e-02 -1.42004332e+06 8.03581657e+00 3.04057948e-04 3.18206224e-01
0.00024581662    -1.10859079e+00 -3.19197193e-02 -1.42028857e+06 -9.51042477e+00 -3.21671136e-02 -1.42028885e+06 8.40183399e+00 2.47394288e-04 2.72938081e-01
0.00025975851    2.10794079e-01 -3.72036007e-02 -1.42045087e+06 -8.59559850e+00 -3.73804863e-02 -1.42045110e+06 8.80639258e+00 1.76885660e-04 2.36407000e-01
0.00027281702    2.21940833e+00 -6.90989423e-02 -1.42064261e+06 -6.99607071e+00 -6.93215253e-02 -1.42064282e+06 9.21547904e+00 2.22582916e-04 2.10745926e-01
0.00028609563    5.27765625e+00 -1.16771092e-01 -1.42087885e+06 -4.35315582e+00 -1.17253473e-01 -1.42087903e+06 9.63081207e+00 4.82381010e-04 1.78215397e-01
0.0002994874     9.25646106e+00 -1.50382989e-01 -1.42105268e+06 -7.87607945e-01 -1.50995229e-01 -1.42105281e+06 1.00440690e+01 6.12239734e-04 1.31309526e-01
0.00031160212    1.37335076e+01 -1.41562338e-01 -1.42121685e+06 3.34419119e+00 -1.42236928e-01 -1.42121693e+06 1.03893164e+01 6.74589590e-04 8.18913565e-02
0.00032271207    1.86844985e+01 -1.84015073e-01 -1.42141216e+06 7.98270975e+00 -1.84896745e-01 -1.42141220e+06 1.07017888e+01 8.81672647e-04 3.77370041e-02
0.00033315245    2.40349097e+01 -1.35047716e-01 -1.42162412e+06 1.30334923e+01 -1.36017192e-01 -1.42162412e+06 1.10014174e+01 9.69475460e-04 -6.23053596e-03
0.00034361623    2.98724762e+01 -2.66070431e-01 -1.42180736e+06 1.85437480e+01 -2.67367250e-01 -1.42180731e+06 1.13287282e+01 1.29681977e-03 -5.19182440e-02
0.00035472932    3.61072046e+01 -1.20707712e-01 -1.42195310e+06 2.44106696e+01 -1.21866575e-01 -1.42195298e+06 1.16965350e+01 1.15886231e-03 -1.18224747e-01
0.00036685796    4.22574418e+01 -3.70631508e-01 -1.42215439e+06 3.01280604e+01 -3.72661617e-01 -1.42215420e+06 1.21293814e+01 2.03010909e-03 -1.94726967e-01
0.00037951682    4.72500042e+01 -1.43354586e-01 -1.42242230e+06 3.46703707e+01 -1.46582476e-01 -1.42242204e+06 1.25796335e+01 3.22789031e-03 -2.65541650e-01
0.00039103922    5.05897724e+01 -1.35221846e-01 -1.42263858e+06 3.75895849e+01 -1.38773541e-01 -1.42263825e+06 1.30001874e+01 3.55169592e-03 -3.28361724e-01
0.00040193511    5.29796335e+01 -2.17338130e-01 -1.42280569e+06 3.95400954e+01 -2.21010621e-01 -1.42280531e+06 1.34395381e+01 3.67249093e-03 -3.87098753e-01
0.00041290901    5.47712934e+01 5.12205234e-02 -1.42300946e+06 4.08661645e+01 4.77477697e-02 -1.42300900e+06 1.39051289e+01 3.47275364e-03 -4.58619701e-01
0.00042420726    5.59491919e+01 2.16498825e-02 -1.42325696e+06 4.15265812e+01 1.63203692e-02 -1.42325643e+06 1.44226107e+01 5.32951334e-03 -5.35789069e-01
0.00043542244    5.64816283e+01 -7.24416294e-01 -1.42351097e+06 4.15003672e+01 -7.31875880e-01 -1.42351035e+06 1.49812611e+01 7.45958628e-03 -6.21291055e-01
0.00044574954    5.67314121e+01 -3.53870160e-01 -1.42369007e+06 4.12056131e+01 -3.59284229e-01 -1.42368937e+06 1.55257990e+01 5.41406882e-03 -6.97657629e-01
0.00045537798    5.71296704e+01 -3.40312119e-01 -1.42387387e+06 4.10867681e+01 -3.45042045e-01 -1.42387312e+06 1.60429023e+01 4.72992595e-03 -7.56979864e-01
0.00046474833    5.78791399e+01 -4.54163635e-02 -1.42408092e+06 4.13222701e+01 -4.91858392e-02 -1.42408010e+06 1.65568698e+01 3.76947573e-03 -8.22221581e-01
0.00047408013    5.89980666e+01 -7.07379272e-02 -1.42429892e+06 4.18846564e+01 -7.55023316e-02 -1.42429801e+06 1.71134102e+01 4.76440431e-03 -9.06336627e-01
0.00048381329    6.03075883e+01 -1.35612826e-01 -1.42449728e+06 4.25399691e+01 -1.41555187e-01 -1.42449628e+06 1.77676192e+01 5.94236123e-03 -9.95223435e-01
0.00049461756    6.12814601e+01 -3.04822604e-01 -1.42463678e+06 4.27038594e+01 -3.12047184e-01 -1.42463569e+06 1.85776008e+01 7.22458017e-03 -1.09380064e+00
0.0005039262     6.19808782e+01 -4.41930492e-01 -1.42479765e+06 4.27223423e+01 -4.48942428e-01 -1.42479650e+06 1.92585359e+01 7.01193594e-03 -1.14807683e+00
0.00051222154    6.29151519e+01 5.71474393e-02 -1.42496383e+06 4.30414161e+01 4.94325296e-02 -1.42496263e+06 1.98737359e+01 7.71490967e-03 -1.19439481e+00
0.00051980225    6.43440704e+01 -1.96171932e-01 -1.42511454e+06 4.38742830e+01 -2.03128041e-01 -1.42511327e+06 2.04697874e+01 6.95610960e-03 -1.26678261e+00
0.00052737015    6.63359235e+01 -2.28603450e-01 -1.42524526e+06 4.52219959e+01 -2.35032520e-01 -1.42524389e+06 2.11139276e+01 6.42907015e-03 -1.36835008e+00
0.00053579318    6.87913377e+01 -2.56885688e-01 -1.42536393e+06 4.69066014e+01 -2.63175722e-01 -1.42536247e+06 2.18847363e+01 6.29003358e-03 -1.46415280e+00
0.0005446332     7.11925340e+01 -4.46735588e-01 -1.42545309e+06 4.84474996e+01 -4.52862274e-01 -1.42545155e+06 2.27450344e+01 6.12668665e-03 -1.53569890e+00
0.00055310347    7.32946391e+01 -5.80932417e-01 -1.42557127e+06 4.96631484e+01 -5.87238211e-01 -1.42556969e+06 2.36314907e+01 6.30579398e-03 -1.57630617e+00
0.00056046589    7.52827267e+01 -7.83264971e-01 -1.42569266e+06 5.08402644e+01 -7.88375002e-01 -1.42569104e+06 2.44424624e+01 5.11003111e-03 -1.62099030e+00
0.00056706252    7.75463915e+01 -2.78563213e-01 -1.42578155e+06 5.23064403e+01 -2.82288163e-01 -1.42577982e+06 2.52399512e+01 3.72494999e-03 -1.73025525e+00
0.00057347777    8.02709252e+01 -1.42138754e-01 -1.42587560e+06 5.42115851e+01 -1.46547799e-01 -1.42587375e+06 2.60593400e+01 4.40904457e-03 -1.85085890e+00
0.0005792265     8.32517035e+01 -4.80327941e-01 -1.42594956e+06 5.63827588e+01 -4.82218028e-01 -1.42594760e+06 2.68689446e+01 1.89008763e-03 -1.95782500e+00
0.00058269106    8.56223288e+01 -4.93166123e-01 -1.42599130e+06 5.82036881e+01 -4.83386337e-01 -1.42598929e+06 2.74186407e+01 -9.77978604e-03 -2.01186193e+00
0.00058480258    8.76260677e+01 -5.31886571e-01 -1.42601577e+06 5.96889545e+01 -4.81725322e-01 -1.42601370e+06 2.79371132e+01 -5.01612488e-02 -2.07114349e+00
0.00058596295    9.04697935e+01 -8.10481410e-01 -1.42594501e+06 6.07112370e+01 -3.81044558e-01 -1.42594238e+06 2.97585565e+01 -4.29436853e-01 -2.63522104e+00
0.00058596427    9.53733747e+01 -1.86241573e+00 -1.42588435e+06 6.07127526e+01 -3.81071948e-01 -1.42588009e+06 3.46606221e+01 -1.48134378e+00 -4.25863911e+00
0.00058596586    2.10326488e+02 -2.41449753e+01 -1.42591353e+06 6.07146175e+01 -3.81296096e-01 -1.42589230e+06 1.49611871e+02 -2.37636792e+01 -2.12245504e+01
0.00058596741    5.99291673e+02 -1.00871961e+02 -1.42584227e+06 6.07166257e+01 -1.54424508e+00 -1.42575801e+06 5.38575047e+02 -9.93277154e+01 -8.42560545e+01
0.00058596917    3.82965820e+04 -6.30926459e+03 -1.43717110e+06 6.07173568e+01 6.40842791e+00 -1.42579051e+06 3.82358647e+04 -6.31567302e+03 -1.13805919e+04
0.00058596917    3.50614447e+05 -6.37896133e+04 -1.48475815e+06 6.07154630e+01 3.90820693e+01 -1.42563836e+06 3.50553732e+05 -6.38286954e+04 -5.91197908e+04
0.00058596918    2.37081395e+06 -3.86779801e+05 -1.86617938e+06 6.07162894e+01 1.85839039e+01 -1.42565032e+06 2.37075324e+06 -3.86798385e+05 -4.40529060e+05
0.00058596918    1.19544130e+07 -1.87377277e+06 -4.08071093e+06 6.07164066e+01 4.12049743e+01 -1.42559440e+06 1.19543523e+07 -1.87381397e+06 -2.65511653e+06
0.00058596918    1.65163344e+08 -2.97514534e+07 -2.67360044e+07 6.07150194e+01 5.72226336e+01 -1.42542187e+06 1.65163283e+08 -2.97515107e+07 -2.53105825e+07
0.00058596918    8.12079270e+08 -1.37801279e+08 -5.96067596e+08 6.07151655e+01 9.85244051e+00 -1.42568729e+06 8.12079209e+08 -1.37801289e+08 -5.94641909e+08
0.00058596918    2.26239218e+10 -3.83222187e+09 -4.82507044e+09 6.07151655e+01 9.85254039e+00 -1.42560245e+06 2.26239218e+10 -3.83222188e+09 -4.82364484e+09
0.00058596918    5.49126529e+10 -9.36790702e+09 -2.27342411e+10 6.07148859e+01 3.89140823e+01 -1.42557917e+06 5.49126528e+10 -9.36790706e+09 -2.27328155e+10
0.00058596918    2.24722217e+11 -2.90558351e+10 -5.80121223e+10 6.07154110e+01 2.51110054e+00 -1.42563581e+06 2.24722217e+11 -2.90558351e+10 -5.80106967e+10
0.00058596918    2.75251802e+12 -4.14772552e+11 -2.00050994e+11 6.07145010e+01 4.39678953e+01 -1.42536258e+06 2.75251802e+12 -4.14772552e+11 -2.00049569e+11
0.00058596918    9.51651841e+12 -1.79577791e+12 -1.57484520e+12 6.07151597e+01 9.27460308e-02 -1.42557663e+06 9.51651841e+12 -1.79577791e+12 -1.57484377e+12
0.00058596918    1.70392261e+14 -3.29975380e+13 -2.83002348e+13 6.07142774e+01 4.80130287e+01 -1.42529143e+06 1.70392261e+14 -3.29975380e+13 -2.83002334e+13
0.00058596918    3.42991407e+14 -9.92811492e+13 -1.33486028e+14 6.07151283e+01 1.18492100e+00 -1.42555449e+06 3.42991407e+14 -9.92811492e+13 -1.33486026e+14
0.00058596918    8.83841045e+15 -1.66278774e+15 -1.57499564e+15 6.07150464e+01 1.28313509e+01 -1.42550284e+06 8.83841045e+15 -1.66278774e+15 -1.57499564e+15
0.00058596918    2.75744133e+16 -6.53149766e+15 -7.37120349e+15 6.07144341e+01 5.71941569e+01 -1.42531723e+06 2.75744133e+16 -6.53149766e+15 -7.37120349e+15
0.00058596918    3.56062084e+17 -6.97562958e+16 -8.32390852e+16 6.07145393e+01 4.71429829e+01 -1.42534177e+06 3.56062084e+17 -6.97562958e+16 -8.32390852e+16
0.00058596918    2.11436506e+18 -3.94478997e+17 -3.11307981e+17 6.07144055e+01 5.96556102e+01 -1.42532738e+06 2.11436506e+18 -3.94478997e+17 -3.11307981e+17
0.00058596918    1.11428850e+19 -2.52886308e+18 -3.51312209e+18 6.07147170e+01 1.92991606e+01 -1.42536817e+06 1.11428850e+19 -2.52886308e+18 -3.51312209e+18
0.00058596918    2.20532004e+20 -4.22151605e+19 -3.08565380e+19 6.07147536e+01 1.69773111e+01 -1.42544438e+06 2.20532004e+20 -4.22151605e+19 -3.08565380e+19
0.00058596918    4.28225742e+20 -9.02545265e+19 -7.97539280e+19 6.07148017e+01 2.88910058e+01 -1.42533390e+06 4.28225742e+20 -9.02545265e+19 -7.97539280e+19
0.00058596918    1.00476263e+22 -1.90255708e+21 -1.27419920e+21 6.07145353e+01 1.01309290e+01 -1.42537834e+06 1.00476263e+22 -1.90255708e+21 -1.27419920e+21
0.00058596918    2.12425832e+22 -4.06505571e+21 -2.78607207e+21 6.07145670e+01 7.19241833e+01 -1.42535730e+06 2.12425832e+22 -4.06505571e+21 -2.78607207e+21
0.00058596918    5.71927688e+23 -1.07985689e+23 -7.47755374e+22 6.07146000e+01 6.07057394e+01 -1.42517618e+06 5.71927688e+23 -1.07985689e+23 -7.47755374e+22
0.00058596918    5.64862863e+24 -1.06589877e+24 -7.28929781e+23 6.07137431e+01 8.55231936e+01 -1.42509248e+06 5.64862863e+24 -1.06589877e+24 -7.28929781e+23
0.00058596918    9.10082372e+24 -1.79705840e+24 -7.83629657e+24 6.07135099e+01 2.30813954e+01 -1.42547590e+06 9.10082372e+24 -1.79705840e+24 -7.83629657e+24
0.00058596918    2.69609019e+26 -5.11780780e+25 -3.91873362e+25 6.07131022e+01 5.58479472e+01 -1.42535521e+06 2.69609019e+26 -5.11780780e+25 -3.91873362e+25
0.00058596918    6.44545410e+26 -1.24379748e+26 -2.51715394e+26 6.07130721e+01 6.31214897e+01 -1.42511268e+06 6.44545410e+26 -1.24379748e+26 -2.51715394e+26
0.00058596918    6.31207073e+27 -1.19420017e+27 -8.73698008e+26 6.07133011e+01 9.54957416e+01 -1.42494887e+06 6.31207073e+27 -1.19420017e+27 -8.73698008e+26
0.00058596918    1.02557582e+28 -1.81675079e+27 -7.24367130e+27 6.07138179e+01 4.97411366e+00 -1.42545201e+06 1.02557582e+28 -1.81675079e+27 -7.24367130e+27
0.00058596918    2.81405555e+29 -5.34963552e+28 -4.17000174e+28 6.07132113e+01 2.97740140e+01 -1.42523718e+06 2.81405555e+29 -5.34963552e+28 -4.17000174e+28
0.00058596918    6.21353421e+29 -1.17442841e+29 -1.46826595e+29 6.07133293e+01 1.05837497e+02 -1.42496255e+06 6.21353421e+29 -1.17442841e+29 -1.46826595e+29
0.00058596918    6.26501102e+30 -1.18756686e+30 -7.91376186e+29 6.07132682e+01 6.50901986e+01 -1.42492304e+06 6.26501102e+30 -1.18756686e+30 -7.91376186e+29
0.00058596918    8.24265093e+30 -1.52764597e+30 -6.36756461e+30 6.07141585e+01 6.50525956e+01 -1.42519085e+06 8.24265093e+30 -1.52764597e+30 -6.36756461e+30
0.00058596918    9.65120486e+31 -1.85114932e+31 -9.63370646e+30 6.07134714e+01 6.91885360e+01 -1.42509470e+06 9.65120486e+31 -1.85114932e+31 -9.63370646e+30
0.00058596918    1.77924624e+32 -3.44385393e+31 -5.15750638e+31 6.07133443e+01 1.09134645e+02 -1.42489440e+06 1.77924624e+32 -3.44385393e+31 -5.15750638e+31
0.00058596918    4.03675889e+32 -8.20777877e+31 1.15857506e+31 6.07134001e+01 8.97202297e+01 -1.42493063e+06 4.03675889e+32 -8.20777877e+31 1.15857506e+31
0.00058596918    5.49632267e+32 -1.24809839e+32 -1.37703797e+32 6.07138246e+01 3.07614404e+01 -1.42533772e+06 5.49632267e+32 -1.24809839e+32 -1.37703797e+32
0.00058596918    9.69609601e+32 -1.90831766e+32 -1.88940202e+32 6.07134373e+01 3.49037587e+01 -1.42519826e+06 9.69609601e+32 -1.90831766e+32 -1.88940202e+32
0.00058596918    1.10163590e+33 -2.17801530e+32 -1.85341871e+32 6.07134771e+01 6.13677219e+01 -1.42495050e+06 1.10163590e+33 -2.17801530e+32 -1.85341871e+32
0.00058596918    1.88865874e+33 -3.76698776e+32 -2.37715664e+32 6.07135841e+01 8.54564035e+01 -1.42501506e+06 1.88865874e+33 -3.76698776e+32 -2.37715664e+32
0.00058596918    2.84724569e+33 -5.70945816e+32 1.23333882e+31 6.07132987e+01 6.25489594e+01 -1.42486876e+06 2.84724569e+33 -5.70945816e+32 1.23333882e+31
0.00058596918    3.46525503e+33 -6.01820453e+32 7.66205236e+31 6.07132987e+01 6.25412200e+01 -1.42499576e+06 3.46525503e+33 -6.01820453e+32 7.66205236e+31
0.00058596918    2.22426161e+33 -4.71856678e+32 -2.26670014e+32 6.07134586e+01 7.55210316e+01 -1.42506406e+06 2.22426161e+33 -4.71856678e+32 -2.26670014e+32
0.00058596918    4.48351688e+33 -7.05271081e+32 3.60495459e+32 6.07133676e+01 8.36219055e+01 -1.42493858e+06 4.48351688e+33 -7.05271081e+32 3.60495459e+32
0.00058596918    7.32034363e+33 -9.95595962e+32 8.69334852e+32 6.07136642e+01 8.46557071e+01 -1.42489995e+06 7.32034363e+33 -9.95595962e+32 8.69334852e+32
0.00058596918    6.68799794e+33 -7.81278712e+32 8.48786398e+32 6.07135217e+01 1.01189245e+02 -1.42481731e+06 6.68799794e+33 -7.81278712e+32 8.48786398e+32
0.00058596918    6.78912288e+34 -1.46957378e+33 1.67784200e+34 6.07141260e+01 5.25903181e+00 -1.42501569e+06 6.78912288e+34 -1.46957378e+33 1.67784200e+34
0.00058596918    6.84905967e+34 1.17298237e+34 2.07282826e+33 6.07134635e+01 1.79176052e+01 -1.42498559e+06 6.84905967e+34 1.17298237e+34 2.07282826e+33
0.00058596918    2.06373669e+34 1.63075113e+34 -2.12448222e+34 6.07139814e+01 6.30388418e+01 -1.42501929e+06 2.06373669e+34 1.63075113e+34 -2.12448222e+34
0.00058596918    2.27173540e+34 1.80137630e+34 -2.42832737e+34 6.07132879e+01 5.20004108e+01 -1.42487479e+06 2.27173540e+34 1.80137630e+34 -2.42832737e+34
0.00058596918    4.90148195e+34 1.58358244e+34 -2.46928767e+34 6.07139025e+01 7.08666828e+01 -1.42484372e+06 4.90148195e+34 1.58358244e+34 -2.46928767e+34
0.00058596918    2.95162116e+34 1.74664661e+34 -2.90326207e+34 6.07135027e+01 1.03470636e+02 -1.42475782e+06 2.95162116e+34 1.74664661e+34 -2.90326207e+34
0.00058596918    4.22150344e+34 5.70264693e+34 -7.16437861e+34 6.07138038e+01 8.41819597e+01 -1.42505313e+06 4.22150344e+34 5.70264693e+34 -7.16437861e+34
0.00058596918    1.13262262e+35 2.62521931e+35 -2.77409386e+35 6.07134186e+01 1.13894312e+02 -1.42459490e+06 1.13262262e+35 2.62521931e+35 -2.77409386e+35
0.00058596918    5.47202101e+36 3.80476704e+35 -1.12207924e+36 6.07134614e+01 9.33449023e+01 -1.42524799e+06 5.47202101e+36 3.80476704e+35 -1.12207924e+36
0.00058596918    1.05593186e+35 4.41403959e+36 -3.95062363e+37 6.07135604e+01 1.09537684e+02 -1.42495287e+06 1.05593186e+35 4.41403959e+36 -3.95062363e+37
0.00058596918    7.06278072e+36 4.59085006e+36 -7.99467435e+36 6.07135380e+01 1.06508489e+02 -1.42478482e+06 7.06278072e+36 4.59085006e+36 -7.99467435e+36
0.00058596918    3.21326283e+37 -5.50938558e+36 -2.41090865e+37 6.07135088e+01 1.03887445e+02 -1.42476475e+06 3.21326283e+37 -5.50938558e+36 -2.41090865e+37
0.00058596918    1.57971486e+39 -2.58628997e+38 -1.43854847e+38 6.07134225e+01 7.39135647e+01 -1.42503655e+06 1.57971486e+39 -2.58628997e+38 -1.43854847e+38
0.00058596918    1.69401493e+39 -2.80964032e+38 -1.56653499e+38 6.07134230e+01 7.39079923e+01 -1.42490873e+06 1.69401493e+39 -2.80964032e+38 -1.56653499e+38
0.00058596918    1.36010698e+39 -2.80819160e+38 -3.81421368e+38 6.07135252e+01 1.22925352e+02 -1.42479260e+06 1.36010698e+39 -2.80819160e+38 -3.81421368e+38
0.00058596918    1.40718914e+39 -2.38313788e+38 -3.22844405e+38 6.07133440e+01 1.16967961e+02 -1.42476656e+06 1.40718914e+39 -2.38313788e+38 -3.22844405e+38
0.00058596918    5.59098311e+40 -9.60469798e+39 -5.30673154e+39 6.07138498e+01 8.05400549e+01 -1.42458998e+06 5.59098311e+40 -9.60469798e+39 -5.30673154e+39
0.00058596918    3.08114228e+40 -5.49303779e+39 -3.48117826e+39 6.07137042e+01 1.13146177e+02 -1.42455577e+06 3.08114228e+40 -5.49303779e+39 -3.48117826e+39
0.00058596918    1.11580590e+41 -2.14763213e+40 -1.65317881e+40 6.07137709e+01 7.42846178e+01 -1.42489737e+06 1.11580590e+41 -2.14763213e+40 -1.65317881e+40
0.00058596918    4.56691998e+41 -1.00749604e+41 -9.26858744e+40 6.07137740e+01 1.05792288e+02 -1.42460095e+06 4.56691998e+41 -1.00749604e+41 -9.26858744e+40
0.00058596918    6.48834036e+41 -1.21963666e+41 -8.48352701e+40 6.07137454e+01 7.25078712e+01 -1.42474689e+06 6.48834036e+41 -1.21963666e+41 -8.48352701e+40
0.00058596918    5.24250765e+42 -1.11856465e+42 -9.60299270e+41 6.07137417e+01 1.04753869e+02 -1.42447623e+06 5.24250765e+42 -1.11856465e+42 -9.60299270e+41
0.00058596918    8.37223822e+42 -1.71984938e+42 -1.39266555e+42 6.07138359e+01 8.63640656e+01 -1.42507895e+06 8.37223822e+42 -1.71984938e+42 -1.39266555e+42
0.00058596918    4.86191035e+44 -7.68035389e+43 -2.92674078e+43 6.07138889e+01 4.54428390e+01 -1.42461415e+06 4.86191035e+44 -7.68035389e+43 -2.92674078e+43
0.00058596918    1.13552714e+44 -1.62741172e+43 -3.44711913e+42 6.07137564e+01 6.18071688e+01 -1.42474019e+06 1.13552714e+44 -1.62741172e+43 -3.44711913e+42
0.00058596918    5.06678003e+44 -9.53004308e+43 -6.36595715e+43 6.07137856e+01 8.46653595e+01 -1.42483690e+06 5.06678003e+44 -9.53004308e+43 -6.36595715e+43
0.00058596918    6.93026674e+44 -1.22407688e+44 -6.97922431e+43 6.07138805e+01 6.28407157e+01 -1.42477843e+06 6.93026674e+44 -1.22407688e+44 -6.97922431e+43
0.00058596918    2.91331417e+46 -5.45748025e+45 -3.55223215e+45 6.07137018e+01 7.09801803e+01 -1.42503895e+06 2.91331417e+46 -5.45748025e+45 -3.55223215e+45
0.00058596918    3.59819511e+46 -7.46969966e+45 -5.95697008e+45 6.07143645e+01 8.46657767e+01 -1.42492404e+06 3.59819511e+46 -7.46969966e+45 -5.95697008e+45
0.00058596918    9.64217529e+47 -2.08899849e+47 -1.78510752e+47 6.07132383e+01 1.00704642e+02 -1.42478324e+06 9.64217529e+47 -2.08899849e+47 -1.78510752e+47
0.00058596918    1.90861508e+47 -4.38782169e+46 -4.12108060e+46 6.07157171e+01 4.27007032e+01 -1.42462375e+06 1.90861508e+47 -4.38782169e+46 -4.12108060e+46
0.00058596918    7.03184378e+47 -1.72727859e+47 -1.77305375e+47 6.07115622e+01 1.38001506e+02 -1.42472649e+06 7.03184378e+47 -1.72727859e+47 -1.77305375e+47
0.00058596918    1.76720863e+48 -3.74824125e+47 -3.38254641e+47 6.07157147e+01 6.58985698e+01 -1.42453567e+06 1.76720863e+48 -3.74824125e+47 -3.38254641e+47
0.00058596918    1.24597774e+49 -1.00705296e+48 1.30379553e+48 6.07152507e+01 7.31060510e+01 -1.42495925e+06 1.24597774e+49 -1.00705296e+48 1.30379553e+48
0.00058596918    3.27674187e+49 -6.45033971e+48 -4.66469225e+48 6.07150399e+01 1.21962076e+02 -1.42433249e+06 3.27674187e+49 -6.45033971e+48 -4.66469225e+48
0.00058596918    9.67167396e+49 -2.48415375e+49 -2.66049035e+49 6.07130178e+01 9.60997077e+01 -1.42497837e+06 9.67167396e+49 -2.48415375e+49 -2.66049035e+49
0.00058596918    2.33381252e+50 -3.72786376e+49 -1.47426662e+49 6.07156771e+01 9.70235189e+01 -1.42469789e+06 2.33381252e+50 -3.72786376e+49 -1.47426662e+49
0.00058596918    1.08277271e+51 -2.48337978e+50 -2.33038539e+50 6.07121508e+01 1.29537495e+02 -1.42436249e+06 1.08277271e+51 -2.48337978e+50 -2.33038539e+50
0.00058596918    1.73148654e+52 -3.61602437e+51 -2.91144389e+51 6.07170488e+01 5.45837439e+00 -1.42464520e+06 1.73148654e+52 -3.61602437e+51 -2.91144389e+51
0.00058596918    1.59081720e+52 -3.40816946e+51 -2.87288237e+51 6.07127882e+01 3.81211543e+01 -1.42456690e+06 1.59081720e+52 -3.40816946e+51 -2.87288237e+51
0.00058596918    3.85960082e+52 -1.02203328e+52 -1.12799607e+52 6.07170260e+01 8.36784012e+01 -1.42486588e+06 3.85960082e+52 -1.02203328e+52 -1.12799607e+52
0.00058596918    1.84024406e+53 -3.16712121e+52 -1.63797030e+52 6.07121779e+01 1.15723444e+02 -1.42437020e+06 1.84024406e+53 -3.16712121e+52 -1.63797030e+52
0.00058596918    4.80980248e+54 -7.91443858e+53 -3.54517043e+53 6.07169733e+01 1.74901123e+01 -1.42464787e+06 4.80980248e+54 -7.91443858e+53 -3.54517043e+53
0.00058596918    3.59087556e+54 -5.82566462e+53 -2.29157252e+53 6.07127201e+01 2.99617286e+01 -1.42476571e+06 3.59087556e+54 -5.82566462e+53 -2.29157252e+53
0.00058596918    8.07275688e+54 -1.94003892e+54 -1.89110312e+54 6.07164437e+01 5.63297109e+01 -1.42494105e+06 8.07275688e+54 -1.94003892e+54 -1.89110312e+54
0.00058596918    3.91722590e+55 -6.34493069e+54 -2.51270132e+54 6.07128486e+01 7.92450035e+01 -1.42431987e+06 3.91722590e+55 -6.34493069e+54 -2.51270132e+54
0.00058596918    1.01660321e+57 -1.69783071e+56 -8.08163044e+55 6.07179620e+01 -6.78972932e+00 -1.42516860e+06 1.01660321e+57 -1.69783071e+56 -8.08163044e+55
0.00058596918    7.43782810e+56 -1.20789153e+56 -4.84604231e+55 6.07152695e+01 2.99879623e+01 -1.42435516e+06 7.43782810e+56 -1.20789153e+56 -4.84604231e+55
0.00058596918    1.68053347e+57 -4.13188303e+56 -4.19610415e+56 6.07120601e+01 8.31945712e+01 -1.42475911e+06 1.68053347e+57 -4.13188303e+56 -4.19610415e+56
0.00058596918    7.56041079e+57 -1.24788171e+57 -5.46718743e+56 6.07160765e+01 4.52380995e+01 -1.42437290e+06 7.56041079e+57 -1.24788171e+57 -5.46718743e+56
0.00058596918    1.96841954e+59 -3.47144444e+58 -1.97902606e+58 6.07155825e+01 6.24252937e+01 -1.42503707e+06 1.96841954e+59 -3.47144444e+58 -1.97902606e+58
0.00058596918    1.49436983e+59 -2.51559211e+58 -1.17361536e+58 6.07145820e+01 6.24143657e+01 -1.42423392e+06 1.49436983e+59 -2.51559211e+58 -1.17361536e+58
0.00058596918    3.11434977e+59 -7.59936040e+58 -7.65996892e+58 6.07119439e+01 1.02185041e+02 -1.42474641e+06 3.11434977e+59 -7.59936040e+58 -7.65996892e+58
0.00058596918    1.36333206e+60 -2.24149716e+59 -9.72775332e+58 6.07160476e+01 7.43738058e+01 -1.42411271e+06 1.36333206e+60 -2.24149716e+59 -9.72775332e+58
0.00058596918    3.71968322e+61 -6.48844683e+60 -3.59203498e+60 6.07151562e+01 6.92754989e+01 -1.42451828e+06 3.71968322e+61 -6.48844683e+60 -3.59203498e+60
0.00058596918    2.82171644e+61 -4.73498162e+60 -2.23497764e+60 6.07113363e+01 7.39030773e+01 -1.42425068e+06 2.82171644e+61 -4.73498162e+60 -2.23497764e+60
0.00058596918    6.04917785e+61 -1.48441768e+61 -1.51275363e+61 6.07192580e+01 2.60973079e+01 -1.42490685e+06 6.04917785e+61 -1.48441768e+61 -1.51275363e+61
0.00058596918    2.55449670e+62 -4.32895468e+61 -2.17871373e+61 6.07111974e+01 1.34591074e+02 -1.42390936e+06 2.55449670e+62 -4.32895468e+61 -2.17871373e+61
0.00058596918    6.63222783e+63 -1.32595235e+63 -9.97212298e+62 6.07162582e+01 5.33800083e+01 -1.42491339e+06 6.63222783e+63 -1.32595235e+63 -9.97212298e+62
0.00058596918    5.33406156e+63 -9.29911730e+62 -4.97921736e+62 6.07119979e+01 8.60290251e+01 -1.42411064e+06 5.33406156e+63 -9.29911730e+62 -4.97921736e+62
0.00058596918    1.03147084e+64 -2.46777895e+63 -2.43988178e+63 6.07126197e+01 9.31512630e+01 -1.42484639e+06 1.03147084e+64 -2.46777895e+63 -2.43988178e+63
0.00058596918    4.38853421e+64 -7.19955234e+63 -3.21093609e+63 6.07129454e+01 1.11040126e+02 -1.42402754e+06 4.38853421e+64 -7.19955234e+63 -3.21093609e+63
0.00058596918    1.22246841e+66 -2.13204840e+65 -1.17670521e+65 6.07162601e+01 4.39446324e+01 -1.42489766e+06 1.22246841e+66 -2.13204840e+65 -1.17670521e+65
0.00058596918    9.27937644e+65 -1.55239626e+65 -7.27816525e+64 6.07120016e+01 5.32277173e+01 -1.42406421e+06 9.27937644e+65 -1.55239626e+65 -7.27816525e+64
0.00058596918    2.02955771e+66 -4.99722634e+65 -5.11443989e+65 6.07126193e+01 9.29941317e+01 -1.42492822e+06 2.02955771e+66 -4.99722634e+65 -5.11443989e+65
0.00058596918    8.27965743e+66 -1.46285727e+66 -8.39611806e+65 6.07129473e+01 8.47061525e+01 -1.42398164e+06 8.27965743e+66 -1.46285727e+66 -8.39611806e+65
0.00058596918    2.14605474e+68 -4.51500648e+67 -3.71190954e+67 6.07162611e+01 5.31566980e+01 -1.42493811e+06 2.14605474e+68 -4.51500648e+67 -3.71190954e+67
0.00058596918    1.82220063e+68 -3.27891634e+67 -1.92725065e+67 6.07125443e+01 3.67972380e+01 -1.42414479e+06 1.82220063e+68 -3.27891634e+67 -1.92725065e+67
0.00058596918    3.17912658e+68 -7.11783352e+67 -6.42124146e+67 6.07124001e+01 1.12177479e+02 -1.42499848e+06 3.17912658e+68 -7.11783352e+67 -6.42124146e+67
0.00058596918    1.36555593e+69 -2.16082897e+68 -8.24468307e+67 6.07130368e+01 9.65703702e+01 -1.42384866e+06 1.36555593e+69 -2.16082897e+68 -8.24468307e+67
0.00058596918    4.09805709e+70 -6.84470794e+69 -3.25759893e+69 6.07163183e+01 7.75385742e+01 -1.42487633e+06 4.09805709e+70 -6.84470794e+69 -3.25759893e+69
0.00058596918    2.90045657e+70 -4.63127811e+69 -1.80551384e+69 6.07118705e+01 6.52795926e+01 -1.42403085e+06 2.90045657e+70 -4.63127811e+69 -1.80551384e+69
0.00058596918    7.15875352e+70 -1.78315187e+70 -1.84932830e+70 6.07127121e+01 1.21350643e+02 -1.42486976e+06 7.15875352e+70 -1.78315187e+70 -1.84932830e+70
0.00058596918    2.85900426e+71 -5.64825444e+70 -4.16268987e+70 6.07129039e+01 7.77312842e+01 -1.42393240e+06 2.85900426e+71 -5.64825444e+70 -4.16268987e+70
0.00058596918    1.38489423e+73 -2.32429355e+72 -1.14720798e+72 6.07159050e+01 5.65997187e+01 -1.42482969e+06 1.38489423e+73 -2.32429355e+72 -1.14720798e+72
0.00058596918    1.21978038e+73 -2.11516860e+72 -1.15813707e+72 6.07117199e+01 7.25874659e+01 -1.42436013e+06 1.21978038e+73 -2.11516860e+72 -1.15813707e+72
0.00058596918    7.79751426e+72 -1.68373053e+72 -1.43464514e+72 6.07161098e+01 1.06281722e+02 -1.42451611e+06 7.79751426e+72 -1.68373053e+72 -1.43464514e+72
0.00058596918    1.18376334e+73 -1.60692142e+72 -1.55664780e+71 6.07118966e+01 8.31369373e+01 -1.42401300e+06 1.18376334e+73 -1.60692142e+72 -1.55664780e+71
0.00058596918    1.55522963e+73 -3.48871799e+72 -2.44967424e+72 6.07161462e+01 1.06160299e+02 -1.42413043e+06 1.55522963e+73 -3.48871799e+72 -2.44967424e+72
0.00058596918    7.75624699e+73 -1.48726742e+73 -1.03780825e+73 6.07119379e+01 1.25558237e+02 -1.42380806e+06 7.75624699e+73 -1.48726742e+73 -1.03780825e+73
0.00058596918    2.34762632e+75 -5.18982042e+74 -3.11332271e+74 6.07166395e+01 3.22240642e+01 -1.42440939e+06 2.34762632e+75 -5.18982042e+74 -3.11332271e+74
0.00058596918    1.95602442e+75 -4.45826716e+74 -3.46185743e+74 6.07124449e+01 9.07191245e+01 -1.42420178e+06 1.95602442e+75 -4.45826716e+74 -3.46185743e+74
0.00058596918    6.20423160e+75 -1.05741000e+75 -4.94821739e+74 6.07165168e+01 5.30027701e+01 -1.42503282e+06 6.20423160e+75 -1.05741000e+75 -4.94821739e+74
0.00058596918    1.92861220e+76 -4.18604593e+75 -3.68821997e+75 6.07116820e+01 8.57357245e+01 -1.42420907e+06 1.92861220e+76 -4.18604593e+75 -3.68821997e+75
0.00058596918    1.00641278e+78 -1.66539949e+77 -7.61783865e+76 6.07160761e+01 6.57998729e+01 -1.42440839e+06 1.00641278e+78 -1.66539949e+77 -7.61783865e+76
0.00058596918    1.01590088e+78 -1.71775808e+77 -8.44094254e+76 6.07123461e+01 8.17288099e+01 -1.42370553e+06 1.01590088e+78 -1.71775808e+77 -8.44094254e+76
0.00058596918    7.23742450e+77 -1.48864488e+77 -1.10085170e+77 6.07130843e+01 1.10690154e+02 -1.42454528e+06 7.23742450e+77 -1.48864488e+77 -1.10085170e+77
0.00058596918    1.44862301e+78 -2.92623925e+77 -2.05631646e+77 6.07132556e+01 1.50860789e+02 -1.42320433e+06 1.44862301e+78 -2.92623925e+77 -2.05631646e+77
0.00058596918    4.84869271e+78 -9.95061590e+77 -8.66180029e+77 6.07135734e+01 8.88107669e+01 -1.42467660e+06 4.84869271e+78 -9.95061590e+77 -8.66180029e+77
0.00058596918    4.18540962e+79 -8.31079341e+78 -2.64888466e+78 6.07132345e+01 1.45068647e+02 -1.42329202e+06 4.18540962e+79 -8.31079341e+78 -2.64888466e+78
0.00058596918    9.33970445e+80 -1.83540482e+80 -1.22943067e+80 6.07135719e+01 -2.41776108e+01 -1.42392726e+06 9.33970445e+80 -1.83540482e+80 -1.22943067e+80
0.00058596918    8.29776697e+80 -1.77639561e+80 -1.20361631e+80 6.07134630e+01 9.01608264e+01 -1.42355160e+06 8.29776697e+80 -1.77639561e+80 -1.20361631e+80
0.00058596918    1.57017355e+81 -3.17311777e+80 -2.59038203e+80 6.07139689e+01 -1.98240929e-01 -1.42468446e+06 1.57017355e+81 -3.17311777e+80 -2.59038203e+80
0.00058596918    1.54319121e+82 -3.00921829e+81 -1.72907181e+81 6.07159924e+01 1.11854507e+02 -1.42302719e+06 1.54319121e+82 -3.00921829e+81 -1.72907181e+81
0.00058596918    4.78235986e+83 -9.76331429e+82 -4.97863060e+82 6.07121065e+01 -1.10271747e+01 -1.42394582e+06 4.78235986e+83 -9.76331429e+82 -4.97863060e+82
0.00058596918    2.41072607e+83 -4.48465243e+82 -9.38814290e+81 6.07122176e+01 3.79827889e+01 -1.42358598e+06 2.41072607e+83 -4.48465243e+82 -9.38814290e+81
0.00058596918    7.24702815e+83 -1.65782506e+83 -1.69831419e+83 6.07132194e+01 1.00444702e+02 -1.42423221e+06 7.24702815e+83 -1.65782506e+83 -1.69831419e+83
0.00058596918    4.01588413e+84 -7.36067541e+83 -1.53705289e+83 6.07119916e+01 3.26460280e+01 -1.42314687e+06 4.01588413e+84 -7.36067541e+83 -1.53705289e+83
0.00058596918    1.24734624e+86 -2.40390793e+85 -1.51893032e+85 6.07119396e+01 1.19842686e+02 -1.42418998e+06 1.24734624e+86 -2.40390793e+85 -1.51893032e+85
0.00058596918    7.42584018e+85 -1.33789112e+85 -8.16354169e+84 6.07159665e+01 1.03418827e+02 -1.42399936e+06 7.42584018e+85 -1.33789112e+85 -8.16354169e+84
0.00058596918    1.35644778e+86 -2.17387748e+85 -3.30938391e+85 6.07058327e+01 8.69416113e+01 -1.42420844e+06 1.35644778e+86 -2.17387748e+85 -3.30938391e+85
0.00058596918    8.61531275e+86 -1.50941247e+86 -1.26312453e+86 6.07126880e+01 1.49608448e+02 -1.42293894e+06 8.61531275e+86 -1.50941247e+86 -1.26312453e+86
0.00058596918    2.33954401e+88 -4.69312708e+87 -3.59643650e+87 6.07070063e+01 1.72905052e+01 -1.42346516e+06 2.33954401e+88 -4.69312708e+87 -3.59643650e+87
0.00058596918    1.96607711e+88 -3.14924592e+87 -1.53581019e+87 6.07104568e+01 6.90051902e+01 -1.42355420e+06 1.96607711e+88 -3.14924592e+87 -1.53581019e+87
0.00058596918    5.51804969e+88 -1.38402089e+88 -1.49638489e+88 6.07065987e+01 6.55262551e+01 -1.42344974e+06 5.51804969e+88 -1.38402089e+88 -1.49638489e+88
0.00058596918    2.30742027e+89 -4.62788988e+88 -3.56358127e+88 6.07161613e+01 7.82867356e+01 -1.42284054e+06 2.30742027e+89 -4.62788988e+88 -3.56358127e+88
0.00058596918    2.75515884e+90 -4.72569427e+89 -2.50665750e+89 6.07137335e+01 1.95686280e+01 -1.42303134e+06 2.75515884e+90 -4.72569427e+89 -2.50665750e+89
0.00058596918    2.15097038e+92 -3.80574332e+91 -2.19936241e+91 6.07064613e+01 1.68957692e+02 -1.42238790e+06 2.15097038e+92 -3.80574332e+91 -2.19936241e+91
0.00058596918    2.29522704e+92 -3.70999640e+91 -1.57976324e+91 6.07139789e+01 1.05294163e+02 -1.42302919e+06 2.29522704e+92 -3.70999640e+91 -1.57976324e+91
0.00058596918    3.31921316e+92 -6.36842040e+91 -4.40678964e+91 6.07101074e+01 9.82390072e+01 -1.42282445e+06 3.31921316e+92 -6.36842040e+91 -4.40678964e+91
0.00058596918    2.64956114e+93 -4.63810984e+92 -2.52860349e+92 6.07074532e+01 1.53815423e+02 -1.42238595e+06 2.64956114e+93 -4.63810984e+92 -2.52860349e+92
0.00058596918    8.02793684e+94 -1.54869708e+94 -1.07499815e+94 6.07117959e+01 9.43237117e+01 -1.42290932e+06 8.02793684e+94 -1.54869708e+94 -1.07499815e+94
0.00058596918    6.15871862e+94 -1.00202900e+94 -4.23716922e+93 6.07121175e+01 5.21476782e+01 -1.42310664e+06 6.15871862e+94 -1.00202900e+94 -4.23716922e+93
0.00058596918    1.63501428e+95 -4.12553022e+94 -4.34563032e+94 6.07079066e+01 9.00293820e+01 -1.42293932e+06 1.63501428e+95 -4.12553022e+94 -4.34563032e+94
