# Probe 0 (0.2794 0 -0.1005)
# Probe 1 (0.4826 0 -0.1005)
# Time          0               1              
1.199904e-06    101325          101325         
2.6396506e-06   101325          101325         
4.3670479e-06   101325          101325         
6.4399246e-06   101325          101325         
8.9267573e-06   101325          101325         
1.1910065e-05   101325          101325         
1.549089e-05    101325          101325         
1.9787881e-05   101325          101325         
2.494338e-05    101325          101325         
3.1131261e-05   101325          101325         
3.8558569e-05   101325          101325         
4.7466004e-05   101325          101325         
5.8162622e-05   101325          101325         
7.0737272e-05   101325          101325         
8.5066524e-05   101325          101325         
0.0001010241    101325          101325         
0.00011556112   101325          101325         
0.00012905405   101325          101325         
0.00014190615   101325          101325         
0.00015445936   101325          101325         
0.00016682043   101325          101325         
0.00017930927   101325          101325         
0.00019233816   101325          101325         
0.00020529682   101325          101325         
0.00021811688   101325          101325         
0.00023162503   101325          101325         
0.00024581662   101325          101325         
0.00025975851   101325          101325         
0.00027281702   101325          101325         
0.00028609563   101325          101325         
0.0002994874    101325          101325         
0.00031160212   101325          101325         
0.00032271207   101325          101325         
0.00033315245   101325          101325         
0.00034361623   101325          101325         
0.00035472932   101325          101325         
0.00036685796   101325          101325         
0.00037951682   101325          101325         
0.00039103922   101325          101325         
0.00040193511   101325          101325         
0.00041290901   101325          101325         
0.00042420726   101325          101325         
0.00043542244   101325          101325         
0.00044574954   101325          101325         
0.00045537798   101325          101325         
0.00046474833   101325          101325         
0.00047408013   101325          101325         
0.00048381329   101325          101325         
0.00049461756   101325          101325         
0.0005039262    101325          101325         
0.00051222154   101325          101325         
0.00051980225   101325          101325         
0.00052737015   101325          101325         
0.00053579318   101325          101325         
0.0005446332    101325          101325         
0.00055310347   101325          101325         
0.00056046589   101325          101325         
0.00056706252   101325          101325         
0.00057347777   101325          101325         
0.0005792265    101325          101325         
0.00058269106   101325          101325         
0.00058480258   101325          101325         
0.00058596295   101325          101325         
0.00058596427   101325          101325         
0.00058596586   101325          101325         
0.00058596741   101325          101325         
0.00058596917   101325          101325         
0.00058596917   101325          101325         
0.00058596918   101325          101325         
0.00058596918   101325          101325         
0.00058596918   101325          101325         
0.00058596918   101325          101325         
0.00058596918   101325          101325         
0.00058596918   101325          101325         
0.00058596918   101325          101325         
0.00058596918   101325          101325         
0.00058596918   101325          101325         
0.00058596918   101325          101325         
0.00058596918   101325          101325         
0.00058596918   101325          101325         
0.00058596918   101325          101325         
0.00058596918   101325          101325         
0.00058596918   101325          101325         
0.00058596918   101325          101325         
0.00058596918   101325          101325         
0.00058596918   101325          101325         
0.00058596918   101325          101325         
0.00058596918   101325          101325         
0.00058596918   101325          101325         
0.00058596918   101325          101325         
0.00058596918   101325          101325         
0.00058596918   101325          101325         
0.00058596918   101325          101325         
0.00058596918   101325          101325         
0.00058596918   101325          101325         
0.00058596918   101325          101325         
0.00058596918   101325          101325         
0.00058596918   101325          101325         
0.00058596918   101325          101325         
0.00058596918   101325          101325         
0.00058596918   101325          101325         
0.00058596918   101325          101325         
0.00058596918   101325          101325         
0.00058596918   101325          101325         
0.00058596918   101325          101325         
0.00058596918   101325          101325         
0.00058596918   101325          101325         
0.00058596918   101325          101325         
0.00058596918   101325          101325         
0.00058596918   101325          101325         
0.00058596918   101325          101325         
0.00058596918   101325          101325         
0.00058596918   101325          101325         
0.00058596918   101325          101325         
0.00058596918   101325          101325         
0.00058596918   101325          101325         
0.00058596918   101325          101325         
0.00058596918   101325          101325         
0.00058596918   101325          101325         
0.00058596918   101325          101325         
0.00058596918   101325          101325         
0.00058596918   101325          101325         
0.00058596918   101325          101325         
0.00058596918   101325          101325         
0.00058596918   101325          101325         
0.00058596918   101325          101325         
0.00058596918   101325          101325         
0.00058596918   101325          101325         
0.00058596918   101325          101325         
0.00058596918   101325          101325         
0.00058596918   101325          101325         
0.00058596918   101325          101325         
0.00058596918   101325          101325         
0.00058596918   101325          101325         
0.00058596918   101325          101325         
0.00058596918   101325          101325         
0.00058596918   101325          101325         
0.00058596918   101325          101325         
0.00058596918   101325          101325         
0.00058596918   101325          101325         
0.00058596918   101325          101325         
0.00058596918   101325          101325         
0.00058596918   101325          101325         
0.00058596918   101325          101325         
0.00058596918   101325          101325         
0.00058596918   101325          101325         
0.00058596918   101325          101325         
0.00058596918   101325          101325         
0.00058596918   101325          101325         
0.00058596918   101325          101325         
0.00058596918   101325          101325         
0.00058596918   101325          101325         
0.00058596918   101325          101325         
0.00058596918   101325          101325         
0.00058596918   101325          101325         
0.00058596918   101325          101325         
0.00058596918   101325          101325         
0.00058596918   101325          101325         
0.00058596918   101325          101325         
0.00058596918   101325          101325         
0.00058596918   101325          101325         
0.00058596918   101325          101325         
0.00058596918   101325          101325         
0.00058596918   101325          101325         
0.00058596918   101325          101325         
0.00058596918   101325          101325         
0.00058596918   101325          101325         
0.00058596918   101325          101325         
0.00058596918   101325          101325         
0.00058596918   101325          101325         
0.00058596918   101325          101325         
0.00058596918   101325          101325         
0.00058596918   101325          101325         
0.00058596918   101325          101325         
0.00058596918   101325          101325         
0.00058596918   101325          101325         
0.00058596918   101325          101325         
0.00058596918   101325          101325         
0.00058596918   101325          101325         
0.00058596918   101325          101325         
0.00058596918   101325          101325         
0.00058596918   101325          101325         
0.00058596918   101325          101325         
0.00058596918   101325          101325         
0.00058596918   101325          101325         
0.00058596918   101325          101325         
0.00058596918   101325          101325         
0.00058596918   101325          101325         
0.00058596918   101325          101325         
0.00058596918   101325          101325         
0.00058596918   101325          101325         
0.00058596918   101325          101325         
0.00058596918   101325          101325         
0.00058596918   101325          101325         
0.00058596918   101325          101325         
0.00058596918   101325          101325         
0.00058596918   101325          101325         
0.00058596918   101325          101325         
0.00058596918   101325          101325         
0.00058596918   101325          101325         
0.00058596918   101325          101325         
0.00058596918   101325          101325         
0.00058596918   101325          101325         
0.00058596918   101325          101325         
0.00058596918   101325          101325         
0.00058596918   101325          101325         
0.00058596918   101325          101325         
0.00058596918   101325          101325         
0.00058596918   101325          101325         
0.00058596918   101325          101325         
0.00058596918   101325          101325         
0.00058596918   101325          101325         
0.00058596918   101325          101325         
0.00058596918   101325          101325         
0.00058596918   101325          101325         
0.00058596918   101325          101325         
0.00058596918   101325          101325         
0.00058596918   101325          101325         
0.00058596918   101325          101325         
0.00058596918   101325          101325         
0.00058596918   101325          101325         
0.00058596918   101325          101325         
0.00058596918   101325          101325         
0.00058596918   101325          101325         
0.00058596918   101325          101325         
0.00058596918   101325          101325         
