/*--------------------------------*- C++ -*----------------------------------*\
  =========                 |
  \\      /  F ield         | OpenFOAM: The Open Source CFD Toolbox
   \\    /   O peration     | Website:  https://openfoam.org
    \\  /    A nd           | Version:  11
     \\/     M anipulation  |
\*---------------------------------------------------------------------------*/
FoamFile
{
    format      ascii;
    class       volScalarField;
    location    "200";
    object      k;
}
// * * * * * * * * * * * * * * * * * * * * * * * * * * * * * * * * * * * * * //

dimensions      [0 2 -2 0 0 0 0];

internalField   nonuniform List<scalar> 
5000
(
1.08966
1.09183
1.09196
1.09211
1.0922
1.09221
1.09219
1.09217
1.09214
1.09211
1.09205
1.09281
1.03917
1.07419
1.07523
1.07628
1.07687
1.07705
1.07708
1.07708
1.07707
1.07707
1.07706
1.07707
1.07707
1.07708
1.07709
1.07711
1.07712
1.07714
1.07716
1.07718
1.0772
1.07722
1.07725
1.07742
1.09059
1.09146
1.09175
1.09201
1.09209
1.09211
1.09212
1.09213
1.09213
1.09214
1.09214
1.09214
1.09215
1.09215
1.09215
1.09216
1.09216
1.09217
1.09218
1.09218
1.09219
1.0922
1.0922
1.09221
1.09221
1.09222
1.09222
1.09222
1.09222
1.09222
1.09221
1.09221
1.0922
1.0922
1.09219
1.09218
1.09217
1.09217
1.09217
1.09217
1.09217
1.09217
1.09218
1.09219
1.0922
1.09221
1.09222
1.09224
1.09225
1.09227
1.09229
1.0923
1.09232
1.09234
1.09235
1.09237
1.09238
1.0924
1.09241
1.09242
1.09243
1.09245
1.09246
1.09257
0.924602
0.925612
0.925745
0.925805
0.925831
0.925824
0.925803
0.925776
0.925749
0.925722
0.925697
0.925969
0.915417
0.919952
0.920626
0.921095
0.921374
0.92149
0.921535
0.921558
0.921574
0.921592
0.921611
0.921634
0.921658
0.921684
0.92171
0.921737
0.921762
0.921787
0.921809
0.92183
0.921846
0.921862
0.921869
0.921851
0.924668
0.925307
0.925633
0.92583
0.925914
0.925946
0.925958
0.925963
0.925964
0.925964
0.925964
0.925963
0.925963
0.925963
0.925965
0.925967
0.92597
0.925973
0.925977
0.92598
0.925984
0.925987
0.925989
0.92599
0.92599
0.925989
0.925988
0.925985
0.925982
0.925977
0.925972
0.925966
0.925959
0.925953
0.925948
0.925943
0.92594
0.925939
0.925939
0.925942
0.925946
0.925952
0.925959
0.925967
0.925976
0.925985
0.925995
0.926005
0.926016
0.926026
0.926037
0.926047
0.926057
0.926067
0.926077
0.926086
0.926094
0.926101
0.926108
0.926114
0.926119
0.926125
0.926127
0.926172
0.876724
0.877033
0.876985
0.876952
0.876934
0.876909
0.876878
0.876845
0.876815
0.876785
0.876784
0.876718
0.874552
0.875453
0.875102
0.874937
0.874988
0.875056
0.875102
0.875138
0.875171
0.875206
0.875243
0.875283
0.875324
0.875365
0.875404
0.875442
0.875476
0.875508
0.875534
0.875557
0.875574
0.875589
0.875587
0.87554
0.876585
0.876891
0.877007
0.877108
0.877175
0.877205
0.877216
0.877217
0.877214
0.87721
0.877206
0.877202
0.8772
0.877198
0.877198
0.877199
0.8772
0.877202
0.877204
0.877205
0.877207
0.877207
0.877206
0.877205
0.877203
0.877199
0.877195
0.87719
0.877184
0.877177
0.87717
0.877162
0.877155
0.877148
0.877143
0.877139
0.877138
0.877138
0.877141
0.877145
0.87715
0.877157
0.877165
0.877173
0.877181
0.877189
0.877198
0.877206
0.877214
0.877222
0.877229
0.877236
0.877243
0.87725
0.877256
0.877261
0.877266
0.87727
0.877274
0.877277
0.877279
0.87728
0.87728
0.877285
0.845318
0.845296
0.845169
0.845087
0.845037
0.844995
0.844954
0.844915
0.844881
0.84485
0.844846
0.844684
0.844968
0.845351
0.84491
0.844615
0.844569
0.844603
0.844648
0.844693
0.844741
0.844792
0.844846
0.844902
0.844958
0.845014
0.845066
0.845116
0.84516
0.845198
0.84523
0.845255
0.845274
0.845288
0.845286
0.845276
0.845533
0.845488
0.845419
0.845426
0.845455
0.845471
0.845474
0.845469
0.845462
0.845454
0.845447
0.84544
0.845435
0.845432
0.845429
0.845428
0.845428
0.845428
0.845428
0.845427
0.845426
0.845424
0.845421
0.845417
0.845412
0.845407
0.8454
0.845393
0.845385
0.845376
0.845367
0.845358
0.84535
0.845344
0.845339
0.845336
0.845335
0.845336
0.84534
0.845344
0.84535
0.845357
0.845364
0.845371
0.845378
0.845385
0.845391
0.845397
0.845402
0.845407
0.845412
0.845416
0.84542
0.845423
0.845426
0.845429
0.845431
0.845433
0.845434
0.845435
0.845435
0.845434
0.845434
0.845422
0.819218
0.819086
0.818944
0.818843
0.818772
0.818715
0.818665
0.81862
0.818582
0.81855
0.818539
0.818397
0.819084
0.819428
0.819181
0.818967
0.818918
0.818945
0.818993
0.819049
0.819111
0.819178
0.819247
0.819319
0.819391
0.819461
0.819527
0.819587
0.819641
0.819686
0.819724
0.819753
0.819773
0.819787
0.819788
0.819799
0.819766
0.819573
0.819425
0.81938
0.819377
0.819376
0.81937
0.81936
0.819349
0.819337
0.819326
0.819317
0.819309
0.819303
0.819299
0.819295
0.819292
0.81929
0.819287
0.819284
0.819281
0.819276
0.819271
0.819264
0.819257
0.81925
0.819241
0.819232
0.819222
0.819212
0.819202
0.819193
0.819184
0.819178
0.819173
0.81917
0.81917
0.819172
0.819175
0.81918
0.819185
0.819191
0.819197
0.819202
0.819207
0.819211
0.819214
0.819217
0.819219
0.819221
0.819222
0.819223
0.819224
0.819225
0.819225
0.819225
0.819225
0.819225
0.819224
0.819223
0.819222
0.81922
0.81922
0.819204
0.79523
0.795081
0.794946
0.794835
0.794748
0.794677
0.794617
0.794566
0.794526
0.794494
0.794478
0.794385
0.794904
0.795197
0.795119
0.795017
0.795
0.795035
0.795093
0.795161
0.795236
0.795318
0.795403
0.795491
0.795577
0.795661
0.795739
0.79581
0.795873
0.795926
0.795969
0.796002
0.796024
0.796039
0.796042
0.796056
0.795961
0.795766
0.79562
0.795559
0.795538
0.795525
0.795511
0.795495
0.795479
0.795464
0.79545
0.795438
0.795427
0.795419
0.795411
0.795405
0.7954
0.795395
0.795389
0.795384
0.795377
0.79537
0.795362
0.795354
0.795345
0.795335
0.795325
0.795314
0.795303
0.795292
0.795281
0.795272
0.795263
0.795256
0.795252
0.79525
0.795249
0.795251
0.795254
0.795258
0.795262
0.795266
0.79527
0.795272
0.795274
0.795275
0.795275
0.795274
0.795273
0.795271
0.795269
0.795267
0.795265
0.795263
0.79526
0.795258
0.795256
0.795253
0.795251
0.795249
0.795248
0.795245
0.795245
0.79523
0.772055
0.771912
0.77178
0.771658
0.771555
0.771469
0.771399
0.771343
0.7713
0.77127
0.771253
0.771201
0.771507
0.77172
0.771731
0.771709
0.771726
0.771776
0.771845
0.771925
0.772014
0.77211
0.77221
0.772311
0.772411
0.772508
0.772598
0.77268
0.772751
0.772811
0.772859
0.772896
0.772921
0.772936
0.77294
0.77295
0.772869
0.772723
0.772609
0.772551
0.772522
0.772501
0.772481
0.77246
0.77244
0.772422
0.772404
0.772389
0.772376
0.772364
0.772354
0.772344
0.772336
0.772328
0.77232
0.772311
0.772302
0.772293
0.772283
0.772272
0.772261
0.77225
0.772238
0.772226
0.772214
0.772202
0.772191
0.772181
0.772173
0.772166
0.772162
0.77216
0.77216
0.772161
0.772163
0.772165
0.772168
0.772169
0.77217
0.77217
0.772168
0.772166
0.772162
0.772158
0.772153
0.772147
0.772142
0.772136
0.772131
0.772126
0.772121
0.772116
0.772112
0.772108
0.772104
0.772101
0.772099
0.772096
0.772096
0.772084
0.749012
0.748872
0.748733
0.748596
0.748474
0.748372
0.748292
0.748231
0.748187
0.748158
0.748144
0.74812
0.748287
0.74843
0.748475
0.748499
0.748542
0.748607
0.748688
0.74878
0.748881
0.74899
0.749103
0.749218
0.749331
0.749439
0.74954
0.749631
0.74971
0.749777
0.74983
0.74987
0.749898
0.749914
0.749919
0.749923
0.749868
0.749771
0.74969
0.749639
0.749607
0.749581
0.749556
0.749532
0.749509
0.749487
0.749466
0.749448
0.749431
0.749416
0.749403
0.749391
0.749379
0.749368
0.749357
0.749346
0.749334
0.749322
0.74931
0.749298
0.749285
0.749272
0.749259
0.749246
0.749234
0.749222
0.74921
0.7492
0.749192
0.749186
0.749182
0.749179
0.749179
0.749179
0.74918
0.749181
0.749181
0.74918
0.749178
0.749174
0.749169
0.749163
0.749156
0.749147
0.749139
0.74913
0.749121
0.749112
0.749103
0.749095
0.749087
0.74908
0.749074
0.749068
0.749064
0.74906
0.749056
0.749053
0.749053
0.749044
0.725592
0.725446
0.725292
0.725134
0.724992
0.724874
0.724783
0.724717
0.724673
0.724648
0.724638
0.724633
0.724727
0.724825
0.724882
0.724931
0.724992
0.72507
0.725161
0.725264
0.725377
0.725497
0.725622
0.725748
0.725872
0.72599
0.7261
0.7262
0.726286
0.726359
0.726417
0.726461
0.726491
0.726508
0.726514
0.726514
0.726478
0.726415
0.726357
0.726314
0.726281
0.726251
0.726223
0.726195
0.726169
0.726144
0.72612
0.726099
0.726079
0.726061
0.726045
0.72603
0.726015
0.726001
0.725987
0.725973
0.725959
0.725945
0.725931
0.725916
0.725902
0.725888
0.725874
0.725861
0.725847
0.725835
0.725824
0.725814
0.725806
0.7258
0.725796
0.725794
0.725792
0.725792
0.725791
0.72579
0.725788
0.725785
0.72578
0.725773
0.725764
0.725754
0.725743
0.725732
0.725719
0.725707
0.725694
0.725682
0.72567
0.725659
0.725648
0.725639
0.72563
0.725623
0.725617
0.725612
0.725608
0.725604
0.725604
0.725597
0.701312
0.70115
0.700978
0.700798
0.700634
0.7005
0.700399
0.700329
0.700286
0.700265
0.700261
0.700269
0.700331
0.700405
0.700467
0.70053
0.700604
0.700692
0.700793
0.700906
0.701028
0.701158
0.701292
0.701427
0.70156
0.701688
0.701806
0.701912
0.702005
0.702084
0.702146
0.702193
0.702226
0.702244
0.702251
0.702249
0.702224
0.702181
0.702138
0.7021
0.702066
0.702034
0.702003
0.701972
0.701943
0.701915
0.701889
0.701865
0.701842
0.701821
0.701802
0.701783
0.701766
0.701749
0.701732
0.701716
0.701699
0.701683
0.701667
0.701651
0.701636
0.701621
0.701606
0.701592
0.701579
0.701566
0.701555
0.701546
0.701539
0.701533
0.701529
0.701526
0.701524
0.701522
0.70152
0.701518
0.701513
0.701507
0.701499
0.70149
0.701478
0.701465
0.701451
0.701435
0.701419
0.701403
0.701387
0.701372
0.701357
0.701343
0.70133
0.701318
0.701307
0.701298
0.70129
0.701284
0.701279
0.701275
0.701275
0.701268
0.675686
0.675507
0.675315
0.675114
0.674931
0.67478
0.67467
0.674597
0.674555
0.674538
0.67454
0.674558
0.674608
0.674672
0.674736
0.674808
0.674891
0.674987
0.675096
0.675216
0.675346
0.675484
0.675626
0.675769
0.675909
0.676043
0.676169
0.676282
0.676381
0.676464
0.676531
0.676582
0.676617
0.676638
0.676646
0.676643
0.676624
0.676592
0.676558
0.676523
0.676489
0.676455
0.676421
0.676389
0.676357
0.676326
0.676298
0.676271
0.676245
0.676222
0.676199
0.676178
0.676158
0.676138
0.676119
0.6761
0.676081
0.676063
0.676046
0.676028
0.676012
0.675996
0.675981
0.675967
0.675953
0.675941
0.675931
0.675922
0.675914
0.675909
0.675905
0.675902
0.675899
0.675896
0.675893
0.675888
0.675882
0.675874
0.675863
0.675851
0.675837
0.675821
0.675804
0.675785
0.675767
0.675747
0.675728
0.67571
0.675692
0.675675
0.67566
0.675645
0.675633
0.675622
0.675612
0.675605
0.675599
0.675593
0.675593
0.675587
0.648263
0.648068
0.647861
0.647643
0.647442
0.647278
0.647159
0.647082
0.64704
0.647026
0.647032
0.647055
0.647103
0.647162
0.647228
0.647305
0.647394
0.647495
0.647609
0.647735
0.64787
0.648013
0.648161
0.648309
0.648456
0.648597
0.648728
0.648847
0.648952
0.649041
0.649113
0.649168
0.649207
0.649231
0.649242
0.64924
0.649226
0.649201
0.649171
0.649138
0.649104
0.649069
0.649034
0.648999
0.648966
0.648933
0.648902
0.648872
0.648844
0.648818
0.648793
0.648769
0.648746
0.648723
0.648702
0.648681
0.648661
0.648641
0.648622
0.648604
0.648587
0.648571
0.648555
0.648541
0.648528
0.648516
0.648506
0.648497
0.648491
0.648485
0.648481
0.648477
0.648473
0.648469
0.648464
0.648458
0.648449
0.648439
0.648427
0.648412
0.648396
0.648378
0.648359
0.648338
0.648317
0.648296
0.648275
0.648254
0.648234
0.648215
0.648197
0.648181
0.648167
0.648155
0.648144
0.648135
0.648128
0.648122
0.648122
0.648115
0.618687
0.618486
0.61827
0.618041
0.617828
0.617654
0.617526
0.617444
0.6174
0.617385
0.617391
0.617415
0.61746
0.617517
0.617582
0.617661
0.617752
0.617855
0.617971
0.618099
0.618237
0.618384
0.618535
0.618688
0.61884
0.618986
0.619123
0.619248
0.61936
0.619455
0.619533
0.619594
0.619639
0.619668
0.619683
0.619685
0.619674
0.619654
0.619628
0.619597
0.619564
0.619529
0.619493
0.619457
0.619422
0.619387
0.619354
0.619322
0.619292
0.619263
0.619235
0.619208
0.619183
0.619158
0.619135
0.619112
0.61909
0.61907
0.61905
0.619031
0.619014
0.618997
0.618982
0.618968
0.618956
0.618945
0.618935
0.618927
0.61892
0.618914
0.618909
0.618904
0.6189
0.618894
0.618887
0.618879
0.618868
0.618856
0.618842
0.618826
0.618808
0.618789
0.618768
0.618747
0.618724
0.618702
0.61868
0.618658
0.618637
0.618617
0.618598
0.618581
0.618566
0.618553
0.618542
0.618533
0.618525
0.618519
0.618518
0.618512
0.586785
0.586588
0.586373
0.58614
0.585921
0.58574
0.585606
0.585518
0.585468
0.585449
0.585451
0.585472
0.585512
0.585564
0.585627
0.585703
0.585792
0.585895
0.58601
0.586138
0.586276
0.586423
0.586576
0.586732
0.586886
0.587037
0.587179
0.587311
0.587429
0.587531
0.587617
0.587685
0.587737
0.587772
0.587793
0.5878
0.587795
0.587779
0.587758
0.58773
0.587698
0.587664
0.587628
0.587591
0.587555
0.587519
0.587484
0.587451
0.587418
0.587387
0.587357
0.587328
0.587301
0.587274
0.587249
0.587225
0.587202
0.587181
0.587161
0.587142
0.587125
0.587109
0.587094
0.587081
0.587069
0.587058
0.587049
0.587042
0.587035
0.587028
0.587023
0.587017
0.58701
0.587002
0.586994
0.586983
0.586971
0.586958
0.586942
0.586925
0.586906
0.586887
0.586865
0.586844
0.586821
0.586799
0.586777
0.586755
0.586734
0.586714
0.586696
0.586679
0.586664
0.586651
0.58664
0.586631
0.586624
0.586618
0.586617
0.586612
0.552603
0.552422
0.552214
0.551986
0.551767
0.551584
0.551445
0.551352
0.551296
0.551269
0.551265
0.55128
0.551313
0.551359
0.551415
0.551487
0.551572
0.55167
0.551782
0.551906
0.552042
0.552187
0.552339
0.552495
0.552651
0.552804
0.552951
0.553087
0.553211
0.553321
0.553414
0.55349
0.553549
0.553592
0.55362
0.553633
0.553634
0.553624
0.553607
0.553583
0.553554
0.553521
0.553486
0.55345
0.553414
0.553377
0.553341
0.553306
0.553272
0.55324
0.553208
0.553177
0.553148
0.553121
0.553095
0.55307
0.553047
0.553025
0.553005
0.552987
0.55297
0.552955
0.552941
0.552928
0.552917
0.552908
0.552899
0.552891
0.552884
0.552878
0.552871
0.552864
0.552855
0.552846
0.552836
0.552824
0.55281
0.552796
0.552779
0.552762
0.552743
0.552723
0.552703
0.552681
0.55266
0.552638
0.552617
0.552597
0.552577
0.552558
0.552541
0.552525
0.552511
0.552499
0.552488
0.55248
0.552473
0.552468
0.552467
0.552463
0.516404
0.516244
0.516052
0.515834
0.515622
0.51544
0.515301
0.515203
0.515141
0.515107
0.515094
0.515101
0.515126
0.515164
0.515214
0.515279
0.515357
0.51545
0.515555
0.515674
0.515805
0.515946
0.516094
0.516248
0.516403
0.516557
0.516705
0.516845
0.516973
0.517088
0.517187
0.517271
0.517337
0.517388
0.517423
0.517444
0.517451
0.517447
0.517436
0.517416
0.517391
0.517361
0.517328
0.517293
0.517257
0.517221
0.517185
0.51715
0.517115
0.517081
0.517049
0.517018
0.516988
0.51696
0.516933
0.516908
0.516886
0.516864
0.516845
0.516827
0.516811
0.516796
0.516783
0.516772
0.516762
0.516753
0.516745
0.516738
0.516731
0.516723
0.516716
0.516707
0.516698
0.516687
0.516676
0.516663
0.516648
0.516633
0.516617
0.516599
0.516581
0.516562
0.516543
0.516523
0.516503
0.516483
0.516463
0.516444
0.516426
0.516409
0.516393
0.516379
0.516366
0.516355
0.516346
0.516338
0.516332
0.516327
0.516327
0.516324
0.478643
0.478507
0.478336
0.478134
0.477934
0.477758
0.47762
0.47752
0.477453
0.477412
0.477392
0.47739
0.477407
0.477437
0.477478
0.477535
0.477606
0.477691
0.47779
0.477901
0.478025
0.478159
0.478302
0.478451
0.478602
0.478754
0.478902
0.479042
0.479173
0.479292
0.479397
0.479486
0.479559
0.479617
0.47966
0.479688
0.479702
0.479705
0.479698
0.479684
0.479663
0.479637
0.479607
0.479575
0.479541
0.479506
0.479471
0.479436
0.479401
0.479368
0.479335
0.479304
0.479274
0.479246
0.47922
0.479195
0.479173
0.479153
0.479134
0.479117
0.479102
0.479089
0.479077
0.479066
0.479057
0.479049
0.479042
0.479035
0.479028
0.47902
0.479012
0.479003
0.478993
0.478981
0.478969
0.478956
0.478941
0.478926
0.47891
0.478893
0.478876
0.478859
0.478841
0.478823
0.478805
0.478787
0.478769
0.478752
0.478736
0.478721
0.478707
0.478694
0.478683
0.478673
0.478665
0.478658
0.478653
0.478649
0.478648
0.478646
0.439968
0.439857
0.43971
0.439528
0.439342
0.439176
0.439042
0.438942
0.438871
0.438825
0.438798
0.438789
0.438797
0.438819
0.438852
0.438901
0.438963
0.43904
0.439129
0.439232
0.439348
0.439474
0.439609
0.439752
0.439898
0.440045
0.44019
0.440329
0.440461
0.440582
0.44069
0.440784
0.440863
0.440927
0.440976
0.441011
0.441032
0.441042
0.441042
0.441033
0.441017
0.440996
0.44097
0.44094
0.440909
0.440876
0.440843
0.440809
0.440776
0.440743
0.440712
0.440681
0.440652
0.440625
0.440599
0.440576
0.440554
0.440535
0.440517
0.440502
0.440488
0.440476
0.440465
0.440456
0.440447
0.44044
0.440433
0.440427
0.44042
0.440413
0.440404
0.440395
0.440385
0.440373
0.440361
0.440347
0.440333
0.440319
0.440304
0.440289
0.440273
0.440257
0.440241
0.440225
0.44021
0.440194
0.440179
0.440164
0.44015
0.440136
0.440124
0.440113
0.440103
0.440095
0.440088
0.440082
0.440078
0.440075
0.440074
0.440072
0.401225
0.401139
0.401017
0.400857
0.400689
0.400535
0.400407
0.400308
0.400236
0.400186
0.400153
0.400137
0.400138
0.400152
0.400177
0.400216
0.40027
0.400338
0.400419
0.400512
0.400618
0.400736
0.400862
0.400996
0.401136
0.401277
0.401417
0.401554
0.401684
0.401805
0.401915
0.402012
0.402096
0.402165
0.402221
0.402263
0.402291
0.402307
0.402314
0.402311
0.402301
0.402285
0.402263
0.402238
0.40221
0.40218
0.40215
0.402118
0.402087
0.402055
0.402025
0.401996
0.401968
0.401942
0.401918
0.401896
0.401876
0.401857
0.401841
0.401827
0.401814
0.401803
0.401794
0.401786
0.401778
0.401772
0.401766
0.40176
0.401754
0.401747
0.401739
0.40173
0.401719
0.401708
0.401696
0.401684
0.401671
0.401657
0.401644
0.40163
0.401617
0.401603
0.401589
0.401575
0.401562
0.401548
0.401536
0.401523
0.401511
0.4015
0.40149
0.40148
0.401472
0.401465
0.401459
0.401454
0.401451
0.401448
0.401448
0.401446
0.363667
0.363605
0.363505
0.363367
0.363215
0.363073
0.362952
0.362857
0.362785
0.362732
0.362696
0.362675
0.362671
0.362678
0.362697
0.362729
0.362775
0.362834
0.362906
0.362991
0.363088
0.363195
0.363313
0.363438
0.363569
0.363703
0.363837
0.363969
0.364096
0.364215
0.364325
0.364423
0.364509
0.364582
0.364643
0.364689
0.364723
0.364746
0.364758
0.364762
0.364757
0.364746
0.36473
0.364709
0.364686
0.36466
0.364632
0.364604
0.364575
0.364547
0.364519
0.364492
0.364466
0.364442
0.364419
0.364399
0.36438
0.364364
0.364349
0.364336
0.364325
0.364315
0.364307
0.3643
0.364293
0.364288
0.364283
0.364277
0.364272
0.364265
0.364258
0.36425
0.364241
0.364231
0.36422
0.364209
0.364198
0.364186
0.364175
0.364163
0.364151
0.36414
0.364129
0.364117
0.364106
0.364095
0.364085
0.364074
0.364064
0.364055
0.364047
0.364039
0.364033
0.364027
0.364022
0.364019
0.364016
0.364014
0.364014
0.364012
0.328753
0.328714
0.328635
0.328515
0.328379
0.328248
0.328134
0.328043
0.327972
0.327919
0.327881
0.327858
0.32785
0.327852
0.327866
0.327892
0.327931
0.327983
0.328047
0.328123
0.328211
0.32831
0.328418
0.328534
0.328656
0.328782
0.32891
0.329036
0.329158
0.329274
0.329382
0.32948
0.329567
0.329642
0.329705
0.329756
0.329794
0.329822
0.32984
0.329849
0.32985
0.329844
0.329833
0.329817
0.329798
0.329776
0.329753
0.329728
0.329703
0.329677
0.329652
0.329628
0.329604
0.329582
0.329562
0.329543
0.329527
0.329512
0.329499
0.329487
0.329477
0.329469
0.329461
0.329455
0.32945
0.329445
0.329441
0.329436
0.329432
0.329426
0.32942
0.329414
0.329406
0.329398
0.329389
0.32938
0.32937
0.329361
0.329351
0.329342
0.329333
0.329324
0.329315
0.329306
0.329297
0.329288
0.32928
0.329272
0.329264
0.329257
0.32925
0.329244
0.329239
0.329235
0.329231
0.329228
0.329226
0.329225
0.329225
0.329224
0.297662
0.297642
0.297581
0.297479
0.297358
0.297237
0.297131
0.297043
0.296975
0.296922
0.296884
0.296859
0.296847
0.296847
0.296855
0.296877
0.29691
0.296955
0.297012
0.297081
0.297161
0.297251
0.297351
0.297459
0.297574
0.297692
0.297812
0.297932
0.29805
0.298162
0.298267
0.298364
0.298451
0.298527
0.298593
0.298647
0.298689
0.298721
0.298744
0.298757
0.298763
0.298762
0.298756
0.298745
0.29873
0.298712
0.298692
0.298671
0.298649
0.298626
0.298604
0.298582
0.298561
0.298542
0.298523
0.298507
0.298491
0.298478
0.298466
0.298456
0.298447
0.298439
0.298433
0.298428
0.298423
0.298419
0.298416
0.298412
0.298409
0.298404
0.2984
0.298394
0.298388
0.298382
0.298375
0.298368
0.298361
0.298353
0.298346
0.298339
0.298332
0.298325
0.298319
0.298312
0.298305
0.298299
0.298292
0.298286
0.29828
0.298274
0.298269
0.298265
0.298261
0.298258
0.298255
0.298253
0.298252
0.298251
0.298252
0.298251
0.271906
0.271903
0.271858
0.271773
0.271665
0.271555
0.271455
0.271371
0.271304
0.271252
0.271212
0.271185
0.271171
0.271167
0.271171
0.271188
0.271216
0.271255
0.271306
0.271369
0.271442
0.271526
0.271619
0.27172
0.271828
0.271941
0.272055
0.272171
0.272284
0.272394
0.272497
0.272594
0.272681
0.272759
0.272826
0.272883
0.272929
0.272965
0.272992
0.27301
0.273021
0.273024
0.273022
0.273015
0.273004
0.27299
0.272973
0.272955
0.272936
0.272917
0.272897
0.272877
0.272858
0.272841
0.272824
0.272809
0.272795
0.272783
0.272772
0.272762
0.272754
0.272747
0.272741
0.272736
0.272732
0.272729
0.272726
0.272723
0.27272
0.272717
0.272714
0.27271
0.272706
0.272701
0.272697
0.272692
0.272687
0.272682
0.272677
0.272673
0.272668
0.272663
0.272658
0.272654
0.272649
0.272644
0.27264
0.272635
0.272631
0.272627
0.272624
0.27262
0.272618
0.272616
0.272614
0.272613
0.272613
0.272613
0.272613
0.272614
0.253488
0.253498
0.253468
0.253396
0.2533
0.253197
0.253102
0.253021
0.252955
0.252903
0.252863
0.252834
0.252816
0.252809
0.25281
0.252823
0.252847
0.252882
0.252928
0.252986
0.253055
0.253134
0.253222
0.253319
0.253423
0.253532
0.253643
0.253756
0.253867
0.253975
0.254078
0.254174
0.254262
0.254342
0.254411
0.254471
0.25452
0.254559
0.254589
0.254611
0.254625
0.254632
0.254633
0.254629
0.254621
0.25461
0.254596
0.25458
0.254563
0.254546
0.254528
0.25451
0.254493
0.254477
0.254462
0.254447
0.254434
0.254423
0.254412
0.254403
0.254395
0.254388
0.254382
0.254377
0.254373
0.25437
0.254367
0.254365
0.254362
0.25436
0.254358
0.254356
0.254353
0.254351
0.254349
0.254346
0.254344
0.254341
0.254339
0.254336
0.254334
0.254331
0.254328
0.254325
0.254322
0.254319
0.254316
0.254313
0.254311
0.254308
0.254306
0.254304
0.254303
0.254301
0.254301
0.254301
0.254301
0.254302
0.254303
0.254304
0.244032
0.244053
0.244031
0.243966
0.243876
0.243778
0.243686
0.243607
0.243541
0.243489
0.243449
0.243419
0.2434
0.243391
0.243391
0.243402
0.243423
0.243456
0.243501
0.243556
0.243623
0.2437
0.243787
0.243882
0.243984
0.24409
0.2442
0.244311
0.244422
0.244529
0.244631
0.244727
0.244815
0.244895
0.244965
0.245025
0.245075
0.245116
0.245147
0.24517
0.245185
0.245194
0.245196
0.245194
0.245187
0.245177
0.245165
0.24515
0.245135
0.245118
0.245102
0.245085
0.245069
0.245054
0.245039
0.245025
0.245013
0.245001
0.24499
0.244981
0.244972
0.244965
0.244959
0.244953
0.244949
0.244945
0.244942
0.24494
0.244938
0.244936
0.244935
0.244934
0.244933
0.244933
0.244932
0.244932
0.244931
0.244931
0.244931
0.24493
0.244929
0.244928
0.244926
0.244925
0.244923
0.244921
0.244919
0.244918
0.244916
0.244914
0.244913
0.244912
0.244911
0.24491
0.24491
0.244911
0.244912
0.244913
0.244914
0.244916
0.244427
0.24445
0.24443
0.244366
0.244277
0.24418
0.244088
0.244009
0.243944
0.243892
0.243852
0.243823
0.243803
0.243793
0.243794
0.243805
0.243827
0.243861
0.243905
0.243962
0.244029
0.244107
0.244195
0.24429
0.244393
0.2445
0.244611
0.244722
0.244832
0.244939
0.245041
0.245136
0.245223
0.245301
0.24537
0.245429
0.245478
0.245518
0.245548
0.245569
0.245584
0.245591
0.245593
0.245589
0.245582
0.245572
0.245559
0.245545
0.245529
0.245513
0.245497
0.24548
0.245464
0.245449
0.245434
0.24542
0.245407
0.245395
0.245384
0.245374
0.245364
0.245356
0.245349
0.245343
0.245337
0.245333
0.245329
0.245326
0.245324
0.245323
0.245322
0.245322
0.245322
0.245323
0.245324
0.245325
0.245326
0.245327
0.245328
0.245329
0.245329
0.245328
0.245328
0.245327
0.245326
0.245324
0.245323
0.245321
0.245319
0.245318
0.245317
0.245316
0.245315
0.245315
0.245315
0.245316
0.245317
0.245318
0.24532
0.245321
0.254663
0.25468
0.254653
0.254584
0.25449
0.25439
0.254296
0.254216
0.254151
0.254099
0.25406
0.254032
0.254013
0.254005
0.254008
0.254022
0.254046
0.254083
0.254131
0.25419
0.254261
0.254343
0.254434
0.254533
0.254639
0.254749
0.254862
0.254975
0.255086
0.255193
0.255294
0.255388
0.255474
0.255549
0.255615
0.255671
0.255716
0.255752
0.255778
0.255797
0.255807
0.255812
0.25581
0.255804
0.255795
0.255782
0.255768
0.255752
0.255735
0.255718
0.255701
0.255684
0.255667
0.255651
0.255636
0.255621
0.255607
0.255594
0.255582
0.25557
0.25556
0.25555
0.255542
0.255534
0.255528
0.255522
0.255517
0.255513
0.25551
0.255509
0.255508
0.255508
0.255509
0.25551
0.255512
0.255514
0.255516
0.255518
0.255519
0.25552
0.25552
0.25552
0.25552
0.255518
0.255517
0.255515
0.255513
0.255511
0.255509
0.255508
0.255506
0.255505
0.255504
0.255504
0.255503
0.255504
0.255505
0.255506
0.255508
0.255508
0.273739
0.273743
0.273704
0.273623
0.273518
0.273411
0.273313
0.273231
0.273165
0.273114
0.273077
0.273051
0.273034
0.273029
0.273036
0.273054
0.273084
0.273125
0.273179
0.273244
0.273321
0.273408
0.273506
0.273611
0.273722
0.273837
0.273954
0.27407
0.274183
0.27429
0.274391
0.274484
0.274566
0.274638
0.2747
0.27475
0.274791
0.274821
0.274842
0.274855
0.27486
0.27486
0.274854
0.274844
0.274831
0.274815
0.274797
0.274779
0.27476
0.274741
0.274722
0.274704
0.274686
0.274669
0.274653
0.274637
0.274622
0.274607
0.274594
0.274581
0.274569
0.274558
0.274548
0.274538
0.27453
0.274523
0.274517
0.274512
0.274508
0.274505
0.274504
0.274503
0.274504
0.274506
0.274508
0.27451
0.274512
0.274514
0.274515
0.274516
0.274516
0.274515
0.274513
0.274512
0.274509
0.274507
0.274504
0.274501
0.274498
0.274495
0.274493
0.274491
0.274489
0.274488
0.274487
0.274487
0.274487
0.274489
0.27449
0.27449
0.299956
0.299944
0.299889
0.299792
0.299675
0.299558
0.299454
0.299368
0.299301
0.29925
0.299214
0.29919
0.299176
0.299175
0.299187
0.29921
0.299245
0.299293
0.299353
0.299426
0.29951
0.299606
0.299711
0.299824
0.299942
0.300064
0.300187
0.300307
0.300424
0.300533
0.300635
0.300726
0.300807
0.300876
0.300933
0.300979
0.301015
0.301039
0.301054
0.301061
0.301061
0.301055
0.301044
0.30103
0.301012
0.300992
0.300971
0.30095
0.300928
0.300906
0.300886
0.300865
0.300846
0.300827
0.300809
0.300792
0.300775
0.300759
0.300744
0.30073
0.300716
0.300703
0.300692
0.300681
0.300671
0.300662
0.300655
0.300648
0.300643
0.30064
0.300637
0.300636
0.300636
0.300637
0.300639
0.300641
0.300642
0.300643
0.300644
0.300644
0.300642
0.300641
0.300638
0.300635
0.300631
0.300627
0.300623
0.300619
0.300614
0.30061
0.300607
0.300604
0.300601
0.300599
0.300598
0.300597
0.300597
0.300597
0.300599
0.300598
0.331333
0.331303
0.33123
0.331116
0.330985
0.330857
0.330746
0.330657
0.330588
0.330537
0.330501
0.330479
0.330468
0.330471
0.330487
0.330516
0.330558
0.330612
0.330681
0.330762
0.330855
0.33096
0.331074
0.331196
0.331323
0.331453
0.331582
0.331708
0.331829
0.331942
0.332045
0.332136
0.332215
0.332282
0.332336
0.332377
0.332407
0.332427
0.332436
0.332437
0.332432
0.33242
0.332404
0.332385
0.332363
0.332339
0.332314
0.332289
0.332264
0.33224
0.332217
0.332194
0.332173
0.332152
0.332132
0.332113
0.332095
0.332077
0.332061
0.332045
0.33203
0.332015
0.332002
0.33199
0.331978
0.331968
0.331959
0.331951
0.331945
0.33194
0.331937
0.331935
0.331934
0.331934
0.331935
0.331935
0.331936
0.331936
0.331935
0.331934
0.331931
0.331928
0.331924
0.331919
0.331913
0.331908
0.331902
0.331896
0.33189
0.331885
0.33188
0.331876
0.331872
0.331869
0.331866
0.331865
0.331864
0.331864
0.331866
0.331865
0.366434
0.366382
0.36629
0.366157
0.36601
0.365871
0.365753
0.365659
0.365589
0.365538
0.365504
0.365485
0.365478
0.365485
0.365508
0.365543
0.365592
0.365655
0.365732
0.365822
0.365925
0.36604
0.366164
0.366295
0.366431
0.366569
0.366705
0.366837
0.366961
0.367076
0.36718
0.367271
0.367348
0.367411
0.36746
0.367497
0.367521
0.367535
0.367538
0.367533
0.367522
0.367505
0.367483
0.367459
0.367432
0.367404
0.367376
0.367347
0.36732
0.367293
0.367267
0.367242
0.367219
0.367196
0.367175
0.367154
0.367134
0.367115
0.367097
0.367079
0.367063
0.367047
0.367032
0.367018
0.367006
0.366994
0.366983
0.366974
0.366966
0.36696
0.366956
0.366952
0.36695
0.366949
0.366949
0.366948
0.366947
0.366946
0.366944
0.36694
0.366936
0.366931
0.366925
0.366918
0.366911
0.366903
0.366895
0.366888
0.36688
0.366873
0.366867
0.366861
0.366856
0.366852
0.366848
0.366846
0.366845
0.366845
0.366846
0.366844
0.404026
0.40395
0.403835
0.40368
0.403516
0.403364
0.403239
0.403142
0.403071
0.403023
0.402993
0.402978
0.402977
0.402991
0.40302
0.403064
0.403121
0.403193
0.403279
0.403379
0.403492
0.403617
0.403751
0.403891
0.404036
0.40418
0.404322
0.404458
0.404585
0.404701
0.404803
0.404892
0.404965
0.405024
0.405067
0.405098
0.405116
0.405123
0.40512
0.405109
0.405092
0.405069
0.405043
0.405014
0.404983
0.404952
0.40492
0.404889
0.404859
0.40483
0.404802
0.404776
0.404751
0.404727
0.404704
0.404682
0.40466
0.40464
0.404621
0.404602
0.404585
0.404568
0.404552
0.404537
0.404523
0.40451
0.404498
0.404488
0.404479
0.404471
0.404466
0.404461
0.404458
0.404455
0.404453
0.404452
0.404449
0.404446
0.404442
0.404437
0.404431
0.404424
0.404416
0.404407
0.404398
0.404388
0.404378
0.404368
0.404359
0.40435
0.404342
0.404335
0.404328
0.404323
0.404318
0.404315
0.404313
0.404312
0.404314
0.404312
0.442646
0.442545
0.442404
0.442227
0.442044
0.44188
0.441748
0.441649
0.44158
0.441536
0.441512
0.441504
0.441511
0.441533
0.441571
0.441623
0.441689
0.441771
0.441866
0.441976
0.442099
0.442233
0.442376
0.442524
0.442675
0.442826
0.442971
0.443109
0.443236
0.44335
0.44345
0.443534
0.443602
0.443654
0.443691
0.443714
0.443725
0.443725
0.443716
0.443699
0.443677
0.44365
0.44362
0.443587
0.443553
0.443519
0.443485
0.443452
0.44342
0.44339
0.443361
0.443333
0.443307
0.443282
0.443259
0.443236
0.443214
0.443193
0.443173
0.443154
0.443136
0.443118
0.443102
0.443086
0.443071
0.443057
0.443045
0.443034
0.443024
0.443015
0.443008
0.443003
0.442998
0.442995
0.442991
0.442988
0.442984
0.442979
0.442974
0.442967
0.442959
0.44295
0.44294
0.442929
0.442917
0.442905
0.442893
0.442882
0.44287
0.44286
0.44285
0.442841
0.442833
0.442826
0.442821
0.442816
0.442814
0.442812
0.442813
0.442811
0.481103
0.480977
0.480811
0.480613
0.480413
0.480239
0.480102
0.480004
0.479938
0.4799
0.479883
0.479883
0.479898
0.479929
0.479975
0.480036
0.480111
0.480201
0.480306
0.480424
0.480556
0.480698
0.480848
0.481003
0.481159
0.481313
0.48146
0.481598
0.481723
0.481835
0.48193
0.482008
0.48207
0.482115
0.482145
0.482161
0.482165
0.482159
0.482144
0.482122
0.482095
0.482065
0.482031
0.481996
0.48196
0.481924
0.481889
0.481855
0.481822
0.48179
0.481761
0.481733
0.481706
0.48168
0.481656
0.481633
0.481611
0.48159
0.481569
0.48155
0.481531
0.481514
0.481497
0.481481
0.481466
0.481451
0.481438
0.481426
0.481416
0.481407
0.481399
0.481392
0.481387
0.481382
0.481377
0.481372
0.481367
0.481361
0.481354
0.481345
0.481335
0.481324
0.481312
0.4813
0.481286
0.481272
0.481258
0.481244
0.481231
0.481218
0.481207
0.481196
0.481187
0.481179
0.481172
0.481167
0.481163
0.481161
0.481162
0.481159
0.518566
0.518416
0.518229
0.518013
0.517801
0.51762
0.517481
0.517385
0.517324
0.517293
0.517284
0.517292
0.517316
0.517355
0.517409
0.517478
0.517561
0.517658
0.517771
0.517897
0.518036
0.518184
0.518339
0.518498
0.518657
0.518812
0.518959
0.519095
0.519217
0.519323
0.519412
0.519484
0.519538
0.519576
0.519598
0.519608
0.519606
0.519594
0.519574
0.519547
0.519517
0.519483
0.519448
0.519411
0.519374
0.519337
0.519301
0.519267
0.519234
0.519202
0.519172
0.519144
0.519117
0.519092
0.519068
0.519045
0.519023
0.519001
0.518981
0.518962
0.518944
0.518926
0.518909
0.518893
0.518878
0.518864
0.518851
0.518838
0.518827
0.518818
0.518809
0.518802
0.518795
0.518789
0.518783
0.518777
0.518771
0.518763
0.518755
0.518745
0.518733
0.518721
0.518707
0.518693
0.518677
0.518662
0.518646
0.51863
0.518615
0.518601
0.518587
0.518575
0.518564
0.518555
0.518547
0.518541
0.518537
0.518534
0.518534
0.518531
0.554406
0.554234
0.55403
0.553802
0.553583
0.553399
0.553261
0.553168
0.553114
0.55309
0.553089
0.553106
0.553137
0.553184
0.553245
0.55332
0.55341
0.553514
0.553632
0.553764
0.553907
0.554059
0.554218
0.554378
0.554537
0.554691
0.554835
0.554966
0.555083
0.555183
0.555265
0.555329
0.555375
0.555405
0.555421
0.555423
0.555415
0.555398
0.555374
0.555345
0.555312
0.555276
0.55524
0.555202
0.555165
0.555129
0.555093
0.555059
0.555026
0.554995
0.554965
0.554938
0.554911
0.554886
0.554863
0.55484
0.554819
0.554798
0.554779
0.55476
0.554742
0.554725
0.554709
0.554693
0.554679
0.554665
0.554652
0.55464
0.554629
0.554619
0.55461
0.554601
0.554594
0.554587
0.55458
0.554573
0.554566
0.554557
0.554548
0.554537
0.554524
0.55451
0.554495
0.55448
0.554463
0.554446
0.554428
0.554411
0.554395
0.554379
0.554364
0.55435
0.554338
0.554328
0.554319
0.554312
0.554307
0.554303
0.554304
0.554299
0.588183
0.587994
0.587781
0.587547
0.587327
0.587144
0.58701
0.586923
0.586874
0.586857
0.586862
0.586886
0.586923
0.586975
0.587042
0.587122
0.587215
0.587323
0.587445
0.58758
0.587725
0.587879
0.588038
0.588197
0.588354
0.588504
0.588643
0.588769
0.588878
0.588971
0.589045
0.589101
0.58914
0.589163
0.589171
0.589168
0.589155
0.589134
0.589107
0.589075
0.589041
0.589005
0.588968
0.588931
0.588895
0.588859
0.588825
0.588792
0.58876
0.58873
0.588702
0.588675
0.588649
0.588625
0.588602
0.588581
0.58856
0.588541
0.588523
0.588505
0.588488
0.588472
0.588457
0.588443
0.588429
0.588416
0.588403
0.588392
0.588381
0.588371
0.588362
0.588353
0.588345
0.588338
0.58833
0.588322
0.588314
0.588304
0.588294
0.588282
0.588269
0.588255
0.588239
0.588222
0.588205
0.588187
0.588168
0.58815
0.588133
0.588116
0.5881
0.588086
0.588073
0.588062
0.588053
0.588045
0.588039
0.588035
0.588035
0.588029
0.619654
0.619459
0.619244
0.619014
0.618798
0.618622
0.618494
0.618411
0.618368
0.618354
0.618363
0.618389
0.618429
0.618484
0.618552
0.618634
0.618729
0.618838
0.61896
0.619095
0.61924
0.619392
0.619549
0.619705
0.619858
0.620003
0.620136
0.620255
0.620358
0.620443
0.620509
0.620558
0.62059
0.620607
0.620611
0.620603
0.620587
0.620563
0.620534
0.620502
0.620467
0.620432
0.620396
0.62036
0.620325
0.620291
0.620258
0.620227
0.620197
0.620168
0.620141
0.620115
0.620091
0.620068
0.620047
0.620027
0.620008
0.61999
0.619973
0.619957
0.619941
0.619927
0.619913
0.6199
0.619888
0.619876
0.619865
0.619854
0.619844
0.619835
0.619826
0.619817
0.619808
0.6198
0.619791
0.619783
0.619774
0.619764
0.619753
0.619741
0.619727
0.619713
0.619697
0.61968
0.619663
0.619645
0.619626
0.619608
0.619591
0.619574
0.619558
0.619544
0.61953
0.619519
0.619509
0.619502
0.619496
0.619491
0.619492
0.619483
0.6488
0.64861
0.648404
0.648184
0.647981
0.647814
0.647693
0.647615
0.647573
0.647559
0.647567
0.647592
0.647631
0.647684
0.64775
0.647829
0.647922
0.648029
0.648148
0.64828
0.648422
0.648571
0.648723
0.648875
0.649022
0.649162
0.649289
0.649402
0.649498
0.649577
0.649637
0.649681
0.649708
0.649721
0.649721
0.649711
0.649693
0.649668
0.649639
0.649606
0.649573
0.649538
0.649504
0.64947
0.649437
0.649405
0.649375
0.649345
0.649317
0.64929
0.649265
0.64924
0.649217
0.649196
0.649176
0.649157
0.64914
0.649124
0.649109
0.649095
0.649081
0.649069
0.649057
0.649046
0.649035
0.649025
0.649016
0.649007
0.648998
0.648989
0.64898
0.648971
0.648962
0.648953
0.648944
0.648935
0.648925
0.648914
0.648903
0.648891
0.648878
0.648864
0.648849
0.648833
0.648816
0.648799
0.648782
0.648765
0.648748
0.648732
0.648717
0.648703
0.648691
0.64868
0.648671
0.648663
0.648658
0.648653
0.648654
0.648644
0.675827
0.675654
0.675465
0.675264
0.675077
0.674924
0.674811
0.674736
0.674693
0.674676
0.674679
0.674698
0.674732
0.67478
0.674841
0.674915
0.675003
0.675104
0.675218
0.675345
0.675481
0.675624
0.67577
0.675916
0.676057
0.67619
0.676311
0.676418
0.676509
0.676582
0.676639
0.676679
0.676703
0.676713
0.676712
0.676701
0.676682
0.676658
0.676629
0.676598
0.676566
0.676533
0.676501
0.676469
0.676439
0.676409
0.676381
0.676354
0.676328
0.676303
0.676279
0.676256
0.676235
0.676215
0.676197
0.67618
0.676165
0.67615
0.676137
0.676125
0.676114
0.676104
0.676094
0.676085
0.676077
0.676069
0.676061
0.676053
0.676046
0.676038
0.676029
0.676021
0.676012
0.676002
0.675993
0.675983
0.675972
0.675962
0.675951
0.675939
0.675927
0.675914
0.6759
0.675885
0.67587
0.675855
0.675839
0.675824
0.675809
0.675795
0.675782
0.675769
0.675758
0.675749
0.675741
0.675734
0.675729
0.675726
0.675727
0.675714
0.701123
0.700976
0.700812
0.700634
0.700469
0.700331
0.700226
0.700154
0.700109
0.700087
0.700084
0.700096
0.700123
0.700164
0.700218
0.700284
0.700364
0.700458
0.700565
0.700683
0.700812
0.700947
0.701085
0.701223
0.701357
0.701483
0.701597
0.701698
0.701784
0.701853
0.701906
0.701942
0.701965
0.701974
0.701972
0.701961
0.701943
0.70192
0.701893
0.701863
0.701833
0.701803
0.701773
0.701744
0.701716
0.701689
0.701664
0.701639
0.701615
0.701592
0.70157
0.70155
0.70153
0.701512
0.701496
0.701481
0.701468
0.701455
0.701445
0.701435
0.701426
0.701418
0.70141
0.701404
0.701398
0.701392
0.701386
0.70138
0.701374
0.701367
0.70136
0.701351
0.701342
0.701332
0.701322
0.701312
0.701302
0.701291
0.70128
0.70127
0.701258
0.701247
0.701235
0.701222
0.70121
0.701197
0.701184
0.701171
0.701158
0.701146
0.701135
0.701125
0.701116
0.701108
0.701101
0.701095
0.701091
0.701088
0.70109
0.701072
0.725176
0.72506
0.724927
0.724778
0.724635
0.724513
0.724418
0.724349
0.724303
0.724276
0.724266
0.724271
0.724291
0.724324
0.72437
0.724428
0.724499
0.724584
0.724681
0.72479
0.724908
0.725033
0.725162
0.72529
0.725415
0.725532
0.725639
0.725733
0.725813
0.725878
0.725927
0.725962
0.725982
0.725991
0.725989
0.725979
0.725963
0.725941
0.725916
0.725889
0.725861
0.725834
0.725807
0.725781
0.725756
0.725732
0.725709
0.725687
0.725666
0.725645
0.725626
0.725607
0.72559
0.725574
0.725559
0.725546
0.725535
0.725525
0.725516
0.725508
0.725502
0.725496
0.725491
0.725487
0.725483
0.72548
0.725476
0.725472
0.725467
0.725462
0.725455
0.725447
0.725438
0.725429
0.725418
0.725408
0.725398
0.725388
0.725378
0.725368
0.725358
0.725349
0.725339
0.725329
0.725319
0.725308
0.725298
0.725288
0.725278
0.725269
0.72526
0.725251
0.725244
0.725238
0.725232
0.725227
0.725224
0.725221
0.725224
0.725193
0.748511
0.748431
0.748336
0.748218
0.748099
0.747994
0.747908
0.747843
0.747796
0.747765
0.74775
0.747749
0.747762
0.747788
0.747825
0.747874
0.747936
0.74801
0.748096
0.748194
0.7483
0.748414
0.748531
0.748648
0.748761
0.748869
0.748967
0.749054
0.749127
0.749187
0.749232
0.749264
0.749283
0.749292
0.749291
0.749282
0.749268
0.749248
0.749226
0.749202
0.749177
0.749153
0.749129
0.749106
0.749084
0.749063
0.749043
0.749024
0.749005
0.748988
0.74897
0.748954
0.748939
0.748925
0.748912
0.748902
0.748892
0.748884
0.748878
0.748872
0.748868
0.748865
0.748862
0.74886
0.748859
0.748857
0.748856
0.748854
0.748851
0.748846
0.748841
0.748834
0.748825
0.748816
0.748806
0.748796
0.748786
0.748777
0.748768
0.748759
0.748752
0.748744
0.748737
0.748729
0.748722
0.748715
0.748707
0.7487
0.748693
0.748686
0.748679
0.748673
0.748667
0.748662
0.748657
0.748654
0.748651
0.748649
0.748654
0.748591
0.771655
0.771622
0.771572
0.771486
0.77139
0.7713
0.771224
0.771163
0.771116
0.771083
0.771064
0.771057
0.771064
0.771083
0.771112
0.771152
0.771203
0.771266
0.77134
0.771425
0.771519
0.771618
0.771722
0.771826
0.771927
0.772023
0.772112
0.772189
0.772256
0.77231
0.772351
0.772381
0.772399
0.772407
0.772408
0.772401
0.772389
0.772373
0.772354
0.772333
0.772312
0.77229
0.77227
0.77225
0.772232
0.772214
0.772197
0.772181
0.772166
0.77215
0.772136
0.772122
0.772109
0.772097
0.772087
0.772078
0.77207
0.772065
0.77206
0.772057
0.772055
0.772054
0.772053
0.772053
0.772054
0.772055
0.772055
0.772055
0.772054
0.772051
0.772047
0.772041
0.772033
0.772025
0.772016
0.772006
0.771997
0.771988
0.771981
0.771974
0.771968
0.771962
0.771957
0.771952
0.771948
0.771943
0.771939
0.771934
0.77193
0.771925
0.771921
0.771916
0.771912
0.771908
0.771905
0.771902
0.7719
0.771898
0.771908
0.77178
0.795108
0.795135
0.795137
0.795083
0.795008
0.794932
0.794864
0.794807
0.794762
0.794728
0.794706
0.794695
0.794697
0.794709
0.794729
0.794759
0.794799
0.794849
0.794911
0.794982
0.795061
0.795146
0.795235
0.795324
0.795412
0.795496
0.795573
0.795641
0.7957
0.795748
0.795785
0.795812
0.795829
0.795838
0.79584
0.795835
0.795827
0.795815
0.795801
0.795784
0.795767
0.795749
0.795732
0.795716
0.795701
0.795687
0.795673
0.79566
0.795648
0.795635
0.795624
0.795612
0.795601
0.795592
0.795583
0.795576
0.795571
0.795567
0.795564
0.795563
0.795563
0.795564
0.795565
0.795567
0.79557
0.795573
0.795575
0.795577
0.795578
0.795577
0.795574
0.795569
0.795563
0.795556
0.795547
0.795539
0.79553
0.795523
0.795516
0.795511
0.795506
0.795503
0.7955
0.795498
0.795496
0.795494
0.795492
0.79549
0.795488
0.795486
0.795484
0.795481
0.795479
0.795476
0.795474
0.795472
0.79547
0.795468
0.795488
0.795234
0.819324
0.819413
0.819467
0.819441
0.819382
0.819317
0.819256
0.819204
0.819161
0.819128
0.819103
0.819089
0.819085
0.81909
0.8191
0.819118
0.819146
0.819184
0.819231
0.819288
0.819351
0.819421
0.819493
0.819568
0.819641
0.819711
0.819776
0.819835
0.819885
0.819927
0.81996
0.819985
0.820001
0.820011
0.820014
0.820013
0.820009
0.820004
0.819997
0.819987
0.819975
0.819961
0.819948
0.819936
0.819924
0.819913
0.819903
0.819893
0.819884
0.819874
0.819865
0.819856
0.819848
0.81984
0.819833
0.819828
0.819824
0.819822
0.819821
0.819821
0.819823
0.819825
0.819829
0.819832
0.819837
0.819841
0.819846
0.819849
0.819852
0.819853
0.819852
0.819849
0.819844
0.819838
0.819831
0.819824
0.819817
0.81981
0.819805
0.8198
0.819797
0.819796
0.819795
0.819795
0.819795
0.819796
0.819796
0.819797
0.819797
0.819797
0.819797
0.819797
0.819796
0.819795
0.819794
0.819793
0.819792
0.81979
0.819824
0.819383
0.844806
0.844909
0.844988
0.844974
0.844927
0.844871
0.844817
0.84477
0.84473
0.844697
0.844672
0.844653
0.844641
0.844634
0.844631
0.844636
0.844651
0.844675
0.844708
0.844748
0.844796
0.844849
0.844905
0.844963
0.845021
0.845077
0.84513
0.845179
0.845221
0.845257
0.845286
0.845308
0.845324
0.845334
0.84534
0.845344
0.845347
0.845352
0.845356
0.845356
0.845351
0.845343
0.845335
0.845327
0.845319
0.845311
0.845304
0.845298
0.845291
0.845285
0.845278
0.845272
0.845265
0.84526
0.845255
0.845251
0.845249
0.845248
0.845248
0.84525
0.845252
0.845256
0.84526
0.845266
0.845271
0.845277
0.845283
0.845289
0.845293
0.845296
0.845297
0.845296
0.845294
0.84529
0.845284
0.845278
0.845272
0.845267
0.845262
0.845259
0.845257
0.845257
0.845258
0.845259
0.845261
0.845264
0.845266
0.845269
0.845272
0.845274
0.845276
0.845277
0.845278
0.845279
0.845279
0.845279
0.845279
0.845276
0.845322
0.844787
0.872932
0.872891
0.872906
0.872883
0.872844
0.872797
0.872751
0.87271
0.872673
0.872643
0.872615
0.87259
0.872564
0.872537
0.872515
0.872506
0.872508
0.872518
0.872536
0.872561
0.872592
0.872627
0.872667
0.872708
0.872751
0.872793
0.872834
0.872872
0.872906
0.872936
0.872961
0.872982
0.872998
0.87301
0.873019
0.873027
0.87304
0.873061
0.873082
0.873097
0.873103
0.873103
0.873101
0.873097
0.873093
0.873089
0.873086
0.873082
0.873078
0.873075
0.873071
0.873067
0.873063
0.873059
0.873056
0.873053
0.873052
0.873052
0.873053
0.873055
0.873059
0.873063
0.873068
0.873075
0.873081
0.873088
0.873095
0.873102
0.873108
0.873113
0.873117
0.873118
0.873118
0.873116
0.873113
0.873109
0.873105
0.873101
0.873097
0.873095
0.873094
0.873094
0.873095
0.873098
0.873101
0.873105
0.873109
0.873114
0.873118
0.873122
0.873126
0.873129
0.873132
0.873135
0.873137
0.873139
0.87314
0.873136
0.873146
0.873256
0.910759
0.910553
0.91043
0.910408
0.910385
0.910353
0.910317
0.910283
0.910251
0.910222
0.910192
0.910155
0.910102
0.910044
0.910005
0.909989
0.909985
0.909985
0.909988
0.909997
0.91001
0.910027
0.910049
0.910074
0.910101
0.910129
0.910157
0.910185
0.910211
0.910236
0.910258
0.910278
0.910296
0.910311
0.910324
0.910337
0.910361
0.910399
0.910438
0.910468
0.910486
0.910495
0.9105
0.910502
0.910503
0.910503
0.910503
0.910503
0.910502
0.910501
0.9105
0.910498
0.910496
0.910494
0.910493
0.910492
0.910491
0.910492
0.910493
0.910496
0.910499
0.910504
0.91051
0.910516
0.910523
0.910531
0.91054
0.910548
0.910556
0.910563
0.910569
0.910573
0.910576
0.910577
0.910577
0.910576
0.910573
0.910571
0.910569
0.910567
0.910566
0.910566
0.910568
0.910571
0.910574
0.910579
0.910584
0.91059
0.910595
0.910601
0.910607
0.910613
0.910618
0.910623
0.910627
0.910631
0.910634
0.910635
0.910502
0.913979
1.02902
1.02978
1.02973
1.02981
1.02984
1.02982
1.0298
1.02977
1.02975
1.02971
1.02967
1.02961
1.0295
1.02939
1.02934
1.02933
1.02933
1.02933
1.02931
1.0293
1.02929
1.02928
1.02928
1.02929
1.0293
1.02931
1.02933
1.02934
1.02936
1.02938
1.0294
1.02943
1.02945
1.02947
1.02949
1.02951
1.02955
1.02961
1.02966
1.02971
1.02974
1.02977
1.02978
1.02979
1.0298
1.02981
1.02981
1.02982
1.02982
1.02982
1.02983
1.02983
1.02983
1.02983
1.02983
1.02983
1.02983
1.02983
1.02983
1.02983
1.02984
1.02984
1.02985
1.02986
1.02986
1.02987
1.02989
1.0299
1.02991
1.02992
1.02993
1.02994
1.02995
1.02995
1.02996
1.02996
1.02996
1.02996
1.02996
1.02996
1.02996
1.02996
1.02996
1.02996
1.02996
1.02997
1.02998
1.02998
1.02999
1.03
1.03001
1.03002
1.03003
1.03004
1.03004
1.03005
1.03006
1.03007
1.02998
1.05257
)
;

boundaryField
{
    inlet
    {
        type            cyclic;
    }
    outlet
    {
        type            cyclic;
    }
    bottomWall
    {
        type            kqRWallFunction;
        value           nonuniform List<scalar> 
100
(
1.08966
1.09183
1.09196
1.09211
1.0922
1.09221
1.09219
1.09217
1.09214
1.09211
1.09205
1.09281
1.03917
1.07419
1.07523
1.07628
1.07687
1.07705
1.07708
1.07708
1.07707
1.07707
1.07706
1.07707
1.07707
1.07708
1.07709
1.07711
1.07712
1.07714
1.07716
1.07718
1.0772
1.07722
1.07725
1.07742
1.09059
1.09146
1.09175
1.09201
1.09209
1.09211
1.09212
1.09213
1.09213
1.09214
1.09214
1.09214
1.09215
1.09215
1.09215
1.09216
1.09216
1.09217
1.09218
1.09218
1.09219
1.0922
1.0922
1.09221
1.09221
1.09222
1.09222
1.09222
1.09222
1.09222
1.09221
1.09221
1.0922
1.0922
1.09219
1.09218
1.09217
1.09217
1.09217
1.09217
1.09217
1.09217
1.09218
1.09219
1.0922
1.09221
1.09222
1.09224
1.09225
1.09227
1.09229
1.0923
1.09232
1.09234
1.09235
1.09237
1.09238
1.0924
1.09241
1.09242
1.09243
1.09245
1.09246
1.09257
)
;
    }
    topWall
    {
        type            kqRWallFunction;
        value           nonuniform List<scalar> 
100
(
1.02902
1.02978
1.02973
1.02981
1.02984
1.02982
1.0298
1.02977
1.02975
1.02971
1.02967
1.02961
1.0295
1.02939
1.02934
1.02933
1.02933
1.02933
1.02931
1.0293
1.02929
1.02928
1.02928
1.02929
1.0293
1.02931
1.02933
1.02934
1.02936
1.02938
1.0294
1.02943
1.02945
1.02947
1.02949
1.02951
1.02955
1.02961
1.02966
1.02971
1.02974
1.02977
1.02978
1.02979
1.0298
1.02981
1.02981
1.02982
1.02982
1.02982
1.02983
1.02983
1.02983
1.02983
1.02983
1.02983
1.02983
1.02983
1.02983
1.02983
1.02984
1.02984
1.02985
1.02986
1.02986
1.02987
1.02989
1.0299
1.02991
1.02992
1.02993
1.02994
1.02995
1.02995
1.02996
1.02996
1.02996
1.02996
1.02996
1.02996
1.02996
1.02996
1.02996
1.02996
1.02996
1.02997
1.02998
1.02998
1.02999
1.03
1.03001
1.03002
1.03003
1.03004
1.03004
1.03005
1.03006
1.03007
1.02998
1.05257
)
;
    }
    frontAndBack
    {
        type            empty;
    }
}


// ************************************************************************* //
