/*--------------------------------*- C++ -*----------------------------------*\
  =========                 |
  \\      /  F ield         | OpenFOAM: The Open Source CFD Toolbox
   \\    /   O peration     | Website:  https://openfoam.org
    \\  /    A nd           | Version:  11
     \\/     M anipulation  |
\*---------------------------------------------------------------------------*/
FoamFile
{
    format      ascii;
    class       volScalarField;
    location    "200";
    object      nut;
}
// * * * * * * * * * * * * * * * * * * * * * * * * * * * * * * * * * * * * * //

dimensions      [0 2 -1 0 0 0 0];

internalField   nonuniform List<scalar> 
5000
(
8.00811e-05
8.02838e-05
8.02954e-05
8.03032e-05
8.03089e-05
8.03103e-05
8.03095e-05
8.03077e-05
8.03057e-05
8.03033e-05
8.03e-05
8.03502e-05
7.48908e-05
7.81298e-05
7.83526e-05
7.83941e-05
7.84379e-05
7.8457e-05
7.84627e-05
7.84642e-05
7.84644e-05
7.84646e-05
7.84647e-05
7.84652e-05
7.84658e-05
7.84667e-05
7.84678e-05
7.84692e-05
7.84706e-05
7.84722e-05
7.84737e-05
7.84752e-05
7.84766e-05
7.8478e-05
7.84791e-05
7.84721e-05
7.98885e-05
8.01691e-05
8.02458e-05
8.02833e-05
8.02992e-05
8.03051e-05
8.03074e-05
8.03084e-05
8.0309e-05
8.03093e-05
8.03095e-05
8.03097e-05
8.03099e-05
8.03101e-05
8.03104e-05
8.03107e-05
8.0311e-05
8.03114e-05
8.03119e-05
8.03123e-05
8.03128e-05
8.03132e-05
8.03136e-05
8.0314e-05
8.03142e-05
8.03144e-05
8.03145e-05
8.03144e-05
8.03143e-05
8.03141e-05
8.03138e-05
8.03134e-05
8.0313e-05
8.03125e-05
8.0312e-05
8.03116e-05
8.03112e-05
8.0311e-05
8.03109e-05
8.03109e-05
8.03112e-05
8.03116e-05
8.03121e-05
8.03128e-05
8.03136e-05
8.03145e-05
8.03154e-05
8.03164e-05
8.03175e-05
8.03186e-05
8.03197e-05
8.03209e-05
8.0322e-05
8.03231e-05
8.03242e-05
8.03253e-05
8.03262e-05
8.03272e-05
8.0328e-05
8.03288e-05
8.03294e-05
8.03298e-05
8.0329e-05
8.03325e-05
0.000163346
0.000163542
0.000163569
0.000163574
0.000163575
0.000163573
0.000163569
0.000163564
0.000163559
0.000163555
0.000163549
0.00016354
0.000161369
0.000162324
0.000162599
0.000162694
0.000162734
0.000162751
0.000162757
0.000162762
0.000162765
0.000162769
0.000162774
0.000162778
0.000162783
0.000162789
0.000162794
0.000162799
0.000162804
0.000162808
0.000162812
0.000162816
0.000162819
0.000162822
0.000162822
0.000162818
0.00016332
0.000163486
0.000163556
0.000163588
0.000163601
0.000163605
0.000163607
0.000163607
0.000163607
0.000163607
0.000163607
0.000163607
0.000163606
0.000163606
0.000163606
0.000163607
0.000163607
0.000163607
0.000163608
0.000163608
0.000163608
0.000163609
0.000163609
0.000163609
0.000163609
0.000163608
0.000163608
0.000163607
0.000163606
0.000163606
0.000163605
0.000163604
0.000163603
0.000163602
0.000163601
0.0001636
0.0001636
0.0001636
0.0001636
0.000163601
0.000163602
0.000163603
0.000163604
0.000163605
0.000163607
0.000163608
0.000163609
0.000163611
0.000163612
0.000163614
0.000163615
0.000163617
0.000163618
0.000163619
0.000163621
0.000163622
0.000163623
0.000163624
0.000163625
0.000163625
0.000163626
0.000163626
0.000163626
0.00016363
0.000256748
0.000256833
0.000256822
0.000256806
0.000256794
0.000256782
0.000256772
0.000256762
0.000256753
0.000256745
0.000256741
0.000256704
0.000255905
0.000256255
0.00025634
0.000256353
0.000256365
0.000256376
0.000256385
0.000256395
0.000256406
0.000256419
0.000256432
0.000256446
0.00025646
0.000256474
0.000256488
0.000256501
0.000256512
0.000256523
0.000256532
0.000256539
0.000256545
0.00025655
0.00025655
0.00025654
0.000256777
0.000256861
0.000256886
0.000256898
0.000256903
0.000256904
0.000256904
0.000256902
0.000256901
0.000256899
0.000256897
0.000256895
0.000256894
0.000256893
0.000256893
0.000256893
0.000256892
0.000256892
0.000256892
0.000256892
0.000256891
0.000256891
0.00025689
0.000256889
0.000256888
0.000256886
0.000256884
0.000256883
0.000256881
0.000256879
0.000256877
0.000256875
0.000256873
0.000256872
0.000256871
0.00025687
0.000256871
0.000256871
0.000256872
0.000256874
0.000256876
0.000256877
0.000256879
0.000256881
0.000256883
0.000256884
0.000256886
0.000256887
0.000256889
0.00025689
0.000256892
0.000256893
0.000256894
0.000256895
0.000256896
0.000256896
0.000256897
0.000256898
0.000256898
0.000256898
0.000256899
0.000256898
0.000256898
0.000256896
0.000349195
0.000349185
0.000349146
0.000349113
0.000349087
0.000349065
0.000349045
0.000349027
0.000349012
0.000348999
0.000348995
0.000348964
0.000348869
0.000349013
0.000349006
0.000348988
0.00034899
0.000349002
0.000349018
0.000349036
0.000349058
0.000349082
0.000349107
0.000349134
0.00034916
0.000349187
0.000349213
0.000349237
0.000349258
0.000349278
0.000349294
0.000349307
0.000349317
0.000349325
0.000349327
0.000349319
0.000349373
0.000349357
0.000349335
0.000349326
0.000349322
0.000349318
0.000349314
0.000349309
0.000349305
0.000349301
0.000349297
0.000349294
0.000349291
0.000349289
0.000349288
0.000349286
0.000349285
0.000349284
0.000349282
0.000349281
0.000349279
0.000349277
0.000349275
0.000349272
0.00034927
0.000349267
0.000349264
0.00034926
0.000349257
0.000349254
0.000349251
0.000349248
0.000349245
0.000349244
0.000349243
0.000349243
0.000349244
0.000349245
0.000349247
0.000349249
0.000349252
0.000349254
0.000349256
0.000349258
0.00034926
0.000349261
0.000349263
0.000349264
0.000349265
0.000349266
0.000349267
0.000349267
0.000349268
0.000349269
0.000349269
0.000349269
0.000349269
0.000349269
0.000349269
0.000349269
0.000349269
0.000349269
0.000349269
0.000349264
0.000435563
0.000435525
0.000435479
0.000435435
0.000435394
0.000435357
0.000435324
0.000435297
0.000435275
0.000435257
0.00043525
0.000435227
0.000435339
0.000435415
0.000435392
0.000435377
0.000435384
0.000435403
0.000435428
0.000435457
0.000435491
0.000435528
0.000435568
0.00043561
0.000435652
0.000435693
0.000435733
0.000435771
0.000435805
0.000435835
0.00043586
0.00043588
0.000435896
0.000435908
0.000435913
0.00043591
0.000435888
0.000435836
0.000435801
0.000435785
0.000435777
0.00043577
0.000435763
0.000435756
0.000435749
0.000435742
0.000435736
0.000435731
0.000435727
0.000435723
0.000435719
0.000435716
0.000435714
0.000435711
0.000435708
0.000435705
0.000435702
0.000435698
0.000435694
0.00043569
0.000435686
0.000435681
0.000435677
0.000435672
0.000435667
0.000435663
0.000435659
0.000435655
0.000435652
0.000435651
0.00043565
0.000435651
0.000435652
0.000435654
0.000435656
0.000435659
0.000435661
0.000435664
0.000435666
0.000435667
0.000435669
0.00043567
0.000435671
0.000435671
0.000435672
0.000435672
0.000435673
0.000435673
0.000435673
0.000435673
0.000435674
0.000435674
0.000435673
0.000435673
0.000435673
0.000435673
0.000435673
0.000435672
0.000435673
0.000435665
0.000513419
0.000513396
0.000513352
0.000513294
0.000513234
0.000513178
0.00051313
0.000513091
0.00051306
0.000513037
0.000513026
0.000513008
0.000513123
0.00051317
0.000513156
0.000513152
0.000513167
0.000513194
0.000513228
0.000513269
0.000513315
0.000513367
0.000513423
0.00051348
0.000513539
0.000513597
0.000513653
0.000513705
0.000513752
0.000513794
0.00051383
0.000513859
0.000513882
0.000513899
0.000513908
0.00051391
0.000513876
0.000513827
0.000513798
0.000513784
0.000513775
0.000513766
0.000513757
0.000513748
0.000513738
0.000513729
0.000513721
0.000513714
0.000513707
0.000513702
0.000513697
0.000513692
0.000513687
0.000513683
0.000513678
0.000513673
0.000513668
0.000513663
0.000513657
0.000513651
0.000513646
0.00051364
0.000513634
0.000513628
0.000513622
0.000513617
0.000513612
0.000513609
0.000513606
0.000513604
0.000513604
0.000513604
0.000513606
0.000513608
0.000513611
0.000513613
0.000513616
0.000513618
0.000513619
0.00051362
0.000513621
0.000513622
0.000513622
0.000513623
0.000513623
0.000513623
0.000513623
0.000513623
0.000513623
0.000513623
0.000513624
0.000513624
0.000513624
0.000513624
0.000513624
0.000513624
0.000513624
0.000513624
0.000513625
0.000513616
0.00058158
0.000581588
0.000581545
0.000581468
0.000581382
0.000581303
0.000581237
0.000581184
0.000581145
0.000581116
0.000581101
0.000581085
0.000581157
0.000581187
0.000581185
0.000581192
0.000581214
0.000581248
0.000581292
0.000581343
0.000581403
0.000581468
0.000581539
0.000581613
0.000581689
0.000581763
0.000581835
0.000581902
0.000581964
0.000582019
0.000582065
0.000582104
0.000582135
0.000582158
0.000582172
0.000582178
0.000582154
0.000582122
0.000582101
0.000582091
0.000582082
0.000582072
0.000582061
0.00058205
0.000582038
0.000582027
0.000582017
0.000582007
0.000581999
0.000581991
0.000581984
0.000581977
0.000581971
0.000581965
0.000581958
0.000581952
0.000581945
0.000581938
0.000581931
0.000581924
0.000581917
0.000581911
0.000581904
0.000581897
0.000581891
0.000581885
0.00058188
0.000581876
0.000581873
0.000581872
0.000581871
0.000581872
0.000581874
0.000581876
0.000581878
0.00058188
0.000581882
0.000581884
0.000581885
0.000581885
0.000581886
0.000581886
0.000581886
0.000581886
0.000581886
0.000581887
0.000581887
0.000581887
0.000581888
0.000581889
0.000581889
0.00058189
0.000581891
0.000581891
0.000581892
0.000581893
0.000581894
0.000581894
0.000581896
0.000581886
0.000639491
0.000639536
0.000639491
0.00063939
0.000639274
0.000639168
0.000639081
0.000639014
0.000638966
0.000638931
0.000638912
0.000638897
0.000638933
0.000638952
0.00063896
0.000638974
0.000639002
0.000639043
0.000639094
0.000639156
0.000639227
0.000639306
0.000639391
0.000639481
0.000639572
0.000639663
0.00063975
0.000639833
0.000639909
0.000639977
0.000640035
0.000640084
0.000640123
0.000640153
0.000640173
0.000640185
0.000640174
0.000640156
0.000640143
0.000640134
0.000640126
0.000640115
0.000640103
0.00064009
0.000640076
0.000640064
0.000640051
0.00064004
0.000640029
0.00064002
0.000640011
0.000640002
0.000639994
0.000639986
0.000639978
0.00063997
0.000639962
0.000639954
0.000639947
0.000639939
0.000639931
0.000639924
0.000639917
0.00063991
0.000639903
0.000639897
0.000639892
0.000639888
0.000639885
0.000639884
0.000639883
0.000639884
0.000639885
0.000639887
0.000639888
0.00063989
0.000639891
0.000639892
0.000639892
0.000639893
0.000639893
0.000639893
0.000639893
0.000639894
0.000639894
0.000639895
0.000639897
0.000639898
0.0006399
0.000639901
0.000639903
0.000639905
0.000639907
0.000639909
0.000639911
0.000639912
0.000639914
0.000639915
0.000639919
0.000639909
0.000686991
0.00068708
0.000687032
0.000686902
0.000686753
0.000686618
0.000686509
0.000686428
0.00068637
0.00068633
0.000686307
0.000686291
0.000686305
0.000686317
0.000686329
0.00068635
0.000686382
0.000686428
0.000686487
0.000686557
0.000686638
0.000686729
0.000686827
0.000686931
0.000687037
0.000687143
0.000687246
0.000687343
0.000687433
0.000687514
0.000687585
0.000687644
0.000687692
0.00068773
0.000687756
0.000687773
0.000687774
0.000687767
0.00068776
0.000687753
0.000687744
0.000687733
0.00068772
0.000687706
0.000687691
0.000687677
0.000687663
0.00068765
0.000687637
0.000687626
0.000687615
0.000687605
0.000687596
0.000687586
0.000687577
0.000687568
0.00068756
0.000687551
0.000687543
0.000687535
0.000687527
0.00068752
0.000687512
0.000687505
0.000687499
0.000687493
0.000687488
0.000687484
0.000687481
0.00068748
0.000687479
0.000687479
0.00068748
0.000687481
0.000687481
0.000687482
0.000687482
0.000687482
0.000687483
0.000687483
0.000687483
0.000687483
0.000687484
0.000687486
0.000687488
0.00068749
0.000687493
0.000687496
0.000687499
0.000687502
0.000687506
0.000687509
0.000687513
0.000687516
0.00068752
0.000687523
0.000687526
0.000687529
0.000687534
0.000687524
0.000724228
0.000724367
0.000724318
0.00072416
0.000723975
0.000723809
0.000723678
0.000723582
0.000723515
0.000723469
0.000723442
0.000723424
0.000723425
0.000723433
0.000723448
0.000723471
0.000723507
0.000723557
0.000723621
0.000723698
0.000723787
0.000723888
0.000723998
0.000724115
0.000724234
0.000724354
0.000724472
0.000724583
0.000724687
0.000724781
0.000724863
0.000724933
0.000724991
0.000725037
0.00072507
0.000725093
0.000725103
0.000725105
0.000725102
0.000725097
0.000725089
0.000725078
0.000725065
0.00072505
0.000725034
0.000725019
0.000725004
0.000724989
0.000724975
0.000724963
0.000724951
0.000724939
0.000724929
0.000724919
0.000724909
0.000724899
0.000724891
0.000724882
0.000724874
0.000724866
0.000724858
0.000724851
0.000724844
0.000724838
0.000724832
0.000724826
0.000724822
0.000724818
0.000724815
0.000724813
0.000724811
0.000724811
0.00072481
0.00072481
0.00072481
0.000724809
0.000724809
0.000724809
0.000724809
0.000724809
0.00072481
0.000724811
0.000724813
0.000724816
0.000724819
0.000724823
0.000724828
0.000724833
0.000724839
0.000724844
0.00072485
0.000724856
0.000724862
0.000724867
0.000724873
0.000724878
0.000724883
0.000724887
0.000724893
0.000724885
0.000751611
0.000751809
0.000751763
0.000751576
0.000751357
0.00075116
0.000751006
0.000750895
0.000750818
0.000750766
0.000750735
0.000750715
0.000750709
0.000750713
0.000750727
0.000750752
0.00075079
0.000750843
0.00075091
0.000750993
0.000751089
0.000751199
0.000751318
0.000751446
0.000751578
0.00075171
0.000751841
0.000751966
0.000752082
0.000752188
0.000752282
0.000752363
0.000752431
0.000752485
0.000752527
0.000752556
0.000752574
0.000752582
0.000752584
0.000752582
0.000752575
0.000752565
0.000752552
0.000752537
0.000752521
0.000752505
0.000752489
0.000752473
0.000752459
0.000752445
0.000752432
0.00075242
0.000752408
0.000752398
0.000752388
0.000752379
0.00075237
0.000752362
0.000752354
0.000752347
0.00075234
0.000752334
0.000752328
0.000752322
0.000752316
0.000752311
0.000752307
0.000752303
0.0007523
0.000752297
0.000752295
0.000752293
0.000752292
0.00075229
0.000752289
0.000752288
0.000752287
0.000752286
0.000752286
0.000752287
0.000752288
0.000752291
0.000752294
0.000752299
0.000752305
0.000752311
0.000752318
0.000752326
0.000752334
0.000752342
0.00075235
0.000752359
0.000752367
0.000752375
0.000752383
0.00075239
0.000752397
0.000752403
0.00075241
0.000752404
0.00076976
0.000770021
0.000769982
0.000769771
0.000769519
0.000769292
0.000769115
0.000768988
0.000768902
0.000768844
0.000768808
0.000768785
0.000768775
0.000768777
0.00076879
0.000768816
0.000768854
0.000768909
0.000768979
0.000769066
0.000769168
0.000769284
0.000769411
0.000769548
0.00076969
0.000769834
0.000769976
0.000770113
0.000770241
0.000770359
0.000770464
0.000770556
0.000770633
0.000770696
0.000770745
0.000770782
0.000770806
0.000770821
0.000770827
0.000770828
0.000770823
0.000770814
0.000770802
0.000770788
0.000770772
0.000770756
0.00077074
0.000770724
0.000770708
0.000770694
0.00077068
0.000770668
0.000770657
0.000770646
0.000770636
0.000770628
0.00077062
0.000770612
0.000770606
0.0007706
0.000770594
0.000770588
0.000770583
0.000770579
0.000770574
0.000770569
0.000770565
0.000770561
0.000770558
0.000770554
0.000770551
0.000770548
0.000770545
0.000770543
0.00077054
0.000770539
0.000770537
0.000770536
0.000770537
0.000770538
0.000770541
0.000770545
0.00077055
0.000770557
0.000770565
0.000770574
0.000770583
0.000770594
0.000770604
0.000770615
0.000770627
0.000770638
0.000770649
0.000770659
0.000770669
0.000770679
0.000770687
0.000770695
0.000770704
0.0007707
0.000779424
0.000779748
0.00077972
0.000779489
0.000779206
0.000778951
0.000778752
0.00077861
0.000778513
0.00077845
0.000778411
0.000778386
0.000778374
0.000778374
0.000778387
0.000778413
0.000778452
0.000778508
0.00077858
0.00077867
0.000778776
0.000778897
0.000779031
0.000779175
0.000779326
0.000779479
0.000779631
0.000779778
0.000779916
0.000780044
0.00078016
0.000780261
0.000780347
0.000780418
0.000780475
0.000780518
0.000780549
0.000780569
0.000780581
0.000780585
0.000780583
0.000780576
0.000780566
0.000780553
0.000780538
0.000780522
0.000780506
0.00078049
0.000780474
0.00078046
0.000780446
0.000780434
0.000780423
0.000780413
0.000780404
0.000780396
0.000780389
0.000780383
0.000780378
0.000780373
0.000780368
0.000780364
0.000780361
0.000780357
0.000780353
0.000780349
0.000780345
0.000780341
0.000780337
0.000780333
0.000780329
0.000780325
0.000780321
0.000780317
0.000780314
0.000780312
0.000780311
0.000780311
0.000780312
0.000780314
0.000780318
0.000780324
0.000780331
0.00078034
0.00078035
0.000780361
0.000780373
0.000780386
0.000780399
0.000780413
0.000780426
0.00078044
0.000780453
0.000780466
0.000780478
0.000780489
0.0007805
0.000780509
0.000780519
0.000780517
0.000781383
0.000781763
0.000781748
0.000781502
0.000781193
0.000780912
0.000780691
0.000780534
0.000780429
0.000780361
0.000780319
0.000780294
0.000780283
0.000780283
0.000780297
0.000780323
0.000780364
0.000780421
0.000780495
0.000780586
0.000780695
0.00078082
0.000780959
0.000781109
0.000781266
0.000781426
0.000781586
0.000781741
0.000781889
0.000782026
0.000782149
0.000782259
0.000782353
0.000782432
0.000782496
0.000782546
0.000782582
0.000782608
0.000782624
0.000782632
0.000782633
0.000782629
0.00078262
0.000782609
0.000782595
0.00078258
0.000782565
0.00078255
0.000782535
0.000782521
0.000782508
0.000782496
0.000782485
0.000782476
0.000782469
0.000782462
0.000782457
0.000782452
0.000782448
0.000782445
0.000782442
0.000782439
0.000782436
0.000782434
0.00078243
0.000782427
0.000782423
0.000782419
0.000782415
0.00078241
0.000782405
0.0007824
0.000782396
0.000782392
0.000782389
0.000782387
0.000782387
0.000782387
0.000782389
0.000782393
0.000782399
0.000782406
0.000782415
0.000782426
0.000782438
0.000782451
0.000782465
0.00078248
0.000782495
0.000782511
0.000782526
0.000782542
0.000782557
0.000782571
0.000782585
0.000782597
0.000782609
0.00078262
0.000782631
0.00078263
0.00077635
0.000776776
0.000776777
0.000776521
0.00077619
0.000775885
0.000775644
0.000775472
0.000775359
0.000775287
0.000775245
0.000775221
0.000775212
0.000775214
0.000775229
0.000775257
0.000775299
0.000775357
0.000775433
0.000775526
0.000775637
0.000775765
0.000775907
0.000776061
0.000776223
0.000776389
0.000776555
0.000776717
0.000776872
0.000777016
0.000777147
0.000777264
0.000777365
0.000777451
0.000777522
0.000777578
0.00077762
0.000777651
0.000777672
0.000777684
0.000777689
0.000777688
0.000777682
0.000777673
0.000777661
0.000777648
0.000777633
0.000777619
0.000777605
0.000777592
0.00077758
0.000777569
0.00077756
0.000777552
0.000777546
0.000777541
0.000777537
0.000777534
0.000777531
0.000777529
0.000777528
0.000777526
0.000777525
0.000777523
0.000777521
0.000777518
0.000777514
0.00077751
0.000777505
0.0007775
0.000777495
0.00077749
0.000777486
0.000777482
0.00077748
0.000777478
0.000777479
0.00077748
0.000777484
0.00077749
0.000777497
0.000777506
0.000777517
0.000777529
0.000777543
0.000777558
0.000777573
0.000777589
0.000777606
0.000777623
0.00077764
0.000777656
0.000777673
0.000777688
0.000777703
0.000777716
0.000777729
0.00077774
0.000777751
0.000777752
0.000764932
0.000765397
0.000765415
0.000765154
0.000764806
0.000764481
0.000764221
0.000764036
0.000763915
0.00076384
0.000763797
0.000763775
0.000763768
0.000763773
0.00076379
0.00076382
0.000763863
0.000763923
0.000764
0.000764094
0.000764207
0.000764336
0.000764481
0.000764638
0.000764803
0.000764974
0.000765145
0.000765312
0.000765473
0.000765623
0.000765761
0.000765885
0.000765994
0.000766086
0.000766164
0.000766226
0.000766275
0.000766311
0.000766337
0.000766354
0.000766363
0.000766366
0.000766363
0.000766357
0.000766348
0.000766336
0.000766324
0.000766311
0.000766299
0.000766287
0.000766276
0.000766266
0.000766259
0.000766252
0.000766247
0.000766244
0.000766241
0.00076624
0.000766239
0.000766238
0.000766238
0.000766238
0.000766237
0.000766236
0.000766235
0.000766233
0.000766229
0.000766225
0.000766221
0.000766216
0.000766211
0.000766206
0.000766202
0.000766199
0.000766197
0.000766197
0.000766199
0.000766202
0.000766208
0.000766215
0.000766224
0.000766235
0.000766248
0.000766262
0.000766277
0.000766293
0.000766309
0.000766327
0.000766345
0.000766362
0.00076638
0.000766397
0.000766414
0.00076643
0.000766445
0.000766459
0.000766472
0.000766483
0.000766495
0.000766496
0.00074766
0.000748158
0.000748194
0.000747934
0.000747575
0.000747233
0.000746958
0.00074676
0.000746632
0.000746554
0.00074651
0.00074649
0.000746485
0.000746493
0.000746511
0.000746542
0.000746587
0.000746647
0.000746724
0.000746819
0.000746933
0.000747063
0.000747209
0.000747367
0.000747536
0.000747709
0.000747884
0.000748057
0.000748223
0.00074838
0.000748524
0.000748655
0.000748771
0.000748871
0.000748956
0.000749026
0.000749081
0.000749124
0.000749156
0.000749179
0.000749193
0.0007492
0.000749201
0.000749198
0.000749192
0.000749184
0.000749174
0.000749163
0.000749152
0.000749142
0.000749132
0.000749124
0.000749118
0.000749113
0.000749109
0.000749107
0.000749106
0.000749106
0.000749106
0.000749107
0.000749108
0.000749109
0.00074911
0.00074911
0.000749109
0.000749108
0.000749105
0.000749101
0.000749097
0.000749093
0.000749088
0.000749084
0.000749081
0.000749079
0.000749078
0.00074908
0.000749083
0.000749088
0.000749096
0.000749105
0.000749116
0.000749129
0.000749143
0.000749159
0.000749175
0.000749192
0.00074921
0.000749228
0.000749247
0.000749265
0.000749283
0.000749301
0.000749318
0.000749334
0.000749349
0.000749363
0.000749376
0.000749388
0.000749399
0.000749401
0.00072509
0.000725612
0.000725667
0.000725412
0.000725048
0.000724695
0.000724408
0.000724201
0.000724066
0.000723985
0.00072394
0.00072392
0.000723917
0.000723925
0.000723945
0.000723976
0.000724021
0.000724081
0.000724157
0.000724252
0.000724365
0.000724495
0.000724641
0.000724801
0.000724971
0.000725147
0.000725325
0.000725502
0.000725674
0.000725837
0.000725989
0.000726127
0.000726251
0.000726359
0.000726453
0.000726531
0.000726594
0.000726644
0.000726684
0.000726713
0.000726733
0.000726746
0.000726752
0.000726754
0.000726751
0.000726746
0.000726739
0.00072673
0.000726722
0.000726713
0.000726705
0.000726699
0.000726694
0.00072669
0.000726688
0.000726687
0.000726687
0.000726688
0.00072669
0.000726692
0.000726695
0.000726697
0.000726698
0.000726699
0.000726699
0.000726699
0.000726697
0.000726694
0.00072669
0.000726686
0.000726683
0.000726679
0.000726677
0.000726677
0.000726678
0.000726681
0.000726687
0.000726694
0.000726704
0.000726715
0.000726728
0.000726743
0.000726759
0.000726776
0.000726794
0.000726812
0.000726831
0.00072685
0.000726869
0.000726888
0.000726906
0.000726924
0.000726941
0.000726957
0.000726973
0.000726987
0.000726999
0.000727011
0.000727022
0.000727023
0.000697967
0.000698505
0.000698577
0.000698333
0.000697972
0.000697615
0.000697321
0.000697108
0.000696967
0.000696882
0.000696836
0.000696815
0.000696811
0.000696819
0.000696837
0.000696868
0.000696911
0.00069697
0.000697045
0.000697138
0.000697249
0.000697378
0.000697524
0.000697683
0.000697854
0.000698032
0.000698213
0.000698394
0.000698571
0.00069874
0.000698899
0.000699046
0.000699178
0.000699296
0.000699399
0.000699487
0.000699559
0.000699619
0.000699667
0.000699704
0.000699732
0.000699751
0.000699763
0.00069977
0.000699772
0.00069977
0.000699766
0.000699761
0.000699754
0.000699748
0.000699742
0.000699736
0.000699733
0.00069973
0.000699729
0.000699729
0.00069973
0.000699733
0.000699735
0.000699739
0.000699742
0.000699745
0.000699748
0.000699749
0.00069975
0.00069975
0.000699749
0.000699748
0.000699745
0.000699742
0.00069974
0.000699738
0.000699738
0.000699739
0.000699742
0.000699747
0.000699755
0.000699764
0.000699776
0.00069979
0.000699805
0.000699822
0.00069984
0.000699858
0.000699878
0.000699897
0.000699917
0.000699937
0.000699957
0.000699976
0.000699994
0.000700012
0.000700029
0.000700045
0.00070006
0.000700074
0.000700087
0.000700098
0.000700108
0.000700109
0.000667148
0.000667692
0.000667782
0.000667558
0.00066721
0.00066686
0.000666568
0.000666352
0.000666208
0.000666118
0.000666067
0.00066604
0.000666032
0.000666036
0.000666049
0.000666075
0.000666114
0.000666169
0.00066624
0.00066633
0.000666438
0.000666565
0.000666709
0.000666867
0.000667038
0.000667218
0.000667402
0.000667588
0.000667771
0.000667948
0.000668117
0.000668274
0.000668418
0.000668547
0.000668663
0.000668762
0.000668847
0.000668918
0.000668977
0.000669024
0.00066906
0.000669087
0.000669106
0.000669118
0.000669125
0.000669127
0.000669126
0.000669123
0.000669118
0.000669113
0.000669108
0.000669103
0.0006691
0.000669098
0.000669097
0.000669098
0.000669099
0.000669101
0.000669105
0.000669108
0.000669112
0.000669116
0.000669119
0.000669122
0.000669123
0.000669124
0.000669124
0.000669124
0.000669122
0.000669121
0.00066912
0.00066912
0.000669121
0.000669123
0.000669128
0.000669135
0.000669145
0.000669156
0.00066917
0.000669186
0.000669203
0.000669221
0.000669241
0.000669261
0.000669281
0.000669302
0.000669323
0.000669344
0.000669364
0.000669383
0.000669402
0.00066942
0.000669437
0.000669453
0.000669468
0.000669481
0.000669494
0.000669505
0.000669515
0.000669515
0.000634726
0.000635271
0.000635379
0.000635179
0.000634852
0.000634515
0.000634229
0.000634014
0.000633868
0.000633775
0.000633719
0.000633687
0.000633674
0.000633673
0.000633681
0.000633702
0.000633736
0.000633786
0.000633853
0.000633939
0.000634044
0.000634167
0.000634308
0.000634465
0.000634635
0.000634814
0.000635001
0.000635189
0.000635377
0.000635561
0.000635737
0.000635903
0.000636057
0.000636197
0.000636324
0.000636435
0.000636532
0.000636614
0.000636683
0.000636739
0.000636785
0.000636819
0.000636845
0.000636864
0.000636875
0.000636882
0.000636885
0.000636884
0.000636882
0.000636878
0.000636875
0.000636871
0.000636868
0.000636866
0.000636866
0.000636866
0.000636868
0.00063687
0.000636874
0.000636877
0.000636881
0.000636885
0.000636889
0.000636892
0.000636895
0.000636897
0.000636898
0.000636899
0.000636899
0.0006369
0.0006369
0.000636902
0.000636905
0.00063691
0.000636917
0.000636927
0.000636938
0.000636952
0.000636968
0.000636985
0.000637004
0.000637024
0.000637045
0.000637067
0.000637088
0.00063711
0.000637132
0.000637153
0.000637174
0.000637194
0.000637213
0.000637231
0.000637248
0.000637264
0.000637278
0.000637292
0.000637304
0.000637314
0.000637324
0.000637324
0.000604152
0.000604696
0.000604823
0.000604651
0.000604347
0.000604025
0.000603747
0.000603535
0.000603388
0.000603293
0.000603234
0.000603199
0.000603182
0.000603177
0.000603181
0.000603198
0.000603229
0.000603274
0.000603338
0.00060342
0.000603521
0.000603641
0.000603779
0.000603933
0.000604101
0.00060428
0.000604467
0.000604657
0.000604848
0.000605035
0.000605217
0.00060539
0.000605552
0.000605701
0.000605837
0.000605958
0.000606064
0.000606156
0.000606234
0.0006063
0.000606354
0.000606396
0.000606429
0.000606453
0.000606471
0.000606482
0.000606489
0.000606491
0.000606492
0.000606491
0.000606489
0.000606486
0.000606484
0.000606483
0.000606483
0.000606484
0.000606485
0.000606488
0.000606491
0.000606494
0.000606498
0.000606503
0.000606507
0.000606511
0.000606514
0.000606517
0.00060652
0.000606522
0.000606524
0.000606527
0.00060653
0.000606535
0.000606541
0.000606549
0.000606559
0.000606571
0.000606585
0.000606601
0.00060662
0.000606639
0.00060666
0.000606682
0.000606705
0.000606727
0.00060675
0.000606773
0.000606795
0.000606817
0.000606838
0.000606859
0.000606878
0.000606896
0.000606913
0.000606929
0.000606944
0.000606957
0.000606969
0.00060698
0.000606989
0.000606989
0.000578312
0.000578846
0.000578988
0.000578839
0.000578556
0.000578248
0.000577978
0.000577769
0.000577624
0.000577529
0.00057747
0.000577436
0.000577418
0.000577412
0.000577416
0.000577432
0.000577461
0.000577506
0.000577567
0.000577647
0.000577746
0.000577863
0.000577999
0.000578151
0.000578317
0.000578494
0.000578678
0.000578868
0.000579058
0.000579246
0.000579429
0.000579604
0.000579769
0.000579922
0.000580062
0.000580188
0.0005803
0.000580397
0.000580481
0.000580552
0.000580612
0.000580659
0.000580697
0.000580727
0.000580748
0.000580764
0.000580774
0.00058078
0.000580783
0.000580784
0.000580784
0.000580783
0.000580782
0.000580782
0.000580782
0.000580782
0.000580784
0.000580786
0.000580789
0.000580792
0.000580796
0.000580801
0.000580805
0.00058081
0.000580814
0.000580819
0.000580823
0.000580828
0.000580832
0.000580838
0.000580844
0.000580852
0.000580862
0.000580873
0.000580886
0.000580901
0.000580918
0.000580937
0.000580957
0.000580978
0.000581001
0.000581024
0.000581047
0.000581071
0.000581094
0.000581117
0.00058114
0.000581162
0.000581183
0.000581203
0.000581222
0.00058124
0.000581257
0.000581272
0.000581286
0.000581299
0.000581311
0.000581321
0.00058133
0.00058133
0.000559452
0.000559967
0.000560117
0.000559986
0.00055972
0.000559424
0.00055916
0.000558955
0.000558812
0.000558719
0.000558661
0.000558628
0.000558612
0.000558607
0.000558612
0.000558628
0.000558657
0.000558701
0.000558762
0.000558841
0.000558939
0.000559055
0.000559189
0.000559339
0.000559503
0.000559678
0.000559861
0.000560048
0.000560237
0.000560424
0.000560606
0.00056078
0.000560945
0.000561099
0.00056124
0.000561367
0.000561481
0.000561581
0.000561667
0.000561741
0.000561803
0.000561854
0.000561895
0.000561927
0.000561951
0.00056197
0.000561982
0.000561991
0.000561996
0.000561999
0.000562
0.000562
0.000561999
0.000561999
0.000561999
0.000561999
0.000562
0.000562001
0.000562004
0.000562007
0.00056201
0.000562014
0.000562019
0.000562024
0.00056203
0.000562035
0.000562042
0.000562049
0.000562057
0.000562065
0.000562075
0.000562086
0.000562099
0.000562114
0.00056213
0.000562147
0.000562167
0.000562187
0.000562209
0.000562231
0.000562255
0.000562278
0.000562302
0.000562326
0.00056235
0.000562373
0.000562395
0.000562416
0.000562437
0.000562457
0.000562475
0.000562493
0.000562509
0.000562524
0.000562538
0.000562551
0.000562562
0.000562572
0.000562581
0.00056258
0.000549557
0.000550056
0.000550209
0.000550088
0.000549832
0.000549544
0.000549285
0.000549084
0.000548942
0.00054885
0.000548793
0.000548761
0.000548745
0.00054874
0.000548746
0.000548762
0.000548792
0.000548836
0.000548897
0.000548976
0.000549073
0.000549189
0.000549323
0.000549472
0.000549636
0.00054981
0.000549992
0.000550178
0.000550366
0.000550552
0.000550733
0.000550907
0.000551071
0.000551224
0.000551365
0.000551492
0.000551606
0.000551706
0.000551793
0.000551868
0.00055193
0.000551982
0.000552024
0.000552057
0.000552083
0.000552102
0.000552116
0.000552126
0.000552132
0.000552135
0.000552136
0.000552136
0.000552136
0.000552135
0.000552134
0.000552133
0.000552133
0.000552133
0.000552134
0.000552136
0.000552139
0.000552143
0.000552147
0.000552153
0.000552159
0.000552166
0.000552174
0.000552184
0.000552194
0.000552206
0.000552219
0.000552233
0.000552249
0.000552266
0.000552285
0.000552305
0.000552326
0.000552348
0.000552371
0.000552395
0.000552418
0.000552442
0.000552466
0.00055249
0.000552513
0.000552536
0.000552558
0.00055258
0.0005526
0.000552619
0.000552637
0.000552655
0.000552671
0.000552685
0.000552699
0.000552711
0.000552722
0.000552732
0.000552741
0.00055274
0.000549875
0.000550371
0.000550522
0.000550402
0.000550147
0.000549861
0.000549604
0.000549404
0.000549263
0.000549171
0.000549115
0.000549083
0.000549066
0.000549061
0.000549067
0.000549084
0.000549114
0.000549158
0.00054922
0.000549299
0.000549398
0.000549515
0.00054965
0.000549801
0.000549965
0.00055014
0.000550323
0.00055051
0.000550697
0.000550883
0.000551063
0.000551236
0.000551399
0.000551551
0.00055169
0.000551816
0.000551928
0.000552027
0.000552113
0.000552186
0.000552247
0.000552298
0.000552339
0.000552371
0.000552396
0.000552415
0.000552428
0.000552437
0.000552443
0.000552446
0.000552447
0.000552446
0.000552444
0.000552442
0.00055244
0.000552438
0.000552436
0.000552435
0.000552435
0.000552436
0.000552437
0.00055244
0.000552445
0.00055245
0.000552457
0.000552465
0.000552475
0.000552486
0.000552499
0.000552513
0.000552529
0.000552546
0.000552564
0.000552584
0.000552605
0.000552627
0.000552649
0.000552672
0.000552696
0.000552719
0.000552743
0.000552767
0.000552791
0.000552815
0.000552838
0.000552861
0.000552882
0.000552903
0.000552924
0.000552943
0.000552961
0.000552978
0.000552994
0.000553008
0.000553022
0.000553034
0.000553045
0.000553055
0.000553064
0.000553063
0.000560403
0.000560907
0.000561053
0.000560924
0.000560662
0.000560372
0.000560113
0.000559912
0.000559771
0.000559679
0.000559623
0.00055959
0.000559573
0.000559567
0.000559573
0.00055959
0.000559619
0.000559665
0.000559728
0.000559809
0.000559909
0.000560029
0.000560166
0.00056032
0.000560487
0.000560664
0.000560849
0.000561038
0.000561227
0.000561413
0.000561593
0.000561765
0.000561926
0.000562076
0.000562212
0.000562335
0.000562444
0.00056254
0.000562622
0.000562691
0.000562749
0.000562797
0.000562835
0.000562865
0.000562887
0.000562904
0.000562915
0.000562923
0.000562927
0.000562928
0.000562928
0.000562925
0.000562922
0.000562918
0.000562914
0.00056291
0.000562907
0.000562904
0.000562903
0.000562902
0.000562903
0.000562905
0.000562909
0.000562914
0.000562921
0.00056293
0.000562941
0.000562953
0.000562968
0.000562984
0.000563002
0.000563021
0.000563041
0.000563063
0.000563085
0.000563108
0.000563131
0.000563154
0.000563178
0.000563202
0.000563226
0.000563249
0.000563273
0.000563296
0.000563319
0.000563341
0.000563363
0.000563384
0.000563404
0.000563423
0.000563442
0.000563459
0.000563475
0.00056349
0.000563503
0.000563516
0.000563527
0.000563538
0.000563546
0.000563545
0.000579798
0.000580318
0.000580457
0.000580313
0.000580037
0.000579737
0.000579474
0.000579271
0.000579129
0.000579036
0.000578979
0.000578945
0.000578926
0.000578919
0.000578925
0.000578941
0.000578972
0.000579018
0.000579083
0.000579167
0.00057927
0.000579393
0.000579534
0.000579691
0.000579862
0.000580043
0.000580231
0.000580422
0.000580612
0.000580799
0.000580979
0.00058115
0.000581309
0.000581456
0.000581589
0.000581707
0.000581812
0.000581902
0.000581979
0.000582043
0.000582096
0.000582139
0.000582172
0.000582198
0.000582217
0.00058223
0.000582238
0.000582243
0.000582244
0.000582243
0.00058224
0.000582236
0.000582231
0.000582225
0.000582219
0.000582213
0.000582208
0.000582203
0.0005822
0.000582198
0.000582198
0.000582199
0.000582202
0.000582207
0.000582214
0.000582224
0.000582235
0.000582249
0.000582264
0.000582282
0.000582301
0.000582321
0.000582342
0.000582364
0.000582387
0.00058241
0.000582433
0.000582456
0.000582479
0.000582502
0.000582525
0.000582548
0.000582571
0.000582594
0.000582616
0.000582638
0.00058266
0.000582681
0.000582701
0.00058272
0.000582739
0.000582756
0.000582772
0.000582787
0.000582801
0.000582814
0.000582826
0.000582837
0.000582846
0.000582845
0.000606055
0.000606592
0.00060672
0.000606554
0.000606259
0.000605948
0.000605678
0.000605473
0.000605329
0.000605237
0.00060518
0.000605146
0.000605127
0.000605121
0.000605127
0.000605145
0.000605178
0.000605227
0.000605294
0.000605381
0.000605489
0.000605616
0.000605761
0.000605923
0.000606098
0.000606282
0.000606472
0.000606664
0.000606855
0.00060704
0.000607218
0.000607385
0.000607539
0.00060768
0.000607806
0.000607917
0.000608014
0.000608096
0.000608165
0.000608222
0.000608268
0.000608304
0.000608331
0.000608351
0.000608365
0.000608373
0.000608378
0.000608379
0.000608378
0.000608374
0.000608369
0.000608362
0.000608355
0.000608348
0.00060834
0.000608332
0.000608326
0.00060832
0.000608315
0.000608312
0.000608311
0.000608311
0.000608314
0.000608318
0.000608325
0.000608334
0.000608346
0.00060836
0.000608375
0.000608393
0.000608412
0.000608433
0.000608454
0.000608476
0.000608498
0.00060852
0.000608542
0.000608564
0.000608586
0.000608608
0.000608629
0.000608651
0.000608673
0.000608695
0.000608716
0.000608738
0.000608759
0.00060878
0.0006088
0.000608819
0.000608837
0.000608855
0.000608871
0.000608887
0.000608901
0.000608914
0.000608926
0.000608937
0.000608947
0.000608946
0.000636892
0.000637438
0.000637551
0.00063736
0.000637044
0.000636717
0.00063644
0.000636232
0.000636089
0.000635998
0.000635944
0.000635914
0.000635899
0.000635897
0.000635907
0.00063593
0.000635968
0.000636022
0.000636094
0.000636187
0.000636299
0.000636431
0.000636581
0.000636747
0.000636924
0.00063711
0.0006373
0.000637491
0.000637678
0.000637858
0.000638029
0.000638187
0.000638332
0.000638462
0.000638576
0.000638676
0.000638761
0.000638832
0.00063889
0.000638937
0.000638973
0.000639001
0.000639021
0.000639034
0.000639042
0.000639046
0.000639047
0.000639045
0.000639041
0.000639035
0.000639028
0.00063902
0.000639012
0.000639003
0.000638994
0.000638986
0.000638978
0.000638972
0.000638967
0.000638963
0.000638961
0.000638961
0.000638963
0.000638967
0.000638974
0.000638982
0.000638993
0.000639007
0.000639022
0.00063904
0.000639058
0.000639078
0.000639099
0.000639119
0.00063914
0.000639161
0.000639181
0.000639201
0.000639222
0.000639242
0.000639262
0.000639282
0.000639302
0.000639323
0.000639343
0.000639364
0.000639384
0.000639404
0.000639423
0.000639442
0.00063946
0.000639478
0.000639494
0.000639509
0.000639524
0.000639537
0.000639549
0.00063956
0.00063957
0.000639569
0.000669294
0.000669847
0.000669944
0.000669729
0.000669392
0.000669052
0.000668767
0.000668557
0.000668416
0.000668329
0.00066828
0.000668255
0.000668245
0.000668248
0.000668264
0.000668292
0.000668335
0.000668395
0.000668473
0.00066857
0.000668688
0.000668824
0.000668978
0.000669146
0.000669325
0.000669511
0.0006697
0.000669886
0.000670068
0.000670241
0.000670402
0.00067055
0.000670683
0.000670801
0.000670903
0.00067099
0.000671062
0.000671122
0.000671169
0.000671205
0.000671232
0.000671252
0.000671265
0.000671272
0.000671275
0.000671275
0.000671273
0.000671268
0.000671262
0.000671255
0.000671247
0.000671238
0.000671229
0.000671219
0.00067121
0.000671202
0.000671194
0.000671188
0.000671182
0.000671178
0.000671176
0.000671176
0.000671178
0.000671182
0.000671189
0.000671197
0.000671208
0.000671221
0.000671236
0.000671253
0.000671271
0.000671289
0.000671309
0.000671328
0.000671347
0.000671365
0.000671384
0.000671402
0.000671419
0.000671437
0.000671455
0.000671474
0.000671492
0.000671511
0.00067153
0.000671549
0.000671569
0.000671588
0.000671606
0.000671625
0.000671643
0.00067166
0.000671676
0.000671692
0.000671706
0.000671719
0.000671731
0.000671743
0.000671753
0.000671753
0.00069994
0.000700488
0.000700567
0.000700332
0.000699979
0.00069963
0.000699343
0.000699135
0.000698997
0.000698915
0.00069887
0.000698849
0.000698845
0.000698853
0.000698874
0.000698907
0.000698955
0.000699019
0.000699102
0.000699204
0.000699325
0.000699465
0.000699621
0.00069979
0.000699969
0.000700153
0.000700338
0.000700519
0.000700694
0.000700858
0.000701009
0.000701145
0.000701266
0.000701371
0.00070146
0.000701534
0.000701594
0.000701642
0.000701679
0.000701706
0.000701725
0.000701737
0.000701744
0.000701746
0.000701745
0.000701741
0.000701736
0.000701729
0.000701722
0.000701713
0.000701704
0.000701695
0.000701685
0.000701676
0.000701667
0.000701658
0.000701651
0.000701644
0.000701639
0.000701636
0.000701634
0.000701634
0.000701636
0.00070164
0.000701647
0.000701655
0.000701666
0.000701678
0.000701693
0.000701708
0.000701725
0.000701742
0.000701759
0.000701776
0.000701793
0.000701809
0.000701825
0.00070184
0.000701855
0.000701871
0.000701886
0.000701903
0.000701919
0.000701936
0.000701954
0.000701972
0.00070199
0.000702008
0.000702026
0.000702044
0.000702061
0.000702078
0.000702094
0.00070211
0.000702124
0.000702137
0.00070215
0.000702161
0.000702172
0.000702172
0.000726915
0.000727445
0.000727506
0.000727258
0.000726901
0.000726554
0.000726272
0.000726069
0.000725936
0.000725856
0.000725813
0.000725794
0.00072579
0.000725799
0.000725821
0.000725856
0.000725905
0.000725972
0.000726057
0.000726161
0.000726285
0.000726426
0.000726583
0.000726753
0.000726931
0.000727114
0.000727295
0.000727472
0.000727641
0.000727797
0.000727941
0.000728068
0.000728179
0.000728275
0.000728354
0.000728418
0.000728469
0.000728508
0.000728536
0.000728556
0.000728568
0.000728574
0.000728575
0.000728572
0.000728567
0.00072856
0.000728552
0.000728542
0.000728532
0.000728522
0.000728512
0.000728501
0.000728491
0.00072848
0.000728471
0.000728462
0.000728454
0.000728448
0.000728443
0.000728439
0.000728437
0.000728438
0.00072844
0.000728443
0.000728449
0.000728457
0.000728467
0.000728478
0.000728491
0.000728505
0.00072852
0.000728535
0.000728549
0.000728564
0.000728578
0.000728591
0.000728604
0.000728617
0.00072863
0.000728642
0.000728656
0.00072867
0.000728684
0.0007287
0.000728716
0.000728732
0.000728749
0.000728766
0.000728784
0.000728801
0.000728818
0.000728835
0.000728851
0.000728866
0.000728881
0.000728894
0.000728907
0.000728918
0.000728929
0.00072893
0.000749318
0.000749823
0.000749864
0.000749608
0.000749253
0.000748915
0.000748643
0.000748449
0.000748321
0.000748244
0.000748202
0.000748182
0.000748177
0.000748186
0.000748207
0.000748242
0.000748292
0.000748359
0.000748445
0.00074855
0.000748674
0.000748816
0.000748974
0.000749143
0.000749319
0.000749499
0.000749676
0.000749849
0.000750011
0.000750162
0.000750297
0.000750417
0.00075052
0.000750607
0.000750678
0.000750734
0.000750777
0.000750809
0.00075083
0.000750844
0.00075085
0.000750851
0.000750847
0.000750841
0.000750832
0.000750822
0.00075081
0.000750799
0.000750787
0.000750775
0.000750763
0.000750751
0.00075074
0.000750729
0.000750719
0.00075071
0.000750702
0.000750696
0.00075069
0.000750687
0.000750685
0.000750685
0.000750687
0.000750691
0.000750696
0.000750703
0.000750712
0.000750722
0.000750733
0.000750745
0.000750758
0.00075077
0.000750782
0.000750794
0.000750805
0.000750816
0.000750826
0.000750836
0.000750846
0.000750857
0.000750868
0.00075088
0.000750893
0.000750907
0.000750921
0.000750936
0.000750952
0.000750969
0.000750985
0.000751002
0.000751019
0.000751035
0.000751051
0.000751066
0.000751081
0.000751094
0.000751107
0.000751118
0.000751129
0.00075113
0.00076642
0.000766894
0.000766916
0.000766657
0.000766311
0.000765986
0.000765728
0.000765544
0.000765423
0.000765349
0.000765306
0.000765285
0.000765279
0.000765285
0.000765305
0.000765338
0.000765388
0.000765455
0.00076554
0.000765645
0.000765769
0.000765911
0.000766067
0.000766234
0.000766408
0.000766583
0.000766757
0.000766924
0.000767081
0.000767225
0.000767354
0.000767466
0.000767562
0.000767642
0.000767706
0.000767755
0.000767792
0.000767818
0.000767834
0.000767842
0.000767843
0.00076784
0.000767833
0.000767823
0.000767811
0.000767798
0.000767785
0.000767771
0.000767757
0.000767743
0.00076773
0.000767718
0.000767705
0.000767694
0.000767684
0.000767675
0.000767667
0.00076766
0.000767655
0.000767652
0.00076765
0.00076765
0.000767652
0.000767655
0.00076766
0.000767666
0.000767673
0.000767682
0.000767691
0.000767701
0.000767711
0.000767721
0.000767731
0.00076774
0.000767749
0.000767757
0.000767765
0.000767772
0.00076778
0.000767789
0.000767798
0.000767808
0.000767819
0.000767831
0.000767845
0.000767859
0.000767874
0.000767889
0.000767905
0.000767921
0.000767937
0.000767953
0.000767969
0.000767984
0.000767998
0.000768011
0.000768024
0.000768035
0.000768046
0.000768047
0.000777672
0.00077811
0.000778114
0.000777858
0.000777526
0.000777219
0.000776977
0.000776806
0.000776692
0.000776621
0.000776578
0.000776555
0.000776546
0.000776551
0.000776569
0.000776601
0.000776649
0.000776715
0.0007768
0.000776904
0.000777026
0.000777166
0.000777319
0.000777483
0.000777653
0.000777824
0.000777993
0.000778154
0.000778305
0.000778442
0.000778564
0.00077867
0.000778759
0.000778832
0.00077889
0.000778934
0.000778965
0.000778985
0.000778997
0.000779001
0.000778999
0.000778992
0.000778982
0.000778969
0.000778955
0.00077894
0.000778924
0.000778908
0.000778893
0.000778878
0.000778864
0.000778851
0.000778838
0.000778826
0.000778816
0.000778807
0.000778799
0.000778792
0.000778788
0.000778784
0.000778782
0.000778782
0.000778784
0.000778786
0.000778791
0.000778796
0.000778802
0.000778809
0.000778817
0.000778824
0.000778832
0.00077884
0.000778847
0.000778853
0.000778859
0.000778865
0.000778871
0.000778876
0.000778882
0.000778889
0.000778896
0.000778905
0.000778915
0.000778926
0.000778937
0.00077895
0.000778964
0.000778978
0.000778993
0.000779009
0.000779024
0.000779039
0.000779054
0.000779068
0.000779082
0.000779095
0.000779107
0.000779118
0.000779128
0.000779129
0.000782542
0.000782937
0.000782926
0.000782678
0.000782365
0.00078208
0.000781858
0.000781699
0.000781593
0.000781525
0.000781483
0.000781459
0.000781449
0.000781452
0.000781468
0.000781499
0.000781546
0.000781611
0.000781694
0.000781796
0.000781917
0.000782053
0.000782203
0.000782362
0.000782527
0.000782692
0.000782854
0.000783009
0.000783152
0.000783283
0.000783397
0.000783496
0.000783578
0.000783645
0.000783696
0.000783735
0.000783761
0.000783777
0.000783784
0.000783784
0.000783779
0.00078377
0.000783757
0.000783742
0.000783726
0.000783709
0.000783692
0.000783675
0.000783659
0.000783643
0.000783628
0.000783614
0.000783601
0.000783589
0.000783579
0.00078357
0.000783562
0.000783556
0.000783551
0.000783548
0.000783546
0.000783546
0.000783547
0.000783549
0.000783552
0.000783557
0.000783562
0.000783567
0.000783572
0.000783578
0.000783583
0.000783588
0.000783593
0.000783597
0.000783601
0.000783605
0.000783608
0.000783612
0.000783617
0.000783622
0.000783628
0.000783635
0.000783643
0.000783653
0.000783663
0.000783675
0.000783687
0.0007837
0.000783714
0.000783728
0.000783742
0.000783756
0.000783769
0.000783783
0.000783795
0.000783807
0.000783818
0.000783828
0.000783839
0.000783838
0.000780418
0.000780759
0.000780736
0.000780502
0.000780214
0.000779954
0.000779751
0.000779607
0.00077951
0.000779447
0.000779406
0.000779383
0.000779373
0.000779376
0.000779392
0.000779422
0.000779468
0.000779532
0.000779613
0.000779713
0.00077983
0.000779962
0.000780107
0.00078026
0.000780417
0.000780575
0.000780729
0.000780874
0.000781009
0.00078113
0.000781237
0.000781327
0.000781402
0.000781462
0.000781507
0.000781539
0.000781561
0.000781572
0.000781576
0.000781573
0.000781565
0.000781554
0.000781539
0.000781523
0.000781506
0.000781488
0.00078147
0.000781452
0.000781434
0.000781418
0.000781403
0.000781388
0.000781375
0.000781364
0.000781353
0.000781345
0.000781337
0.000781331
0.000781327
0.000781324
0.000781322
0.000781321
0.000781322
0.000781324
0.000781326
0.00078133
0.000781333
0.000781337
0.00078134
0.000781344
0.000781347
0.00078135
0.000781352
0.000781354
0.000781356
0.000781358
0.00078136
0.000781362
0.000781365
0.000781369
0.000781374
0.00078138
0.000781387
0.000781394
0.000781403
0.000781413
0.000781424
0.000781435
0.000781447
0.000781459
0.000781471
0.000781484
0.000781496
0.000781507
0.000781518
0.000781529
0.000781539
0.000781547
0.000781557
0.000781554
0.000770578
0.000770859
0.000770825
0.000770611
0.000770353
0.00077012
0.000769939
0.000769809
0.000769721
0.000769663
0.000769627
0.000769605
0.000769598
0.000769602
0.000769618
0.000769648
0.000769693
0.000769755
0.000769835
0.000769931
0.000770043
0.000770169
0.000770307
0.000770452
0.0007706
0.000770748
0.000770891
0.000771026
0.000771151
0.000771262
0.000771358
0.00077144
0.000771506
0.000771558
0.000771597
0.000771623
0.000771639
0.000771647
0.000771647
0.000771642
0.000771632
0.000771619
0.000771603
0.000771586
0.000771568
0.00077155
0.000771531
0.000771513
0.000771496
0.000771479
0.000771464
0.000771449
0.000771437
0.000771425
0.000771415
0.000771407
0.0007714
0.000771394
0.00077139
0.000771387
0.000771385
0.000771385
0.000771385
0.000771386
0.000771388
0.00077139
0.000771393
0.000771395
0.000771397
0.000771398
0.000771399
0.0007714
0.0007714
0.0007714
0.0007714
0.000771401
0.000771402
0.000771403
0.000771405
0.000771408
0.000771411
0.000771416
0.000771421
0.000771428
0.000771435
0.000771443
0.000771451
0.00077146
0.00077147
0.00077148
0.00077149
0.0007715
0.00077151
0.000771519
0.000771529
0.000771537
0.000771545
0.000771552
0.00077156
0.000771555
0.000752239
0.000752458
0.000752418
0.000752229
0.000752003
0.0007518
0.00075164
0.000751526
0.000751447
0.000751396
0.000751363
0.000751344
0.000751339
0.000751344
0.000751361
0.000751391
0.000751435
0.000751496
0.000751571
0.000751663
0.000751769
0.000751888
0.000752016
0.000752151
0.000752288
0.000752424
0.000752555
0.000752678
0.000752791
0.00075289
0.000752976
0.000753048
0.000753105
0.000753149
0.000753181
0.000753202
0.000753214
0.000753217
0.000753215
0.000753208
0.000753196
0.000753182
0.000753166
0.000753149
0.000753131
0.000753112
0.000753094
0.000753076
0.000753059
0.000753043
0.000753028
0.000753014
0.000753002
0.000752991
0.000752982
0.000752974
0.000752967
0.000752962
0.000752958
0.000752956
0.000752954
0.000752953
0.000752954
0.000752954
0.000752956
0.000752957
0.000752958
0.000752959
0.000752959
0.000752959
0.000752958
0.000752957
0.000752956
0.000752954
0.000752953
0.000752952
0.000752952
0.000752952
0.000752953
0.000752955
0.000752958
0.000752961
0.000752965
0.00075297
0.000752975
0.000752981
0.000752988
0.000752995
0.000753002
0.00075301
0.000753017
0.000753025
0.000753032
0.000753039
0.000753046
0.000753053
0.000753059
0.000753064
0.000753071
0.000753063
0.000724659
0.00072482
0.000724779
0.000724618
0.000724427
0.000724255
0.000724118
0.000724018
0.000723949
0.000723904
0.000723875
0.000723858
0.000723855
0.000723862
0.000723878
0.000723907
0.00072395
0.000724006
0.000724078
0.000724163
0.000724261
0.00072437
0.000724488
0.00072461
0.000724735
0.000724857
0.000724975
0.000725085
0.000725185
0.000725272
0.000725347
0.000725409
0.000725457
0.000725494
0.00072552
0.000725535
0.000725542
0.000725543
0.000725538
0.00072553
0.000725518
0.000725503
0.000725487
0.00072547
0.000725453
0.000725435
0.000725418
0.000725401
0.000725384
0.000725369
0.000725355
0.000725342
0.00072533
0.00072532
0.000725312
0.000725304
0.000725299
0.000725294
0.00072529
0.000725288
0.000725287
0.000725286
0.000725286
0.000725287
0.000725287
0.000725288
0.000725288
0.000725288
0.000725288
0.000725286
0.000725284
0.000725282
0.000725279
0.000725276
0.000725274
0.000725272
0.000725271
0.00072527
0.00072527
0.000725271
0.000725273
0.000725275
0.000725278
0.000725282
0.000725285
0.00072529
0.000725294
0.000725299
0.000725304
0.000725309
0.000725314
0.00072532
0.000725325
0.00072533
0.000725335
0.00072534
0.000725344
0.000725347
0.000725352
0.000725342
0.000687237
0.000687349
0.000687311
0.000687181
0.000687027
0.000686885
0.000686771
0.000686687
0.000686627
0.000686586
0.00068656
0.000686546
0.000686544
0.000686551
0.000686566
0.000686593
0.000686633
0.000686684
0.000686749
0.000686826
0.000686914
0.000687012
0.000687117
0.000687226
0.000687336
0.000687444
0.000687548
0.000687643
0.00068773
0.000687805
0.000687869
0.00068792
0.000687961
0.00068799
0.00068801
0.000688022
0.000688025
0.000688023
0.000688017
0.000688008
0.000687996
0.000687982
0.000687966
0.00068795
0.000687934
0.000687918
0.000687902
0.000687886
0.000687871
0.000687857
0.000687844
0.000687832
0.000687822
0.000687812
0.000687805
0.000687798
0.000687793
0.000687789
0.000687786
0.000687784
0.000687783
0.000687783
0.000687783
0.000687783
0.000687784
0.000687784
0.000687784
0.000687783
0.000687782
0.00068778
0.000687777
0.000687773
0.00068777
0.000687766
0.000687763
0.00068776
0.000687758
0.000687757
0.000687756
0.000687757
0.000687758
0.000687759
0.000687761
0.000687763
0.000687765
0.000687768
0.000687771
0.000687774
0.000687777
0.000687781
0.000687784
0.000687787
0.00068779
0.000687794
0.000687797
0.0006878
0.000687803
0.000687804
0.000687808
0.000687792
0.000639591
0.000639665
0.000639635
0.000639536
0.000639416
0.000639305
0.000639214
0.000639144
0.000639093
0.000639058
0.000639035
0.000639022
0.00063902
0.000639027
0.00063904
0.000639064
0.000639098
0.000639144
0.000639201
0.000639268
0.000639345
0.000639429
0.00063952
0.000639614
0.000639708
0.000639801
0.000639889
0.00063997
0.000640042
0.000640105
0.000640158
0.0006402
0.000640233
0.000640256
0.000640271
0.000640279
0.000640279
0.000640276
0.000640269
0.00064026
0.000640248
0.000640235
0.000640221
0.000640207
0.000640193
0.000640178
0.000640164
0.000640151
0.000640137
0.000640125
0.000640113
0.000640103
0.000640093
0.000640085
0.000640078
0.000640073
0.000640069
0.000640065
0.000640063
0.000640062
0.000640061
0.00064006
0.000640061
0.000640061
0.000640062
0.000640062
0.000640062
0.000640061
0.00064006
0.000640057
0.000640054
0.00064005
0.000640046
0.000640042
0.000640038
0.000640034
0.000640032
0.00064003
0.000640029
0.000640029
0.000640029
0.00064003
0.000640031
0.000640032
0.000640034
0.000640035
0.000640037
0.000640039
0.000640041
0.000640042
0.000640044
0.000640046
0.000640048
0.000640049
0.000640051
0.000640053
0.000640055
0.000640054
0.000640056
0.000640033
0.000581608
0.000581655
0.000581637
0.000581567
0.000581481
0.000581398
0.000581328
0.000581272
0.000581231
0.000581201
0.000581181
0.000581169
0.000581167
0.000581172
0.000581183
0.000581202
0.000581231
0.000581269
0.000581316
0.000581372
0.000581436
0.000581507
0.000581582
0.000581659
0.000581737
0.000581813
0.000581884
0.00058195
0.000582009
0.00058206
0.000582102
0.000582136
0.000582161
0.000582178
0.000582189
0.000582194
0.000582193
0.000582188
0.000582182
0.000582174
0.000582163
0.000582152
0.00058214
0.000582128
0.000582116
0.000582104
0.000582092
0.00058208
0.000582069
0.000582059
0.000582049
0.00058204
0.000582032
0.000582025
0.00058202
0.000582015
0.000582012
0.000582009
0.000582008
0.000582007
0.000582006
0.000582006
0.000582007
0.000582008
0.000582008
0.000582009
0.000582009
0.000582008
0.000582007
0.000582004
0.000582001
0.000581998
0.000581993
0.000581989
0.000581985
0.000581982
0.000581979
0.000581977
0.000581975
0.000581975
0.000581975
0.000581975
0.000581976
0.000581977
0.000581977
0.000581978
0.000581979
0.00058198
0.000581981
0.000581982
0.000581983
0.000581983
0.000581984
0.000581985
0.000581985
0.000581986
0.000581987
0.000581985
0.000581985
0.000581947
0.000513473
0.000513504
0.000513499
0.000513456
0.000513398
0.00051334
0.00051329
0.000513248
0.000513216
0.000513192
0.000513174
0.000513164
0.000513162
0.000513166
0.000513172
0.000513187
0.00051321
0.000513239
0.000513276
0.00051332
0.00051337
0.000513425
0.000513484
0.000513544
0.000513604
0.000513663
0.000513719
0.00051377
0.000513815
0.000513854
0.000513886
0.000513911
0.00051393
0.000513943
0.00051395
0.000513953
0.000513951
0.000513946
0.00051394
0.000513934
0.000513925
0.000513916
0.000513907
0.000513897
0.000513887
0.000513878
0.000513869
0.00051386
0.000513851
0.000513843
0.000513835
0.000513828
0.000513822
0.000513817
0.000513812
0.000513809
0.000513806
0.000513804
0.000513803
0.000513803
0.000513803
0.000513804
0.000513804
0.000513805
0.000513807
0.000513807
0.000513808
0.000513808
0.000513807
0.000513805
0.000513802
0.000513799
0.000513795
0.000513791
0.000513787
0.000513784
0.000513781
0.000513779
0.000513777
0.000513777
0.000513776
0.000513777
0.000513777
0.000513778
0.000513779
0.000513779
0.00051378
0.00051378
0.000513781
0.000513781
0.000513781
0.000513782
0.000513782
0.000513782
0.000513782
0.000513782
0.000513782
0.000513779
0.000513776
0.000513716
0.000435687
0.000435699
0.000435706
0.000435686
0.000435652
0.000435615
0.000435581
0.000435551
0.000435528
0.000435509
0.000435495
0.000435487
0.000435485
0.000435487
0.00043549
0.0004355
0.000435516
0.000435537
0.000435564
0.000435595
0.000435631
0.00043567
0.000435712
0.000435756
0.000435799
0.000435842
0.000435882
0.000435918
0.000435951
0.000435978
0.000436001
0.000436019
0.000436032
0.000436041
0.000436046
0.000436047
0.000436044
0.00043604
0.000436036
0.000436031
0.000436025
0.000436018
0.000436011
0.000436004
0.000435998
0.000435991
0.000435985
0.000435978
0.000435972
0.000435966
0.000435961
0.000435956
0.000435951
0.000435947
0.000435944
0.000435942
0.00043594
0.000435939
0.000435938
0.000435938
0.000435939
0.00043594
0.000435941
0.000435942
0.000435943
0.000435945
0.000435945
0.000435946
0.000435946
0.000435944
0.000435943
0.00043594
0.000435937
0.000435934
0.000435931
0.000435928
0.000435925
0.000435923
0.000435922
0.000435921
0.000435921
0.000435921
0.000435922
0.000435923
0.000435923
0.000435924
0.000435925
0.000435925
0.000435926
0.000435926
0.000435926
0.000435926
0.000435926
0.000435926
0.000435926
0.000435925
0.000435925
0.000435922
0.000435914
0.000435836
0.000349154
0.000349124
0.000349136
0.000349131
0.000349115
0.000349093
0.000349072
0.000349053
0.000349037
0.000349024
0.000349014
0.000349007
0.000349006
0.000349006
0.000349006
0.000349011
0.000349021
0.000349035
0.000349051
0.000349071
0.000349094
0.000349119
0.000349146
0.000349173
0.000349201
0.000349228
0.000349254
0.000349277
0.000349298
0.000349316
0.000349331
0.000349342
0.000349351
0.000349356
0.000349359
0.00034936
0.000349357
0.000349354
0.000349352
0.000349349
0.000349346
0.000349341
0.000349337
0.000349333
0.000349329
0.000349325
0.000349321
0.000349317
0.000349313
0.00034931
0.000349306
0.000349303
0.0003493
0.000349298
0.000349296
0.000349294
0.000349293
0.000349293
0.000349293
0.000349293
0.000349294
0.000349295
0.000349296
0.000349297
0.000349299
0.0003493
0.000349301
0.000349302
0.000349303
0.000349302
0.000349302
0.0003493
0.000349298
0.000349296
0.000349294
0.000349292
0.00034929
0.000349288
0.000349287
0.000349286
0.000349286
0.000349286
0.000349287
0.000349288
0.000349289
0.000349289
0.00034929
0.000349291
0.000349292
0.000349292
0.000349292
0.000349292
0.000349293
0.000349293
0.000349292
0.000349292
0.000349292
0.000349289
0.000349273
0.000349246
0.00025576
0.000255665
0.000255664
0.000255665
0.000255658
0.000255647
0.000255635
0.000255624
0.000255614
0.000255606
0.0002556
0.000255595
0.000255594
0.000255592
0.000255589
0.00025559
0.000255595
0.000255602
0.00025561
0.00025562
0.000255632
0.000255645
0.000255658
0.000255673
0.000255687
0.000255702
0.000255716
0.000255728
0.00025574
0.000255749
0.000255758
0.000255764
0.000255769
0.000255772
0.000255774
0.000255775
0.000255773
0.000255772
0.000255772
0.000255772
0.000255771
0.000255769
0.000255767
0.000255765
0.000255763
0.000255762
0.00025576
0.000255758
0.000255756
0.000255755
0.000255753
0.000255751
0.00025575
0.000255749
0.000255748
0.000255747
0.000255747
0.000255746
0.000255747
0.000255747
0.000255748
0.000255749
0.00025575
0.000255751
0.000255753
0.000255754
0.000255755
0.000255756
0.000255757
0.000255758
0.000255758
0.000255757
0.000255757
0.000255756
0.000255754
0.000255753
0.000255752
0.000255751
0.00025575
0.00025575
0.00025575
0.00025575
0.00025575
0.000255751
0.000255752
0.000255753
0.000255753
0.000255754
0.000255755
0.000255756
0.000255756
0.000255757
0.000255757
0.000255757
0.000255758
0.000255758
0.000255758
0.000255755
0.000255729
0.000255973
0.000160493
0.000160459
0.00016045
0.000160451
0.000160448
0.000160444
0.000160438
0.000160432
0.000160427
0.000160423
0.000160419
0.000160415
0.000160411
0.000160405
0.0001604
0.000160399
0.0001604
0.000160402
0.000160404
0.000160407
0.00016041
0.000160414
0.000160419
0.000160424
0.000160429
0.000160435
0.00016044
0.000160445
0.00016045
0.000160454
0.000160458
0.000160462
0.000160464
0.000160466
0.000160468
0.000160469
0.00016047
0.000160473
0.000160476
0.000160478
0.00016048
0.00016048
0.00016048
0.00016048
0.00016048
0.000160479
0.000160479
0.000160479
0.000160478
0.000160478
0.000160477
0.000160477
0.000160477
0.000160476
0.000160476
0.000160476
0.000160475
0.000160476
0.000160476
0.000160476
0.000160477
0.000160477
0.000160478
0.000160479
0.00016048
0.000160481
0.000160482
0.000160483
0.000160484
0.000160485
0.000160486
0.000160486
0.000160486
0.000160486
0.000160486
0.000160486
0.000160485
0.000160485
0.000160485
0.000160484
0.000160484
0.000160484
0.000160485
0.000160485
0.000160486
0.000160486
0.000160487
0.000160488
0.000160489
0.000160489
0.00016049
0.000160491
0.000160491
0.000160492
0.000160492
0.000160493
0.000160493
0.000160493
0.000160458
0.000161341
7.37735e-05
7.37693e-05
7.37802e-05
7.37813e-05
7.37813e-05
7.37802e-05
7.37786e-05
7.37767e-05
7.37749e-05
7.3773e-05
7.37711e-05
7.37691e-05
7.37671e-05
7.37652e-05
7.37628e-05
7.37608e-05
7.37594e-05
7.37585e-05
7.37578e-05
7.37573e-05
7.37571e-05
7.37571e-05
7.37575e-05
7.37581e-05
7.3759e-05
7.37601e-05
7.37613e-05
7.37627e-05
7.37642e-05
7.37656e-05
7.37671e-05
7.37686e-05
7.377e-05
7.37713e-05
7.37725e-05
7.37737e-05
7.37748e-05
7.37761e-05
7.37776e-05
7.37788e-05
7.37798e-05
7.37805e-05
7.3781e-05
7.37814e-05
7.37818e-05
7.37821e-05
7.37823e-05
7.37825e-05
7.37826e-05
7.37828e-05
7.37829e-05
7.37829e-05
7.37829e-05
7.37829e-05
7.37829e-05
7.37829e-05
7.37829e-05
7.3783e-05
7.37831e-05
7.37833e-05
7.37835e-05
7.37838e-05
7.37842e-05
7.37847e-05
7.37853e-05
7.37859e-05
7.37865e-05
7.37872e-05
7.37879e-05
7.37885e-05
7.37892e-05
7.37897e-05
7.37901e-05
7.37905e-05
7.37907e-05
7.37908e-05
7.37908e-05
7.37907e-05
7.37907e-05
7.37906e-05
7.37906e-05
7.37906e-05
7.37907e-05
7.37908e-05
7.37911e-05
7.37914e-05
7.37918e-05
7.37923e-05
7.37928e-05
7.37933e-05
7.37938e-05
7.37944e-05
7.37949e-05
7.37954e-05
7.37959e-05
7.37964e-05
7.37967e-05
7.37968e-05
7.37886e-05
7.59765e-05
)
;

boundaryField
{
    inlet
    {
        type            cyclic;
    }
    outlet
    {
        type            cyclic;
    }
    bottomWall
    {
        type            nutkWallFunction;
        Cmu             0.09;
        kappa           0.41;
        E               9.8;
        value           uniform 0;
    }
    topWall
    {
        type            nutkWallFunction;
        Cmu             0.09;
        kappa           0.41;
        E               9.8;
        value           uniform 0;
    }
    frontAndBack
    {
        type            empty;
    }
}


// ************************************************************************* //
