/*--------------------------------*- C++ -*----------------------------------*\
  =========                 |
  \\      /  F ield         | OpenFOAM: The Open Source CFD Toolbox
   \\    /   O peration     | Website:  https://openfoam.org
    \\  /    A nd           | Version:  11
     \\/     M anipulation  |
\*---------------------------------------------------------------------------*/
FoamFile
{
    format      ascii;
    class       volScalarField;
    location    "200";
    object      omega;
}
// * * * * * * * * * * * * * * * * * * * * * * * * * * * * * * * * * * * * * //

dimensions      [0 0 -1 0 0 0 0];

internalField   nonuniform List<scalar> 
5000
(
13333.3
13333.3
13333.3
13333.3
13333.3
13333.3
13333.3
13333.3
13333.3
13333.3
13333.3
13333.3
13333.3
13333.3
13333.3
13333.3
13333.3
13333.3
13333.3
13333.3
13333.3
13333.3
13333.3
13333.3
13333.3
13333.3
13333.3
13333.3
13333.3
13333.3
13333.3
13333.3
13333.3
13333.3
13333.3
13333.3
13333.3
13333.3
13333.3
13333.3
13333.3
13333.3
13333.3
13333.3
13333.3
13333.3
13333.3
13333.3
13333.3
13333.3
13333.3
13333.3
13333.3
13333.3
13333.3
13333.3
13333.3
13333.3
13333.3
13333.3
13333.3
13333.3
13333.3
13333.3
13333.3
13333.3
13333.3
13333.3
13333.3
13333.3
13333.3
13333.3
13333.3
13333.3
13333.3
13333.3
13333.3
13333.3
13333.3
13333.3
13333.3
13333.3
13333.3
13333.3
13333.3
13333.3
13333.3
13333.3
13333.3
13333.3
13333.3
13333.3
13333.3
13333.3
13333.3
13333.3
13333.3
13333.3
13333.3
13333.3
5660.4
5659.77
5659.66
5659.84
5659.97
5660.02
5660.03
5660.02
5660.02
5660.01
5660.05
5662.03
5672.82
5667.4
5661.95
5661.52
5661.82
5661.98
5662.02
5662.01
5661.98
5661.95
5661.92
5661.89
5661.87
5661.84
5661.82
5661.81
5661.79
5661.79
5661.78
5661.78
5661.79
5661.79
5661.8
5661.85
5661.69
5659.84
5659.43
5659.52
5659.6
5659.63
5659.65
5659.66
5659.67
5659.68
5659.69
5659.69
5659.7
5659.7
5659.71
5659.72
5659.72
5659.73
5659.74
5659.75
5659.76
5659.77
5659.77
5659.78
5659.79
5659.8
5659.8
5659.81
5659.81
5659.81
5659.82
5659.81
5659.81
5659.8
5659.8
5659.79
5659.78
5659.77
5659.76
5659.76
5659.75
5659.76
5659.76
5659.76
5659.77
5659.78
5659.79
5659.81
5659.82
5659.83
5659.85
5659.86
5659.87
5659.89
5659.9
5659.92
5659.93
5659.94
5659.96
5659.97
5659.98
5660
5660.03
5660.17
3414.72
3414.8
3414.75
3414.84
3414.94
3414.99
3415.01
3415.01
3415.01
3415.01
3415.05
3415.28
3417.48
3416.34
3413.83
3413.01
3413.06
3413.18
3413.23
3413.24
3413.22
3413.19
3413.16
3413.13
3413.1
3413.07
3413.04
3413.02
3413
3412.98
3412.97
3412.95
3412.95
3412.94
3412.93
3412.89
3413.8
3413.87
3413.99
3414.23
3414.42
3414.52
3414.57
3414.59
3414.61
3414.62
3414.62
3414.63
3414.63
3414.64
3414.64
3414.65
3414.66
3414.67
3414.68
3414.69
3414.7
3414.71
3414.72
3414.73
3414.73
3414.74
3414.75
3414.75
3414.75
3414.75
3414.75
3414.75
3414.74
3414.73
3414.72
3414.72
3414.71
3414.7
3414.69
3414.69
3414.69
3414.69
3414.7
3414.71
3414.72
3414.73
3414.74
3414.75
3414.76
3414.77
3414.78
3414.8
3414.81
3414.82
3414.83
3414.84
3414.85
3414.86
3414.87
3414.88
3414.88
3414.89
3414.9
3414.94
2420.76
2420.77
2420.68
2420.67
2420.71
2420.74
2420.76
2420.77
2420.78
2420.78
2420.8
2420.55
2422.02
2422.12
2420.9
2420.18
2420.04
2420.05
2420.07
2420.07
2420.06
2420.04
2420.02
2420
2419.97
2419.94
2419.92
2419.89
2419.87
2419.85
2419.83
2419.81
2419.79
2419.78
2419.76
2419.78
2420.15
2420.12
2420.08
2420.16
2420.28
2420.35
2420.38
2420.4
2420.41
2420.42
2420.42
2420.43
2420.43
2420.43
2420.44
2420.45
2420.45
2420.46
2420.47
2420.48
2420.49
2420.5
2420.5
2420.51
2420.51
2420.52
2420.52
2420.52
2420.52
2420.52
2420.52
2420.51
2420.51
2420.5
2420.49
2420.48
2420.47
2420.47
2420.46
2420.46
2420.46
2420.47
2420.47
2420.48
2420.49
2420.49
2420.5
2420.51
2420.52
2420.53
2420.53
2420.54
2420.55
2420.55
2420.56
2420.57
2420.57
2420.57
2420.58
2420.58
2420.58
2420.58
2420.58
2420.59
1880.83
1880.68
1880.56
1880.52
1880.53
1880.56
1880.59
1880.6
1880.61
1880.61
1880.62
1880.39
1881.49
1881.95
1881.48
1881.05
1880.91
1880.89
1880.89
1880.9
1880.89
1880.88
1880.87
1880.86
1880.84
1880.82
1880.8
1880.78
1880.75
1880.73
1880.71
1880.68
1880.66
1880.64
1880.62
1880.66
1880.68
1880.46
1880.28
1880.24
1880.27
1880.3
1880.31
1880.32
1880.32
1880.33
1880.33
1880.33
1880.33
1880.33
1880.34
1880.34
1880.35
1880.35
1880.36
1880.36
1880.37
1880.38
1880.38
1880.38
1880.39
1880.39
1880.39
1880.39
1880.39
1880.38
1880.38
1880.37
1880.36
1880.35
1880.35
1880.34
1880.33
1880.33
1880.32
1880.32
1880.33
1880.33
1880.33
1880.34
1880.34
1880.35
1880.35
1880.35
1880.36
1880.36
1880.36
1880.36
1880.36
1880.36
1880.36
1880.36
1880.36
1880.36
1880.36
1880.36
1880.36
1880.36
1880.35
1880.35
1548.89
1548.67
1548.54
1548.5
1548.51
1548.54
1548.57
1548.59
1548.6
1548.61
1548.61
1548.49
1549.15
1549.58
1549.47
1549.28
1549.2
1549.19
1549.2
1549.21
1549.22
1549.22
1549.22
1549.21
1549.2
1549.19
1549.18
1549.16
1549.14
1549.11
1549.09
1549.07
1549.04
1549.02
1549
1549.02
1548.94
1548.7
1548.51
1548.43
1548.42
1548.42
1548.42
1548.42
1548.41
1548.41
1548.41
1548.41
1548.41
1548.41
1548.41
1548.41
1548.41
1548.42
1548.42
1548.42
1548.43
1548.43
1548.43
1548.43
1548.43
1548.43
1548.43
1548.42
1548.42
1548.41
1548.41
1548.4
1548.39
1548.38
1548.38
1548.37
1548.36
1548.36
1548.36
1548.36
1548.36
1548.36
1548.36
1548.37
1548.37
1548.37
1548.37
1548.36
1548.36
1548.36
1548.35
1548.35
1548.34
1548.34
1548.33
1548.33
1548.32
1548.32
1548.31
1548.31
1548.31
1548.3
1548.3
1548.3
1327.51
1327.25
1327.12
1327.09
1327.11
1327.14
1327.17
1327.19
1327.21
1327.22
1327.23
1327.18
1327.54
1327.84
1327.86
1327.8
1327.78
1327.79
1327.81
1327.83
1327.85
1327.86
1327.87
1327.88
1327.88
1327.87
1327.86
1327.85
1327.83
1327.81
1327.79
1327.76
1327.74
1327.71
1327.68
1327.69
1327.6
1327.43
1327.28
1327.2
1327.17
1327.16
1327.15
1327.14
1327.13
1327.12
1327.12
1327.11
1327.11
1327.11
1327.1
1327.1
1327.1
1327.1
1327.11
1327.11
1327.11
1327.1
1327.1
1327.1
1327.1
1327.09
1327.09
1327.08
1327.08
1327.07
1327.06
1327.05
1327.05
1327.04
1327.03
1327.03
1327.02
1327.02
1327.02
1327.02
1327.02
1327.02
1327.02
1327.01
1327.01
1327.01
1327
1326.99
1326.98
1326.97
1326.96
1326.95
1326.94
1326.93
1326.92
1326.91
1326.9
1326.89
1326.89
1326.88
1326.87
1326.87
1326.86
1326.86
1171.26
1170.96
1170.83
1170.8
1170.82
1170.85
1170.89
1170.91
1170.93
1170.95
1170.97
1170.96
1171.15
1171.34
1171.4
1171.41
1171.42
1171.45
1171.48
1171.51
1171.54
1171.57
1171.59
1171.6
1171.61
1171.62
1171.61
1171.6
1171.59
1171.57
1171.55
1171.52
1171.49
1171.46
1171.43
1171.42
1171.35
1171.23
1171.13
1171.07
1171.03
1171.01
1170.99
1170.98
1170.97
1170.96
1170.95
1170.94
1170.93
1170.93
1170.92
1170.92
1170.92
1170.91
1170.91
1170.91
1170.9
1170.9
1170.89
1170.89
1170.88
1170.88
1170.87
1170.86
1170.86
1170.85
1170.84
1170.83
1170.82
1170.82
1170.81
1170.81
1170.8
1170.8
1170.8
1170.8
1170.79
1170.79
1170.79
1170.78
1170.77
1170.76
1170.75
1170.74
1170.72
1170.71
1170.69
1170.67
1170.66
1170.64
1170.63
1170.61
1170.6
1170.59
1170.58
1170.57
1170.56
1170.55
1170.54
1170.55
1056.19
1055.84
1055.69
1055.66
1055.68
1055.72
1055.75
1055.78
1055.81
1055.83
1055.85
1055.87
1055.98
1056.11
1056.17
1056.21
1056.25
1056.29
1056.34
1056.38
1056.42
1056.45
1056.48
1056.51
1056.52
1056.53
1056.54
1056.53
1056.52
1056.5
1056.48
1056.45
1056.42
1056.39
1056.35
1056.33
1056.27
1056.19
1056.12
1056.07
1056.03
1056.01
1055.99
1055.97
1055.95
1055.94
1055.92
1055.91
1055.9
1055.9
1055.89
1055.88
1055.87
1055.87
1055.86
1055.86
1055.85
1055.84
1055.83
1055.82
1055.82
1055.81
1055.8
1055.79
1055.78
1055.77
1055.76
1055.75
1055.75
1055.74
1055.74
1055.73
1055.73
1055.73
1055.73
1055.72
1055.72
1055.71
1055.71
1055.7
1055.68
1055.67
1055.65
1055.63
1055.61
1055.59
1055.57
1055.54
1055.52
1055.5
1055.48
1055.46
1055.44
1055.43
1055.41
1055.4
1055.39
1055.38
1055.37
1055.38
968.358
967.949
967.776
967.74
967.76
967.796
967.832
967.865
967.895
967.927
967.958
967.993
968.077
968.169
968.234
968.29
968.344
968.399
968.454
968.506
968.555
968.6
968.638
968.669
968.693
968.708
968.714
968.712
968.702
968.684
968.661
968.632
968.599
968.564
968.528
968.494
968.447
968.386
968.329
968.284
968.248
968.219
968.194
968.171
968.152
968.134
968.118
968.104
968.091
968.079
968.068
968.058
968.048
968.038
968.028
968.018
968.007
967.996
967.985
967.974
967.963
967.951
967.94
967.93
967.919
967.91
967.901
967.893
967.887
967.881
967.878
967.875
967.873
967.871
967.868
967.865
967.86
967.852
967.841
967.827
967.81
967.79
967.768
967.743
967.716
967.689
967.66
967.632
967.604
967.577
967.551
967.527
967.505
967.485
967.467
967.451
967.438
967.426
967.418
967.419
898.984
898.509
898.309
898.265
898.282
898.317
898.354
898.391
898.427
898.466
898.507
898.554
898.629
898.709
898.777
898.843
898.908
898.973
899.037
899.098
899.155
899.208
899.253
899.291
899.32
899.34
899.351
899.352
899.344
899.328
899.305
899.275
899.241
899.204
899.165
899.126
899.08
899.028
898.979
898.936
898.899
898.866
898.837
898.811
898.788
898.767
898.748
898.73
898.714
898.699
898.685
898.671
898.658
898.644
898.63
898.616
898.602
898.588
898.574
898.559
898.546
898.532
898.519
898.507
898.496
898.486
898.477
898.47
898.464
898.46
898.457
898.455
898.453
898.451
898.449
898.444
898.437
898.426
898.413
898.396
898.375
898.351
898.323
898.294
898.262
898.229
898.195
898.161
898.128
898.096
898.065
898.036
898.009
897.985
897.964
897.945
897.929
897.915
897.905
897.904
842.163
841.624
841.398
841.345
841.36
841.395
841.433
841.472
841.513
841.557
841.604
841.659
841.732
841.808
841.879
841.951
842.024
842.097
842.167
842.236
842.3
842.359
842.411
842.455
842.49
842.515
842.53
842.536
842.531
842.518
842.496
842.468
842.434
842.396
842.356
842.314
842.269
842.22
842.174
842.131
842.092
842.056
842.024
841.995
841.968
841.943
841.921
841.9
841.88
841.862
841.844
841.827
841.809
841.792
841.774
841.757
841.739
841.722
841.704
841.688
841.671
841.656
841.642
841.629
841.617
841.606
841.598
841.591
841.586
841.582
841.58
841.578
841.577
841.574
841.57
841.564
841.555
841.542
841.526
841.506
841.482
841.454
841.423
841.389
841.353
841.316
841.278
841.24
841.202
841.165
841.13
841.097
841.067
841.039
841.014
840.993
840.974
840.958
840.947
840.943
793.775
793.187
792.939
792.88
792.894
792.929
792.969
793.008
793.05
793.095
793.143
793.199
793.269
793.342
793.413
793.487
793.564
793.64
793.716
793.789
793.858
793.922
793.98
794.03
794.071
794.102
794.123
794.135
794.136
794.128
794.111
794.087
794.056
794.02
793.981
793.94
793.895
793.848
793.803
793.76
793.72
793.681
793.646
793.614
793.583
793.555
793.529
793.505
793.481
793.459
793.437
793.416
793.394
793.373
793.352
793.331
793.31
793.289
793.27
793.251
793.233
793.216
793.2
793.186
793.174
793.164
793.156
793.149
793.145
793.142
793.139
793.137
793.135
793.131
793.125
793.117
793.105
793.09
793.071
793.047
793.02
792.99
792.956
792.919
792.881
792.841
792.8
792.759
792.718
792.679
792.641
792.606
792.573
792.543
792.517
792.493
792.473
792.456
792.444
792.439
750.956
750.34
750.079
750.017
750.033
750.071
750.112
750.15
750.188
750.228
750.271
750.322
750.384
750.451
750.518
750.59
750.666
750.743
750.819
750.894
750.967
751.035
751.097
751.152
751.199
751.238
751.267
751.286
751.295
751.294
751.285
751.267
751.242
751.212
751.177
751.138
751.096
751.052
751.009
750.966
750.924
750.884
750.847
750.811
750.778
750.746
750.716
750.688
750.661
750.634
750.609
750.583
750.558
750.533
750.508
750.484
750.46
750.437
750.415
750.394
750.375
750.357
750.341
750.327
750.314
750.304
750.296
750.29
750.286
750.282
750.28
750.276
750.272
750.266
750.258
750.246
750.232
750.214
750.192
750.166
750.137
750.104
750.069
750.031
749.991
749.95
749.908
749.866
749.824
749.784
749.746
749.71
749.677
749.646
749.619
749.595
749.575
749.557
749.545
749.539
711.797
711.172
710.905
710.844
710.866
710.909
710.952
710.988
711.02
711.052
711.085
711.125
711.177
711.234
711.294
711.36
711.431
711.505
711.58
711.654
711.727
711.797
711.862
711.922
711.975
712.02
712.056
712.084
712.102
712.11
712.109
712.1
712.083
712.06
712.031
711.997
711.959
711.918
711.877
711.835
711.794
711.753
711.713
711.675
711.639
711.604
711.571
711.539
711.508
711.478
711.448
711.419
711.39
711.362
711.334
711.307
711.281
711.256
711.233
711.211
711.19
711.172
711.155
711.141
711.129
711.119
711.111
711.105
711.101
711.097
711.092
711.087
711.081
711.072
711.061
711.047
711.03
711.009
710.985
710.957
710.926
710.892
710.856
710.817
710.777
710.736
710.695
710.653
710.613
710.573
710.535
710.5
710.467
710.437
710.411
710.387
710.368
710.35
710.339
710.333
675.098
674.478
674.212
674.157
674.186
674.236
674.282
674.317
674.343
674.365
674.386
674.414
674.454
674.499
674.549
674.607
674.672
674.74
674.811
674.883
674.955
675.024
675.091
675.153
675.21
675.261
675.304
675.338
675.365
675.382
675.39
675.389
675.381
675.365
675.343
675.315
675.281
675.245
675.206
675.166
675.125
675.083
675.043
675.003
674.964
674.927
674.891
674.856
674.822
674.788
674.755
674.723
674.691
674.66
674.63
674.601
674.573
674.547
674.522
674.499
674.478
674.46
674.443
674.429
674.417
674.407
674.4
674.394
674.389
674.384
674.378
674.371
674.363
674.351
674.338
674.321
674.301
674.278
674.251
674.222
674.19
674.156
674.12
674.082
674.042
674.002
673.962
673.922
673.882
673.844
673.808
673.774
673.743
673.715
673.689
673.667
673.648
673.632
673.62
673.615
640.188
639.581
639.321
639.274
639.312
639.37
639.421
639.455
639.476
639.488
639.498
639.514
639.54
639.574
639.613
639.663
639.72
639.782
639.847
639.915
639.984
640.052
640.118
640.181
640.24
640.294
640.342
640.383
640.415
640.44
640.456
640.463
640.462
640.453
640.438
640.415
640.387
640.354
640.318
640.28
640.24
640.199
640.158
640.117
640.077
640.038
639.999
639.962
639.925
639.889
639.854
639.819
639.785
639.751
639.719
639.689
639.66
639.633
639.607
639.584
639.563
639.544
639.528
639.514
639.502
639.493
639.485
639.479
639.473
639.467
639.46
639.452
639.441
639.427
639.411
639.392
639.37
639.345
639.317
639.287
639.255
639.221
639.185
639.147
639.109
639.071
639.032
638.994
638.956
638.92
638.886
638.854
638.824
638.798
638.774
638.753
638.735
638.72
638.709
638.705
606.777
606.188
605.939
605.901
605.949
606.015
606.07
606.105
606.12
606.125
606.124
606.129
606.143
606.166
606.196
606.236
606.286
606.341
606.401
606.463
606.528
606.593
606.658
606.72
606.78
606.835
606.886
606.93
606.968
606.998
607.02
607.034
607.039
607.036
607.027
607.01
606.986
606.956
606.924
606.888
606.849
606.808
606.767
606.726
606.685
606.644
606.605
606.565
606.527
606.489
606.451
606.415
606.379
606.345
606.311
606.28
606.25
606.223
606.197
606.174
606.153
606.134
606.118
606.104
606.093
606.084
606.076
606.07
606.063
606.056
606.048
606.038
606.025
606.01
605.992
605.971
605.947
605.921
605.892
605.862
605.829
605.795
605.76
605.724
605.687
605.65
605.613
605.577
605.542
605.508
605.476
605.446
605.418
605.393
605.371
605.351
605.334
605.32
605.311
605.307
574.849
574.283
574.048
574.02
574.076
574.149
574.208
574.242
574.254
574.251
574.242
574.237
574.241
574.254
574.275
574.308
574.349
574.398
574.452
574.51
574.57
574.632
574.693
574.754
574.813
574.869
574.921
574.968
575.008
575.042
575.069
575.088
575.098
575.1
575.095
575.083
575.063
575.037
575.007
574.973
574.936
574.897
574.856
574.815
574.773
574.732
574.691
574.651
574.611
574.572
574.534
574.496
574.46
574.424
574.391
574.359
574.329
574.301
574.276
574.253
574.232
574.214
574.198
574.185
574.174
574.165
574.157
574.15
574.143
574.135
574.126
574.114
574.1
574.083
574.063
574.041
574.016
573.989
573.96
573.93
573.898
573.864
573.83
573.795
573.76
573.725
573.69
573.656
573.623
573.591
573.561
573.533
573.507
573.484
573.464
573.446
573.43
573.417
573.408
573.405
545.106
544.57
544.347
544.323
544.379
544.451
544.509
544.542
544.552
544.547
544.534
544.525
544.524
544.533
544.549
544.577
544.614
544.658
544.708
544.762
544.818
544.876
544.935
544.993
545.049
545.103
545.154
545.2
545.24
545.274
545.301
545.32
545.332
545.335
545.331
545.32
545.301
545.277
545.248
545.215
545.179
545.141
545.101
545.06
545.019
544.979
544.938
544.899
544.859
544.821
544.783
544.746
544.71
544.676
544.643
544.612
544.583
544.557
544.532
544.51
544.49
544.472
544.457
544.444
544.434
544.425
544.417
544.41
544.402
544.394
544.384
544.372
544.358
544.34
544.32
544.298
544.273
544.247
544.218
544.188
544.157
544.125
544.092
544.059
544.025
543.992
543.959
543.927
543.896
543.867
543.839
543.813
543.789
543.768
543.749
543.732
543.718
543.706
543.698
543.696
517.944
517.439
517.226
517.201
517.253
517.321
517.375
517.406
517.414
517.407
517.393
517.381
517.379
517.385
517.398
517.423
517.457
517.497
517.543
517.594
517.647
517.702
517.758
517.813
517.867
517.919
517.967
518.012
518.051
518.084
518.11
518.129
518.14
518.144
518.14
518.129
518.112
518.088
518.06
518.028
517.993
517.956
517.917
517.878
517.838
517.798
517.759
517.721
517.683
517.645
517.609
517.573
517.539
517.506
517.475
517.445
517.418
517.392
517.369
517.348
517.329
517.312
517.298
517.285
517.275
517.266
517.258
517.251
517.243
517.235
517.225
517.212
517.198
517.181
517.161
517.139
517.115
517.089
517.062
517.033
517.003
516.972
516.941
516.91
516.878
516.847
516.816
516.786
516.757
516.73
516.704
516.68
516.658
516.638
516.621
516.605
516.592
516.582
516.574
516.573
492.694
492.217
492.013
491.986
492.032
492.094
492.145
492.172
492.178
492.17
492.154
492.141
492.135
492.139
492.15
492.171
492.201
492.239
492.281
492.328
492.379
492.431
492.484
492.537
492.589
492.639
492.686
492.73
492.768
492.801
492.827
492.846
492.858
492.863
492.86
492.851
492.834
492.812
492.785
492.755
492.721
492.685
492.648
492.61
492.571
492.533
492.495
492.457
492.42
492.384
492.349
492.315
492.282
492.25
492.22
492.192
492.166
492.142
492.12
492.1
492.082
492.066
492.052
492.04
492.03
492.021
492.013
492.006
491.998
491.989
491.978
491.966
491.951
491.934
491.914
491.893
491.869
491.844
491.818
491.79
491.762
491.733
491.703
491.674
491.644
491.615
491.586
491.558
491.531
491.506
491.482
491.459
491.439
491.421
491.405
491.391
491.379
491.37
491.363
491.362
470.172
469.732
469.54
469.514
469.558
469.616
469.663
469.687
469.689
469.676
469.656
469.637
469.626
469.624
469.629
469.645
469.669
469.701
469.74
469.783
469.83
469.879
469.93
469.982
470.033
470.084
470.133
470.178
470.219
470.256
470.286
470.31
470.327
470.337
470.34
470.336
470.325
470.308
470.286
470.26
470.23
470.197
470.162
470.126
470.09
470.053
470.017
469.981
469.945
469.91
469.876
469.844
469.812
469.782
469.753
469.726
469.701
469.678
469.657
469.638
469.621
469.605
469.591
469.579
469.569
469.56
469.551
469.542
469.534
469.524
469.513
469.5
469.485
469.468
469.45
469.429
469.407
469.384
469.359
469.334
469.307
469.281
469.254
469.226
469.199
469.173
469.147
469.121
469.097
469.074
469.053
469.033
469.015
468.998
468.984
468.972
468.962
468.954
468.948
468.948
453.1
452.703
452.527
452.504
452.548
452.604
452.647
452.668
452.666
452.648
452.622
452.598
452.58
452.57
452.569
452.578
452.597
452.624
452.658
452.697
452.741
452.789
452.839
452.89
452.943
452.995
453.047
453.096
453.142
453.184
453.22
453.251
453.275
453.292
453.302
453.305
453.301
453.291
453.275
453.253
453.228
453.2
453.168
453.136
453.102
453.067
453.032
452.997
452.963
452.93
452.897
452.866
452.836
452.807
452.78
452.754
452.73
452.708
452.688
452.669
452.652
452.636
452.622
452.609
452.598
452.587
452.577
452.567
452.557
452.546
452.534
452.521
452.506
452.49
452.473
452.454
452.435
452.414
452.392
452.369
452.346
452.322
452.298
452.274
452.25
452.226
452.203
452.18
452.159
452.138
452.119
452.102
452.086
452.072
452.06
452.05
452.041
452.034
452.029
452.031
444.053
443.687
443.524
443.504
443.547
443.602
443.643
443.66
443.656
443.636
443.607
443.58
443.558
443.544
443.54
443.546
443.562
443.587
443.618
443.656
443.698
443.745
443.795
443.847
443.9
443.954
444.007
444.059
444.107
444.152
444.192
444.226
444.254
444.274
444.288
444.294
444.294
444.287
444.274
444.255
444.232
444.206
444.177
444.145
444.113
444.079
444.045
444.012
443.979
443.946
443.915
443.885
443.857
443.83
443.804
443.779
443.756
443.735
443.715
443.696
443.679
443.663
443.648
443.634
443.62
443.608
443.596
443.584
443.572
443.56
443.547
443.534
443.519
443.504
443.488
443.472
443.454
443.436
443.417
443.397
443.376
443.355
443.333
443.311
443.289
443.267
443.246
443.226
443.206
443.188
443.171
443.155
443.141
443.128
443.117
443.108
443.101
443.095
443.091
443.094
444.513
444.156
443.996
443.978
444.021
444.076
444.117
444.134
444.13
444.11
444.082
444.054
444.032
444.019
444.015
444.022
444.038
444.062
444.094
444.133
444.176
444.223
444.273
444.325
444.379
444.433
444.486
444.537
444.586
444.63
444.669
444.702
444.729
444.748
444.761
444.766
444.764
444.756
444.742
444.722
444.699
444.671
444.641
444.61
444.576
444.543
444.509
444.475
444.442
444.411
444.381
444.352
444.324
444.298
444.273
444.25
444.228
444.206
444.186
444.167
444.149
444.132
444.115
444.099
444.084
444.069
444.055
444.041
444.027
444.013
443.999
443.985
443.97
443.956
443.941
443.926
443.91
443.893
443.876
443.858
443.838
443.819
443.798
443.777
443.757
443.736
443.716
443.696
443.677
443.659
443.642
443.627
443.613
443.601
443.59
443.582
443.575
443.569
443.565
443.568
454.428
454.05
453.884
453.865
453.909
453.966
454.009
454.029
454.027
454.009
453.985
453.961
453.942
453.932
453.933
453.943
453.963
453.991
454.025
454.066
454.111
454.16
454.211
454.264
454.317
454.37
454.421
454.47
454.515
454.555
454.59
454.618
454.639
454.653
454.659
454.659
454.652
454.638
454.619
454.595
454.567
454.536
454.503
454.469
454.433
454.398
454.363
454.328
454.295
454.264
454.234
454.205
454.179
454.153
454.129
454.106
454.084
454.063
454.043
454.023
454.004
453.985
453.967
453.949
453.931
453.914
453.897
453.88
453.863
453.847
453.831
453.816
453.801
453.786
453.771
453.757
453.742
453.726
453.709
453.692
453.673
453.654
453.634
453.613
453.592
453.571
453.55
453.53
453.51
453.491
453.474
453.458
453.444
453.431
453.42
453.41
453.403
453.397
453.393
453.395
472.129
471.712
471.532
471.509
471.554
471.612
471.657
471.681
471.683
471.67
471.652
471.634
471.622
471.619
471.627
471.644
471.67
471.704
471.743
471.788
471.837
471.888
471.94
471.994
472.046
472.097
472.146
472.19
472.23
472.264
472.291
472.311
472.324
472.329
472.327
472.317
472.302
472.281
472.255
472.224
472.191
472.155
472.118
472.08
472.042
472.004
471.967
471.932
471.898
471.866
471.836
471.809
471.782
471.758
471.734
471.712
471.69
471.669
471.648
471.628
471.607
471.587
471.567
471.547
471.527
471.507
471.487
471.468
471.449
471.43
471.412
471.396
471.38
471.364
471.349
471.335
471.32
471.304
471.288
471.27
471.251
471.231
471.21
471.189
471.166
471.144
471.122
471.1
471.079
471.058
471.039
471.022
471.006
470.991
470.979
470.968
470.96
470.953
470.948
470.949
494.932
494.474
494.279
494.255
494.301
494.362
494.411
494.438
494.443
494.435
494.422
494.41
494.403
494.406
494.42
494.443
494.475
494.513
494.558
494.607
494.659
494.713
494.767
494.822
494.875
494.925
494.972
495.014
495.05
495.08
495.102
495.117
495.124
495.123
495.114
495.099
495.078
495.052
495.021
494.986
494.949
494.909
494.869
494.829
494.788
494.749
494.711
494.674
494.64
494.608
494.578
494.55
494.523
494.499
494.475
494.453
494.431
494.41
494.388
494.367
494.346
494.325
494.304
494.282
494.26
494.239
494.217
494.195
494.174
494.153
494.134
494.116
494.099
494.083
494.067
494.052
494.037
494.021
494.004
493.986
493.966
493.946
493.924
493.901
493.877
493.853
493.829
493.805
493.782
493.76
493.739
493.72
493.702
493.686
493.672
493.66
493.65
493.643
493.637
493.637
520.234
519.741
519.535
519.512
519.563
519.629
519.682
519.712
519.719
519.713
519.702
519.691
519.687
519.692
519.71
519.736
519.771
519.813
519.861
519.913
519.968
520.024
520.081
520.138
520.192
520.244
520.292
520.334
520.371
520.401
520.423
520.437
520.443
520.441
520.432
520.416
520.394
520.366
520.334
520.298
520.259
520.219
520.178
520.136
520.095
520.054
520.015
519.978
519.942
519.909
519.878
519.85
519.823
519.798
519.774
519.75
519.728
519.706
519.684
519.662
519.64
519.618
519.595
519.573
519.55
519.526
519.503
519.48
519.458
519.436
519.416
519.396
519.379
519.362
519.346
519.33
519.314
519.298
519.28
519.262
519.241
519.22
519.197
519.172
519.147
519.122
519.096
519.071
519.046
519.023
519
518.979
518.96
518.943
518.927
518.914
518.903
518.895
518.889
518.888
547.493
546.964
546.747
546.724
546.779
546.85
546.906
546.938
546.948
546.943
546.933
546.925
546.923
546.931
546.951
546.981
547.019
547.064
547.115
547.171
547.229
547.288
547.348
547.407
547.463
547.517
547.566
547.61
547.648
547.678
547.701
547.716
547.722
547.72
547.71
547.694
547.671
547.643
547.609
547.572
547.533
547.492
547.449
547.407
547.364
547.322
547.282
547.244
547.207
547.173
547.142
547.112
547.084
547.058
547.034
547.01
546.986
546.963
546.94
546.917
546.894
546.871
546.848
546.824
546.799
546.775
546.75
546.726
546.702
546.68
546.658
546.638
546.62
546.602
546.586
546.57
546.554
546.537
546.519
546.5
546.479
546.456
546.432
546.407
546.38
546.353
546.326
546.299
546.273
546.247
546.223
546.201
546.18
546.161
546.144
546.13
546.118
546.109
546.102
546.101
577.229
576.67
576.44
576.413
576.468
576.54
576.597
576.63
576.642
576.641
576.635
576.631
576.633
576.646
576.671
576.706
576.748
576.798
576.853
576.912
576.974
577.037
577.099
577.16
577.219
577.274
577.324
577.369
577.406
577.436
577.458
577.472
577.477
577.474
577.463
577.446
577.422
577.392
577.358
577.32
577.28
577.238
577.195
577.152
577.109
577.067
577.026
576.988
576.951
576.917
576.884
576.854
576.826
576.8
576.775
576.75
576.726
576.703
576.679
576.656
576.632
576.608
576.583
576.559
576.534
576.508
576.483
576.458
576.433
576.41
576.388
576.368
576.349
576.331
576.315
576.299
576.282
576.265
576.247
576.227
576.206
576.182
576.157
576.131
576.103
576.074
576.046
576.017
575.989
575.961
575.935
575.911
575.889
575.868
575.85
575.835
575.822
575.811
575.804
575.802
608.938
608.355
608.111
608.074
608.121
608.186
608.24
608.274
608.29
608.296
608.299
608.306
608.318
608.34
608.374
608.417
608.467
608.523
608.584
608.648
608.713
608.779
608.844
608.906
608.965
609.018
609.066
609.108
609.141
609.167
609.184
609.193
609.193
609.185
609.169
609.147
609.12
609.088
609.051
609.012
608.971
608.929
608.887
608.844
608.802
608.761
608.722
608.684
608.649
608.616
608.585
608.556
608.529
608.503
608.478
608.454
608.431
608.408
608.384
608.361
608.337
608.313
608.289
608.264
608.239
608.213
608.188
608.163
608.139
608.115
608.094
608.074
608.055
608.038
608.022
608.006
607.99
607.973
607.955
607.935
607.912
607.888
607.862
607.834
607.805
607.775
607.745
607.714
607.684
607.655
607.627
607.601
607.577
607.555
607.535
607.518
607.504
607.492
607.485
607.481
642.054
641.453
641.198
641.152
641.189
641.247
641.297
641.331
641.353
641.367
641.381
641.399
641.423
641.456
641.5
641.551
641.609
641.672
641.738
641.807
641.876
641.944
642.009
642.071
642.128
642.18
642.224
642.26
642.288
642.308
642.318
642.32
642.314
642.3
642.279
642.252
642.221
642.186
642.148
642.107
642.066
642.024
641.983
641.942
641.901
641.862
641.825
641.789
641.756
641.724
641.695
641.667
641.642
641.617
641.593
641.57
641.547
641.525
641.502
641.479
641.456
641.432
641.408
641.384
641.359
641.334
641.309
641.285
641.261
641.238
641.217
641.198
641.18
641.163
641.148
641.132
641.116
641.1
641.081
641.061
641.039
641.014
640.987
640.958
640.928
640.896
640.864
640.831
640.799
640.768
640.738
640.71
640.684
640.661
640.64
640.621
640.606
640.593
640.585
640.58
676.609
675.994
675.731
675.677
675.707
675.757
675.803
675.839
675.867
675.891
675.917
675.947
675.984
676.028
676.082
676.142
676.207
676.276
676.347
676.419
676.49
676.559
676.624
676.684
676.738
676.785
676.823
676.853
676.873
676.885
676.887
676.881
676.867
676.847
676.82
676.788
676.753
676.715
676.675
676.634
676.592
676.552
676.512
676.472
676.435
676.398
676.364
676.331
676.3
676.27
676.243
676.217
676.193
676.17
676.147
676.126
676.104
676.082
676.06
676.038
676.016
675.993
675.97
675.946
675.922
675.898
675.874
675.851
675.828
675.806
675.786
675.768
675.751
675.735
675.72
675.705
675.69
675.673
675.655
675.635
675.612
675.587
675.559
675.529
675.498
675.465
675.431
675.397
675.363
675.33
675.299
675.269
675.241
675.216
675.194
675.174
675.157
675.144
675.135
675.129
712.905
712.282
712.017
711.958
711.98
712.024
712.068
712.106
712.141
712.175
712.213
712.256
712.304
712.359
712.423
712.49
712.561
712.635
712.709
712.783
712.855
712.923
712.986
713.042
713.091
713.131
713.162
713.183
713.195
713.197
713.19
713.175
713.153
713.125
713.092
713.056
713.017
712.976
712.935
712.894
712.853
712.814
712.776
712.74
712.705
712.672
712.641
712.611
712.583
712.557
712.532
712.508
712.486
712.465
712.444
712.423
712.403
712.383
712.362
712.341
712.32
712.298
712.276
712.254
712.231
712.208
712.186
712.164
712.143
712.123
712.104
712.087
712.071
712.056
712.042
712.028
712.013
711.997
711.979
711.958
711.936
711.91
711.882
711.852
711.819
711.786
711.751
711.716
711.681
711.646
711.613
711.582
711.553
711.527
711.503
711.482
711.465
711.45
711.441
711.434
751.63
751.011
750.749
750.689
750.707
750.747
750.789
750.829
750.87
750.912
750.96
751.013
751.07
751.134
751.204
751.276
751.351
751.427
751.502
751.576
751.647
751.712
751.771
751.822
751.864
751.897
751.919
751.931
751.933
751.926
751.911
751.887
751.858
751.823
751.785
751.745
751.703
751.661
751.619
751.578
751.54
751.503
751.468
751.435
751.404
751.375
751.347
751.321
751.297
751.273
751.251
751.23
751.21
751.191
751.172
751.153
751.134
751.116
751.097
751.077
751.058
751.038
751.017
750.997
750.976
750.955
750.935
750.915
750.896
750.878
750.861
750.845
750.83
750.816
750.803
750.789
750.775
750.759
750.742
750.722
750.699
750.674
750.646
750.616
750.584
750.55
750.515
750.479
750.444
750.409
750.375
750.344
750.314
750.287
750.263
750.242
750.224
750.209
750.199
750.192
794.003
793.405
793.155
793.097
793.114
793.152
793.193
793.235
793.278
793.324
793.376
793.434
793.496
793.563
793.635
793.709
793.783
793.858
793.932
794.003
794.07
794.131
794.184
794.229
794.265
794.29
794.304
794.308
794.303
794.288
794.265
794.236
794.201
794.162
794.121
794.078
794.036
793.994
793.953
793.914
793.878
793.844
793.812
793.783
793.756
793.731
793.708
793.686
793.665
793.645
793.626
793.607
793.589
793.572
793.555
793.538
793.521
793.504
793.487
793.47
793.452
793.434
793.416
793.397
793.379
793.361
793.343
793.325
793.309
793.293
793.278
793.264
793.251
793.238
793.226
793.213
793.199
793.183
793.166
793.147
793.125
793.101
793.074
793.044
793.013
792.98
792.945
792.911
792.876
792.842
792.81
792.779
792.75
792.723
792.7
792.679
792.661
792.647
792.638
792.63
841.966
841.412
841.181
841.13
841.148
841.186
841.227
841.267
841.309
841.354
841.404
841.46
841.519
841.583
841.652
841.722
841.793
841.863
841.932
841.998
842.059
842.114
842.162
842.201
842.23
842.249
842.257
842.256
842.245
842.226
842.199
842.167
842.13
842.09
842.048
842.006
841.965
841.925
841.886
841.85
841.816
841.786
841.759
841.734
841.711
841.69
841.67
841.652
841.634
841.617
841.601
841.585
841.569
841.554
841.539
841.524
841.509
841.494
841.479
841.464
841.449
841.433
841.417
841.402
841.386
841.371
841.356
841.342
841.328
841.315
841.302
841.29
841.278
841.266
841.254
841.242
841.228
841.213
841.197
841.178
841.157
841.134
841.109
841.081
841.052
841.021
840.989
840.956
840.924
840.893
840.862
840.834
840.807
840.783
840.761
840.742
840.726
840.712
840.705
840.697
898.421
897.929
897.726
897.684
897.706
897.745
897.785
897.822
897.858
897.897
897.94
897.988
898.04
898.097
898.159
898.221
898.284
898.347
898.409
898.467
898.522
898.57
898.611
898.644
898.668
898.682
898.686
898.681
898.668
898.647
898.619
898.587
898.55
898.511
898.472
898.432
898.394
898.357
898.321
898.289
898.259
898.233
898.209
898.188
898.169
898.152
898.136
898.121
898.107
898.093
898.079
898.066
898.052
898.039
898.026
898.013
898
897.987
897.974
897.961
897.949
897.935
897.923
897.91
897.897
897.885
897.873
897.862
897.852
897.841
897.831
897.821
897.81
897.8
897.788
897.776
897.763
897.748
897.732
897.715
897.695
897.674
897.651
897.626
897.599
897.572
897.543
897.515
897.486
897.459
897.432
897.407
897.383
897.362
897.343
897.326
897.312
897.301
897.295
897.287
967.522
967.103
966.932
966.902
966.927
966.967
967.006
967.039
967.069
967.1
967.134
967.173
967.215
967.262
967.315
967.368
967.421
967.475
967.527
967.577
967.623
967.664
967.698
967.724
967.743
967.752
967.753
967.746
967.731
967.71
967.682
967.651
967.617
967.581
967.544
967.508
967.474
967.441
967.41
967.381
967.355
967.333
967.313
967.296
967.281
967.267
967.255
967.243
967.232
967.221
967.21
967.199
967.188
967.176
967.165
967.154
967.143
967.133
967.122
967.112
967.101
967.091
967.081
967.071
967.062
967.053
967.044
967.037
967.029
967.021
967.014
967.005
966.996
966.987
966.976
966.964
966.952
966.938
966.923
966.906
966.889
966.87
966.849
966.828
966.805
966.782
966.758
966.733
966.709
966.686
966.664
966.643
966.623
966.605
966.589
966.575
966.563
966.555
966.551
966.54
1055.2
1054.86
1054.73
1054.71
1054.74
1054.78
1054.82
1054.85
1054.87
1054.89
1054.92
1054.95
1054.98
1055.02
1055.06
1055.11
1055.15
1055.19
1055.23
1055.27
1055.31
1055.34
1055.37
1055.39
1055.4
1055.4
1055.4
1055.39
1055.38
1055.35
1055.33
1055.3
1055.27
1055.23
1055.2
1055.17
1055.14
1055.11
1055.08
1055.06
1055.04
1055.02
1055
1054.99
1054.98
1054.97
1054.96
1054.95
1054.94
1054.94
1054.93
1054.92
1054.91
1054.9
1054.89
1054.88
1054.87
1054.87
1054.86
1054.85
1054.84
1054.83
1054.83
1054.82
1054.81
1054.81
1054.8
1054.8
1054.79
1054.79
1054.78
1054.78
1054.77
1054.76
1054.75
1054.74
1054.73
1054.72
1054.7
1054.69
1054.67
1054.66
1054.64
1054.62
1054.6
1054.58
1054.56
1054.54
1054.52
1054.51
1054.49
1054.47
1054.46
1054.44
1054.43
1054.42
1054.41
1054.4
1054.4
1054.38
1170.3
1170.04
1169.94
1169.94
1169.97
1170.01
1170.04
1170.07
1170.09
1170.11
1170.12
1170.14
1170.17
1170.2
1170.23
1170.27
1170.3
1170.33
1170.36
1170.39
1170.42
1170.44
1170.46
1170.47
1170.47
1170.47
1170.46
1170.45
1170.43
1170.41
1170.39
1170.36
1170.33
1170.3
1170.27
1170.24
1170.22
1170.2
1170.17
1170.15
1170.14
1170.12
1170.11
1170.1
1170.09
1170.08
1170.08
1170.07
1170.07
1170.06
1170.06
1170.05
1170.05
1170.04
1170.03
1170.03
1170.02
1170.01
1170.01
1170
1170
1169.99
1169.99
1169.98
1169.98
1169.98
1169.97
1169.97
1169.97
1169.97
1169.97
1169.96
1169.96
1169.95
1169.94
1169.93
1169.92
1169.91
1169.9
1169.88
1169.87
1169.86
1169.84
1169.83
1169.82
1169.8
1169.79
1169.77
1169.76
1169.74
1169.73
1169.72
1169.7
1169.69
1169.68
1169.67
1169.67
1169.66
1169.67
1169.61
1326.76
1326.6
1326.55
1326.56
1326.6
1326.63
1326.66
1326.68
1326.69
1326.71
1326.72
1326.73
1326.75
1326.77
1326.8
1326.82
1326.84
1326.87
1326.89
1326.9
1326.92
1326.93
1326.94
1326.94
1326.94
1326.93
1326.92
1326.9
1326.88
1326.86
1326.83
1326.81
1326.78
1326.75
1326.73
1326.71
1326.69
1326.67
1326.65
1326.64
1326.62
1326.61
1326.61
1326.6
1326.6
1326.59
1326.59
1326.59
1326.59
1326.58
1326.58
1326.58
1326.57
1326.57
1326.56
1326.56
1326.55
1326.55
1326.55
1326.54
1326.54
1326.54
1326.54
1326.53
1326.53
1326.53
1326.54
1326.54
1326.54
1326.54
1326.54
1326.54
1326.53
1326.53
1326.52
1326.51
1326.5
1326.49
1326.48
1326.47
1326.46
1326.45
1326.44
1326.43
1326.42
1326.41
1326.4
1326.39
1326.38
1326.37
1326.36
1326.35
1326.35
1326.34
1326.33
1326.32
1326.32
1326.32
1326.34
1326.2
1548.49
1548.45
1548.47
1548.49
1548.52
1548.55
1548.57
1548.58
1548.59
1548.6
1548.61
1548.62
1548.63
1548.64
1548.66
1548.67
1548.68
1548.69
1548.7
1548.71
1548.71
1548.71
1548.7
1548.7
1548.69
1548.67
1548.65
1548.63
1548.61
1548.59
1548.56
1548.54
1548.52
1548.5
1548.48
1548.46
1548.45
1548.44
1548.43
1548.42
1548.41
1548.4
1548.4
1548.4
1548.4
1548.4
1548.4
1548.4
1548.4
1548.4
1548.4
1548.4
1548.4
1548.4
1548.39
1548.39
1548.39
1548.38
1548.38
1548.38
1548.38
1548.38
1548.38
1548.38
1548.38
1548.39
1548.39
1548.39
1548.4
1548.4
1548.41
1548.41
1548.41
1548.4
1548.4
1548.39
1548.38
1548.38
1548.37
1548.36
1548.35
1548.34
1548.34
1548.33
1548.32
1548.32
1548.31
1548.31
1548.3
1548.3
1548.29
1548.29
1548.28
1548.28
1548.27
1548.27
1548.26
1548.27
1548.32
1548
1880.53
1880.69
1880.78
1880.8
1880.82
1880.83
1880.84
1880.84
1880.85
1880.85
1880.86
1880.86
1880.86
1880.86
1880.87
1880.87
1880.86
1880.86
1880.85
1880.85
1880.84
1880.83
1880.81
1880.8
1880.78
1880.75
1880.73
1880.71
1880.68
1880.66
1880.64
1880.62
1880.6
1880.58
1880.57
1880.56
1880.57
1880.57
1880.57
1880.57
1880.57
1880.57
1880.57
1880.57
1880.57
1880.57
1880.58
1880.58
1880.59
1880.59
1880.59
1880.59
1880.6
1880.59
1880.59
1880.59
1880.59
1880.59
1880.59
1880.59
1880.59
1880.59
1880.6
1880.6
1880.6
1880.61
1880.61
1880.62
1880.63
1880.64
1880.64
1880.65
1880.65
1880.65
1880.65
1880.64
1880.64
1880.63
1880.62
1880.62
1880.61
1880.6
1880.6
1880.6
1880.59
1880.59
1880.59
1880.59
1880.59
1880.59
1880.59
1880.59
1880.58
1880.58
1880.58
1880.58
1880.58
1880.59
1880.7
1880.02
2419.58
2420.08
2420.23
2420.22
2420.2
2420.19
2420.18
2420.18
2420.17
2420.17
2420.17
2420.16
2420.14
2420.11
2420.1
2420.08
2420.05
2420.03
2420.01
2419.99
2419.97
2419.94
2419.92
2419.89
2419.87
2419.84
2419.82
2419.79
2419.77
2419.75
2419.73
2419.71
2419.7
2419.69
2419.69
2419.69
2419.72
2419.76
2419.79
2419.8
2419.81
2419.82
2419.83
2419.83
2419.84
2419.85
2419.85
2419.86
2419.87
2419.87
2419.88
2419.88
2419.88
2419.88
2419.88
2419.88
2419.88
2419.88
2419.89
2419.89
2419.89
2419.89
2419.9
2419.9
2419.91
2419.92
2419.93
2419.93
2419.94
2419.95
2419.96
2419.97
2419.98
2419.98
2419.98
2419.98
2419.98
2419.97
2419.97
2419.96
2419.96
2419.95
2419.95
2419.95
2419.95
2419.95
2419.95
2419.96
2419.96
2419.96
2419.97
2419.97
2419.97
2419.97
2419.98
2419.98
2419.98
2419.99
2420.24
2418.89
3413.09
3414.2
3414.27
3414.17
3414.1
3414.07
3414.05
3414.03
3414.02
3414.01
3413.99
3413.95
3413.87
3413.79
3413.74
3413.69
3413.63
3413.58
3413.54
3413.51
3413.47
3413.44
3413.41
3413.38
3413.35
3413.32
3413.3
3413.28
3413.26
3413.25
3413.24
3413.23
3413.23
3413.23
3413.24
3413.26
3413.33
3413.43
3413.51
3413.57
3413.61
3413.63
3413.65
3413.66
3413.67
3413.68
3413.69
3413.7
3413.71
3413.72
3413.73
3413.73
3413.73
3413.74
3413.74
3413.74
3413.74
3413.74
3413.74
3413.74
3413.75
3413.75
3413.76
3413.76
3413.77
3413.78
3413.79
3413.8
3413.82
3413.83
3413.84
3413.85
3413.86
3413.87
3413.88
3413.88
3413.88
3413.87
3413.87
3413.87
3413.86
3413.86
3413.86
3413.86
3413.86
3413.87
3413.87
3413.88
3413.88
3413.89
3413.9
3413.91
3413.91
3413.92
3413.92
3413.93
3413.94
3413.95
3414.34
3411.51
5674.75
5674.68
5674.22
5674.07
5674.01
5673.98
5673.95
5673.93
5673.91
5673.89
5673.85
5673.75
5673.58
5673.4
5673.34
5673.28
5673.22
5673.16
5673.11
5673.06
5673.02
5672.99
5672.96
5672.94
5672.91
5672.89
5672.88
5672.87
5672.86
5672.86
5672.87
5672.88
5672.89
5672.91
5672.92
5672.97
5673.08
5673.22
5673.36
5673.46
5673.53
5673.58
5673.6
5673.62
5673.64
5673.65
5673.66
5673.67
5673.68
5673.69
5673.69
5673.7
5673.7
5673.71
5673.71
5673.71
5673.71
5673.71
5673.71
5673.71
5673.72
5673.72
5673.73
5673.73
5673.74
5673.75
5673.77
5673.78
5673.79
5673.81
5673.82
5673.84
5673.85
5673.86
5673.87
5673.87
5673.87
5673.87
5673.87
5673.87
5673.87
5673.86
5673.86
5673.86
5673.87
5673.87
5673.88
5673.89
5673.9
5673.91
5673.92
5673.93
5673.94
5673.95
5673.96
5673.97
5673.97
5673.99
5674.38
5664.9
13333.3
13333.3
13333.3
13333.3
13333.3
13333.3
13333.3
13333.3
13333.3
13333.3
13333.3
13333.3
13333.3
13333.3
13333.3
13333.3
13333.3
13333.3
13333.3
13333.3
13333.3
13333.3
13333.3
13333.3
13333.3
13333.3
13333.3
13333.3
13333.3
13333.3
13333.3
13333.3
13333.3
13333.3
13333.3
13333.3
13333.3
13333.3
13333.3
13333.3
13333.3
13333.3
13333.3
13333.3
13333.3
13333.3
13333.3
13333.3
13333.3
13333.3
13333.3
13333.3
13333.3
13333.3
13333.3
13333.3
13333.3
13333.3
13333.3
13333.3
13333.3
13333.3
13333.3
13333.3
13333.3
13333.3
13333.3
13333.3
13333.3
13333.3
13333.3
13333.3
13333.3
13333.3
13333.3
13333.3
13333.3
13333.3
13333.3
13333.3
13333.3
13333.3
13333.3
13333.3
13333.3
13333.3
13333.3
13333.3
13333.3
13333.3
13333.3
13333.3
13333.3
13333.3
13333.3
13333.3
13333.3
13333.3
13333.3
13333.3
)
;

boundaryField
{
    inlet
    {
        type            cyclic;
    }
    outlet
    {
        type            cyclic;
    }
    bottomWall
    {
        beta1           0.075;
        blended         false;
        type            omegaWallFunction;
        value           nonuniform List<scalar> 
100
(
13333.3
13333.3
13333.3
13333.3
13333.3
13333.3
13333.3
13333.3
13333.3
13333.3
13333.3
13333.3
13333.3
13333.3
13333.3
13333.3
13333.3
13333.3
13333.3
13333.3
13333.3
13333.3
13333.3
13333.3
13333.3
13333.3
13333.3
13333.3
13333.3
13333.3
13333.3
13333.3
13333.3
13333.3
13333.3
13333.3
13333.3
13333.3
13333.3
13333.3
13333.3
13333.3
13333.3
13333.3
13333.3
13333.3
13333.3
13333.3
13333.3
13333.3
13333.3
13333.3
13333.3
13333.3
13333.3
13333.3
13333.3
13333.3
13333.3
13333.3
13333.3
13333.3
13333.3
13333.3
13333.3
13333.3
13333.3
13333.3
13333.3
13333.3
13333.3
13333.3
13333.3
13333.3
13333.3
13333.3
13333.3
13333.3
13333.3
13333.3
13333.3
13333.3
13333.3
13333.3
13333.3
13333.3
13333.3
13333.3
13333.3
13333.3
13333.3
13333.3
13333.3
13333.3
13333.3
13333.3
13333.3
13333.3
13333.3
13333.3
)
;
    }
    topWall
    {
        beta1           0.075;
        blended         false;
        type            omegaWallFunction;
        value           nonuniform List<scalar> 
100
(
13333.3
13333.3
13333.3
13333.3
13333.3
13333.3
13333.3
13333.3
13333.3
13333.3
13333.3
13333.3
13333.3
13333.3
13333.3
13333.3
13333.3
13333.3
13333.3
13333.3
13333.3
13333.3
13333.3
13333.3
13333.3
13333.3
13333.3
13333.3
13333.3
13333.3
13333.3
13333.3
13333.3
13333.3
13333.3
13333.3
13333.3
13333.3
13333.3
13333.3
13333.3
13333.3
13333.3
13333.3
13333.3
13333.3
13333.3
13333.3
13333.3
13333.3
13333.3
13333.3
13333.3
13333.3
13333.3
13333.3
13333.3
13333.3
13333.3
13333.3
13333.3
13333.3
13333.3
13333.3
13333.3
13333.3
13333.3
13333.3
13333.3
13333.3
13333.3
13333.3
13333.3
13333.3
13333.3
13333.3
13333.3
13333.3
13333.3
13333.3
13333.3
13333.3
13333.3
13333.3
13333.3
13333.3
13333.3
13333.3
13333.3
13333.3
13333.3
13333.3
13333.3
13333.3
13333.3
13333.3
13333.3
13333.3
13333.3
13333.3
)
;
    }
    frontAndBack
    {
        type            empty;
    }
}


// ************************************************************************* //
