/*--------------------------------*- C++ -*----------------------------------*\
  =========                 |
  \\      /  F ield         | OpenFOAM: The Open Source CFD Toolbox
   \\    /   O peration     | Website:  https://openfoam.org
    \\  /    A nd           | Version:  11
     \\/     M anipulation  |
\*---------------------------------------------------------------------------*/
FoamFile
{
    format      ascii;
    class       volScalarField;
    location    "200";
    object      p;
}
// * * * * * * * * * * * * * * * * * * * * * * * * * * * * * * * * * * * * * //

dimensions      [0 2 -2 0 0 0 0];

internalField   nonuniform List<scalar> 
5000
(
-8.02792e-07
0.00201011
0.00341619
0.00400832
0.00398349
0.00375806
0.00340467
0.00309523
0.00273105
0.00264777
0.00213518
0.00562161
0.0026066
-0.0134182
-0.0264559
-0.0307074
-0.0308541
-0.0301447
-0.0292675
-0.028513
-0.0276944
-0.0271203
-0.0263337
-0.0256883
-0.0247827
-0.0239701
-0.0229372
-0.0220488
-0.0210245
-0.0202168
-0.0191882
-0.0183103
-0.0172203
-0.0163751
-0.0152005
-0.0144712
-0.0131018
-0.0105627
-0.00823443
-0.00681082
-0.00615604
-0.00581181
-0.00565205
-0.00552891
-0.00547516
-0.00538572
-0.00533125
-0.00521492
-0.00516242
-0.00507648
-0.00504587
-0.00495596
-0.00491539
-0.00481327
-0.00477402
-0.00467371
-0.00462411
-0.00452235
-0.00449399
-0.00446365
-0.00447337
-0.00449406
-0.0045247
-0.00452215
-0.00454587
-0.00451211
-0.00452358
-0.0044731
-0.00446664
-0.00440528
-0.00441347
-0.00441338
-0.00447134
-0.00451378
-0.00458268
-0.00462889
-0.00470316
-0.00474295
-0.00481545
-0.00485003
-0.00492141
-0.00495117
-0.00501998
-0.00504848
-0.00510596
-0.00513333
-0.00518125
-0.00520912
-0.005257
-0.00530114
-0.00535098
-0.00540741
-0.00546792
-0.00553416
-0.00560617
-0.00568265
-0.00572516
-0.00565938
-0.00513757
-0.00290178
-1.13633e-05
0.00201052
0.00342697
0.00401936
0.00399045
0.00376162
0.00340671
0.00309659
0.00273225
0.00264842
0.0021311
0.00535157
0.00223915
-0.013505
-0.0264155
-0.030619
-0.0307865
-0.0301098
-0.0292523
-0.0285068
-0.0276921
-0.0271193
-0.0263336
-0.0256882
-0.0247831
-0.0239705
-0.022938
-0.0220494
-0.0210256
-0.0202177
-0.0191894
-0.0183113
-0.0172215
-0.0163763
-0.0152014
-0.0143677
-0.0129005
-0.0104364
-0.00818226
-0.00680062
-0.00615925
-0.00581681
-0.00565545
-0.00553084
-0.00547608
-0.00538624
-0.00533147
-0.00521512
-0.00516251
-0.00507662
-0.00504596
-0.00495613
-0.00491551
-0.00481348
-0.00477419
-0.00467399
-0.00462432
-0.00452264
-0.00449422
-0.00446389
-0.00447355
-0.00449422
-0.00452476
-0.00452221
-0.00454582
-0.00451207
-0.00452342
-0.00447298
-0.00446641
-0.00440509
-0.00441322
-0.00441317
-0.00447112
-0.00451362
-0.00458255
-0.00462885
-0.00470317
-0.00474306
-0.00481562
-0.00485031
-0.00492175
-0.00495159
-0.00502045
-0.00504902
-0.00510653
-0.00513396
-0.00518189
-0.0052098
-0.00525769
-0.00530185
-0.00535168
-0.00540812
-0.0054686
-0.00553484
-0.00560681
-0.00568333
-0.00572603
-0.00566097
-0.00514084
-0.00290989
-2.77057e-05
0.00202056
0.00344323
0.00403195
0.00399719
0.0037646
0.00340833
0.00309734
0.00273297
0.00264704
0.00212629
0.00505907
0.00181441
-0.0135481
-0.0262686
-0.0304795
-0.0307037
-0.0300699
-0.0292357
-0.0284998
-0.0276897
-0.0271175
-0.0263332
-0.0256874
-0.024783
-0.0239701
-0.0229383
-0.0220494
-0.0210264
-0.0202179
-0.0191904
-0.0183117
-0.0172225
-0.0163767
-0.0152007
-0.0142915
-0.0127289
-0.0103317
-0.00815529
-0.00680953
-0.00617243
-0.00582612
-0.00566049
-0.00553342
-0.00547716
-0.00538692
-0.00533169
-0.00521544
-0.00516259
-0.00507684
-0.005046
-0.00495636
-0.00491557
-0.00481377
-0.00477431
-0.00467437
-0.00462451
-0.00452305
-0.00449449
-0.00446424
-0.00447381
-0.00449448
-0.00452486
-0.00452236
-0.00454578
-0.00451215
-0.00452327
-0.00447299
-0.00446616
-0.00440501
-0.00441296
-0.00441299
-0.00447087
-0.00451344
-0.00458234
-0.00462877
-0.00470309
-0.00474313
-0.00481571
-0.00485054
-0.004922
-0.00495198
-0.00502084
-0.00504953
-0.00510703
-0.00513456
-0.00518245
-0.00521045
-0.0052583
-0.00530254
-0.00535231
-0.00540881
-0.00546921
-0.00553551
-0.00560741
-0.00568407
-0.00572708
-0.00566359
-0.00514714
-0.0029275
-4.31906e-05
0.00203602
0.00346253
0.00404374
0.00400297
0.00376681
0.00340958
0.00309756
0.00273333
0.00264301
0.00212283
0.0048108
0.0014653
-0.0135299
-0.0260873
-0.0303325
-0.0306244
-0.0300336
-0.0292209
-0.0284931
-0.0276876
-0.0271152
-0.0263326
-0.0256857
-0.0247825
-0.023969
-0.0229384
-0.0220486
-0.021027
-0.0202173
-0.0191912
-0.0183115
-0.0172235
-0.016376
-0.0151973
-0.0142407
-0.0126336
-0.0102902
-0.00816159
-0.00683163
-0.00618999
-0.00583644
-0.00566549
-0.00553595
-0.00547813
-0.00538767
-0.00533184
-0.00521589
-0.00516265
-0.00507718
-0.00504599
-0.00495671
-0.00491558
-0.00481418
-0.00477439
-0.00467491
-0.00462467
-0.00452363
-0.00449481
-0.00446473
-0.00447412
-0.00449481
-0.00452494
-0.00452258
-0.00454568
-0.00451233
-0.00452306
-0.00447311
-0.00446585
-0.00440504
-0.0044127
-0.00441289
-0.0044706
-0.00451328
-0.00458209
-0.0046287
-0.00470298
-0.00474322
-0.00481577
-0.00485081
-0.00492222
-0.00495241
-0.00502122
-0.00505008
-0.0051075
-0.00513518
-0.00518297
-0.00521112
-0.00525888
-0.00530323
-0.0053529
-0.0054095
-0.00546978
-0.00553617
-0.00560796
-0.00568487
-0.00572835
-0.00566745
-0.00515671
-0.00294999
-5.62949e-05
0.00205651
0.00348421
0.00405516
0.00400838
0.00376862
0.0034107
0.0030974
0.00273346
0.00263631
0.00212016
0.00460134
0.00119592
-0.0134706
-0.0258982
-0.0301905
-0.0305527
-0.0300018
-0.0292084
-0.028487
-0.027686
-0.0271122
-0.026332
-0.0256834
-0.0247819
-0.0239673
-0.0229384
-0.0220473
-0.0210278
-0.0202161
-0.0191921
-0.0183108
-0.0172246
-0.0163741
-0.0151915
-0.0142097
-0.0125988
-0.0102963
-0.00818799
-0.0068583
-0.00620707
-0.00584582
-0.0056697
-0.00553817
-0.00547886
-0.00538846
-0.00533189
-0.00521649
-0.00516267
-0.00507766
-0.00504594
-0.0049572
-0.00491554
-0.00481474
-0.00477444
-0.00467562
-0.0046248
-0.00452441
-0.00449517
-0.00446535
-0.00447447
-0.00449521
-0.00452496
-0.00452285
-0.00454547
-0.00451257
-0.00452273
-0.00447333
-0.00446542
-0.00440519
-0.0044124
-0.00441286
-0.00447033
-0.00451317
-0.00458184
-0.00462869
-0.00470289
-0.00474339
-0.00481585
-0.00485117
-0.00492248
-0.00495293
-0.00502162
-0.00505071
-0.00510799
-0.00513588
-0.00518351
-0.00521185
-0.00525945
-0.00530397
-0.00535348
-0.00541022
-0.00547031
-0.00553685
-0.00560848
-0.00568577
-0.00572985
-0.00567281
-0.0051702
-0.00297765
-6.71996e-05
0.00208253
0.00350736
0.00406671
0.00401386
0.0037702
0.00341176
0.00309686
0.00273332
0.00262716
0.00211577
0.00441332
0.000976709
-0.0133902
-0.0257089
-0.0300548
-0.0304872
-0.0299736
-0.0291977
-0.0284811
-0.0276849
-0.0271087
-0.0263315
-0.0256804
-0.0247812
-0.023965
-0.0229384
-0.0220454
-0.0210286
-0.0202143
-0.019193
-0.0183095
-0.0172256
-0.0163709
-0.0151835
-0.0141896
-0.0125991
-0.0103276
-0.00822256
-0.00688426
-0.00622154
-0.00585361
-0.00567293
-0.00554004
-0.00547936
-0.00538928
-0.00533183
-0.00521724
-0.00516265
-0.00507826
-0.00504583
-0.00495783
-0.00491543
-0.00481546
-0.00477442
-0.00467651
-0.00462488
-0.00452538
-0.00449556
-0.00446608
-0.00447484
-0.00449564
-0.00452491
-0.00452314
-0.00454512
-0.00451285
-0.00452228
-0.00447362
-0.00446488
-0.00440547
-0.0044121
-0.00441293
-0.00447007
-0.00451312
-0.0045816
-0.00462876
-0.00470281
-0.00474365
-0.00481595
-0.00485161
-0.00492275
-0.00495353
-0.00502202
-0.0050514
-0.00510847
-0.00513662
-0.00518401
-0.0052126
-0.00525998
-0.00530472
-0.005354
-0.00541094
-0.00547078
-0.00553753
-0.00560893
-0.00568673
-0.00573158
-0.00567972
-0.00518764
-0.00301098
-7.6611e-05
0.00211445
0.00353165
0.00407898
0.00401952
0.00377158
0.00341273
0.00309592
0.00273285
0.00261587
0.00210792
0.00423183
0.000782303
-0.0132995
-0.0255196
-0.0299229
-0.0304254
-0.0299474
-0.0291881
-0.0284754
-0.0276841
-0.0271048
-0.026331
-0.0256769
-0.0247803
-0.0239622
-0.0229383
-0.022043
-0.0210295
-0.0202118
-0.0191939
-0.0183076
-0.0172267
-0.0163667
-0.0151739
-0.0141745
-0.0126175
-0.0103696
-0.00825929
-0.00690777
-0.00623318
-0.00585993
-0.00567532
-0.00554162
-0.00547961
-0.0053901
-0.00533164
-0.00521813
-0.00516259
-0.00507898
-0.00504565
-0.00495858
-0.00491525
-0.00481631
-0.00477432
-0.00467753
-0.00462489
-0.0045265
-0.00449595
-0.0044669
-0.0044752
-0.00449609
-0.00452477
-0.00452344
-0.00454465
-0.00451317
-0.0045217
-0.004474
-0.00446425
-0.00440589
-0.0044118
-0.00441311
-0.00446985
-0.00451316
-0.00458138
-0.00462891
-0.00470275
-0.00474399
-0.00481606
-0.00485211
-0.00492301
-0.00495417
-0.00502239
-0.0050521
-0.0051089
-0.00513735
-0.00518445
-0.00521334
-0.00526042
-0.00530545
-0.00535441
-0.00541162
-0.00547113
-0.00553815
-0.0056093
-0.00568772
-0.00573351
-0.00568812
-0.00520874
-0.00305071
-8.51544e-05
0.00215223
0.00355749
0.00409222
0.00402534
0.00377278
0.00341357
0.00309459
0.00273202
0.00260272
0.00209636
0.00404975
0.000598293
-0.0132032
-0.0253291
-0.029792
-0.0303652
-0.0299222
-0.0291792
-0.0284697
-0.0276837
-0.0271004
-0.0263307
-0.0256729
-0.0247795
-0.023959
-0.0229383
-0.0220402
-0.0210304
-0.0202088
-0.0191947
-0.0183052
-0.0172276
-0.0163613
-0.015163
-0.0141613
-0.012645
-0.0104157
-0.00829613
-0.00692884
-0.00624256
-0.00586509
-0.00567706
-0.00554297
-0.00547967
-0.00539094
-0.00533135
-0.00521912
-0.00516248
-0.00507979
-0.00504541
-0.00495942
-0.004915
-0.00481725
-0.00477414
-0.00467865
-0.00462482
-0.00452775
-0.00449633
-0.00446777
-0.00447555
-0.00449653
-0.00452453
-0.00452372
-0.00454405
-0.00451351
-0.00452099
-0.00447446
-0.00446354
-0.00440645
-0.00441153
-0.00441341
-0.00446968
-0.0045133
-0.0045812
-0.00462915
-0.00470272
-0.00474439
-0.00481617
-0.00485265
-0.00492325
-0.00495482
-0.0050227
-0.0050528
-0.00510925
-0.00513805
-0.00518478
-0.00521402
-0.00526076
-0.0053061
-0.00535472
-0.00541222
-0.00547137
-0.00553871
-0.00560955
-0.00568872
-0.00573563
-0.00569789
-0.00523318
-0.00309728
-9.32548e-05
0.00219579
0.00358525
0.00410639
0.00403132
0.00377379
0.00341426
0.00309286
0.00273079
0.002588
0.00208142
0.00386576
0.000417271
-0.0131037
-0.0251366
-0.0296608
-0.0303053
-0.0298973
-0.0291706
-0.0284641
-0.0276836
-0.0270958
-0.0263304
-0.0256686
-0.0247785
-0.0239554
-0.0229382
-0.022037
-0.0210313
-0.0202052
-0.0191955
-0.0183024
-0.0172284
-0.0163551
-0.0151516
-0.0141494
-0.0126769
-0.0104636
-0.00833255
-0.00694807
-0.00625034
-0.00586945
-0.00567832
-0.00554415
-0.00547957
-0.00539178
-0.00533097
-0.00522021
-0.00516233
-0.00508067
-0.0050451
-0.00496032
-0.00491468
-0.00481826
-0.00477388
-0.00467984
-0.00462467
-0.00452909
-0.00449667
-0.00446868
-0.00447586
-0.00449695
-0.0045242
-0.00452399
-0.00454335
-0.00451387
-0.00452019
-0.00447498
-0.00446278
-0.00440715
-0.0044113
-0.00441383
-0.00446958
-0.00451353
-0.00458107
-0.00462947
-0.00470272
-0.00474484
-0.00481629
-0.00485321
-0.00492345
-0.00495545
-0.00502295
-0.00505345
-0.0051095
-0.00513868
-0.00518501
-0.00521462
-0.00526096
-0.00530666
-0.00535488
-0.00541273
-0.00547147
-0.00553917
-0.00560968
-0.0056897
-0.00573788
-0.00570887
-0.00526069
-0.00315074
-0.000101057
0.00224488
0.0036151
0.00412138
0.00403743
0.00377463
0.00341481
0.00309083
0.00272919
0.00257203
0.00206369
0.00368047
0.000236727
-0.0130022
-0.0249423
-0.0295287
-0.0302452
-0.0298724
-0.0291623
-0.0284585
-0.0276836
-0.027091
-0.0263302
-0.025664
-0.0247776
-0.0239517
-0.0229381
-0.0220336
-0.0210324
-0.0202011
-0.0191961
-0.0182991
-0.017229
-0.0163481
-0.0151401
-0.0141387
-0.0127112
-0.0105123
-0.00836866
-0.00696614
-0.00625709
-0.00587324
-0.00567924
-0.0055452
-0.00547933
-0.00539259
-0.00533051
-0.00522136
-0.00516214
-0.00508159
-0.00504474
-0.00496125
-0.00491429
-0.0048193
-0.00477355
-0.00468105
-0.00462445
-0.00453048
-0.00449699
-0.0044696
-0.00447614
-0.00449734
-0.00452379
-0.00452422
-0.00454256
-0.00451424
-0.00451933
-0.00447556
-0.00446201
-0.00440797
-0.00441113
-0.00441436
-0.00446954
-0.00451383
-0.00458098
-0.00462984
-0.00470272
-0.00474533
-0.00481637
-0.00485377
-0.00492359
-0.00495606
-0.00502312
-0.00505404
-0.00510966
-0.00513925
-0.00518512
-0.00521514
-0.00526105
-0.00530713
-0.00535492
-0.00541313
-0.00547145
-0.00553954
-0.00560972
-0.00569066
-0.00574026
-0.00572089
-0.00529099
-0.00321089
-0.000108605
0.00229917
0.00364695
0.00413714
0.0040436
0.00377537
0.00341531
0.00308865
0.00272735
0.00255527
0.00204392
0.00349525
5.68967e-05
-0.0129002
-0.0247466
-0.0293957
-0.0301849
-0.0298475
-0.0291541
-0.028453
-0.0276839
-0.0270861
-0.0263302
-0.0256594
-0.0247767
-0.0239478
-0.022938
-0.0220301
-0.0210335
-0.0201968
-0.0191968
-0.0182956
-0.0172295
-0.0163407
-0.0151287
-0.0141291
-0.0127465
-0.0105615
-0.00840463
-0.0069836
-0.00626322
-0.00587666
-0.00567993
-0.00554612
-0.00547898
-0.00539336
-0.00532999
-0.00522253
-0.00516191
-0.0050825
-0.00504432
-0.00496218
-0.00491384
-0.00482033
-0.00477314
-0.00468226
-0.00462417
-0.0045319
-0.00449728
-0.00447053
-0.00447638
-0.0044977
-0.00452332
-0.00452443
-0.00454171
-0.00451462
-0.00451842
-0.00447617
-0.00446124
-0.00440888
-0.004411
-0.00441496
-0.00446954
-0.00451417
-0.00458088
-0.00463022
-0.00470272
-0.0047458
-0.00481643
-0.0048543
-0.00492369
-0.00495663
-0.00502323
-0.00505459
-0.00510975
-0.00513975
-0.00518517
-0.0052156
-0.00526106
-0.00530754
-0.00535488
-0.00541349
-0.00547135
-0.00553986
-0.00560968
-0.00569161
-0.00574274
-0.0057338
-0.0053238
-0.00327742
-0.000115899
0.00235815
0.00368063
0.00415355
0.00404973
0.00377599
0.00341573
0.00308639
0.00272524
0.00253803
0.00202267
0.00331159
-0.000121446
-0.012799
-0.0245505
-0.0292626
-0.0301243
-0.0298225
-0.0291459
-0.0284476
-0.0276843
-0.0270813
-0.0263302
-0.0256547
-0.0247758
-0.0239439
-0.022938
-0.0220266
-0.0210348
-0.0201924
-0.0191974
-0.0182918
-0.0172299
-0.0163329
-0.0151178
-0.0141204
-0.0127821
-0.010611
-0.00844064
-0.00700086
-0.00626904
-0.00587983
-0.00568048
-0.00554694
-0.00547852
-0.00539409
-0.00532943
-0.0052237
-0.00516164
-0.0050834
-0.00504385
-0.00496307
-0.00491333
-0.00482133
-0.00477268
-0.00468345
-0.00462385
-0.00453331
-0.00449755
-0.00447145
-0.00447661
-0.00449803
-0.00452281
-0.00452461
-0.00454084
-0.00451501
-0.00451752
-0.00447682
-0.00446049
-0.00440987
-0.00441092
-0.00441562
-0.00446956
-0.00451453
-0.00458079
-0.0046306
-0.00470268
-0.00474625
-0.00481644
-0.00485479
-0.00492373
-0.00495715
-0.00502328
-0.00505509
-0.00510978
-0.00514021
-0.00518515
-0.00521601
-0.00526101
-0.00530789
-0.00535479
-0.00541378
-0.0054712
-0.00554012
-0.00560961
-0.00569255
-0.0057453
-0.00574743
-0.00535881
-0.00334981
-0.000122898
0.00242105
0.00371594
0.00417055
0.00405578
0.00377643
0.00341594
0.0030839
0.0027227
0.00252051
0.00200037
0.00313081
-0.000297471
-0.0127002
-0.0243551
-0.02913
-0.0300639
-0.0297976
-0.0291379
-0.0284422
-0.0276848
-0.0270765
-0.0263303
-0.0256501
-0.0247749
-0.02394
-0.0229379
-0.022023
-0.0210359
-0.020188
-0.0191979
-0.0182879
-0.01723
-0.0163248
-0.0151074
-0.0141125
-0.0128169
-0.0106604
-0.00847676
-0.00701818
-0.00627478
-0.00588284
-0.00568097
-0.00554768
-0.00547801
-0.0053948
-0.00532887
-0.00522487
-0.00516137
-0.00508428
-0.00504336
-0.00496392
-0.00491279
-0.00482228
-0.00477218
-0.00468458
-0.0046235
-0.0045347
-0.0044978
-0.00447235
-0.0044768
-0.00449833
-0.00452227
-0.00452477
-0.00453995
-0.00451539
-0.00451663
-0.00447749
-0.0044598
-0.00441092
-0.00441091
-0.00441633
-0.00446964
-0.00451493
-0.00458072
-0.00463098
-0.00470264
-0.00474667
-0.00481642
-0.00485523
-0.00492372
-0.0049576
-0.00502326
-0.00505551
-0.00510973
-0.00514057
-0.00518503
-0.00521631
-0.00526086
-0.00530814
-0.0053546
-0.005414
-0.00547096
-0.00554031
-0.00560946
-0.00569344
-0.00574787
-0.00576158
-0.00539561
-0.00342732
-0.000129268
0.00248709
0.00375272
0.004188
0.0040618
0.00377677
0.00341598
0.00308131
0.0027199
0.00250298
0.00197751
0.00295425
-0.000470323
-0.0126047
-0.0241616
-0.0289986
-0.0300039
-0.0297729
-0.02913
-0.028437
-0.0276853
-0.0270718
-0.0263304
-0.0256455
-0.024774
-0.0239361
-0.0229378
-0.0220194
-0.0210368
-0.0201834
-0.0191984
-0.0182839
-0.01723
-0.0163166
-0.0150977
-0.0141051
-0.0128504
-0.0107093
-0.00851305
-0.00703575
-0.00628061
-0.00588577
-0.00568146
-0.00554832
-0.00547748
-0.00539546
-0.00532829
-0.005226
-0.00516109
-0.0050851
-0.00504283
-0.0049647
-0.0049122
-0.00482316
-0.00477164
-0.00468563
-0.00462312
-0.00453603
-0.00449806
-0.00447322
-0.004477
-0.00449861
-0.00452173
-0.00452491
-0.00453909
-0.00451577
-0.00451579
-0.00447818
-0.00445917
-0.00441202
-0.00441095
-0.00441707
-0.00446974
-0.00451531
-0.00458063
-0.00463132
-0.00470256
-0.00474704
-0.00481635
-0.00485562
-0.00492366
-0.004958
-0.00502319
-0.00505587
-0.00510963
-0.00514088
-0.00518487
-0.00521656
-0.00526067
-0.00530833
-0.00535439
-0.00541415
-0.00547069
-0.00554045
-0.00560928
-0.00569429
-0.00575048
-0.00577606
-0.00543391
-0.00350922
-0.000134926
0.00255554
0.00379068
0.00420567
0.00406775
0.00377708
0.003416
0.00307877
0.00271709
0.00248556
0.0019545
0.00278311
-0.00063912
-0.0125133
-0.0239714
-0.028869
-0.0299446
-0.0297484
-0.0291222
-0.028432
-0.0276858
-0.0270672
-0.0263305
-0.025641
-0.0247731
-0.0239323
-0.0229377
-0.022016
-0.0210376
-0.0201789
-0.0191987
-0.0182801
-0.0172299
-0.0163082
-0.0150887
-0.0140981
-0.0128818
-0.0107574
-0.00854957
-0.0070537
-0.00628668
-0.00588867
-0.00568197
-0.0055489
-0.00547693
-0.00539606
-0.00532769
-0.00522708
-0.00516078
-0.00508584
-0.00504228
-0.0049654
-0.00491158
-0.00482395
-0.00477108
-0.00468661
-0.00462274
-0.00453732
-0.00449834
-0.00447408
-0.00447719
-0.00449889
-0.00452121
-0.00452504
-0.00453826
-0.00451617
-0.004515
-0.00447887
-0.0044586
-0.00441312
-0.00441102
-0.00441779
-0.00446981
-0.00451564
-0.00458049
-0.00463158
-0.00470242
-0.00474733
-0.00481623
-0.00485594
-0.00492356
-0.00495834
-0.0050231
-0.0050562
-0.00510952
-0.0051412
-0.00518473
-0.00521682
-0.0052605
-0.00530854
-0.0053542
-0.00541433
-0.00547044
-0.00554061
-0.00560913
-0.00569515
-0.00575311
-0.00579069
-0.00547351
-0.00359465
-0.000140542
0.00262568
0.00382964
0.0042234
0.0040737
0.00377737
0.00341592
0.0030762
0.00271426
0.00246828
0.00193155
0.00261821
-0.000803404
-0.0124268
-0.0237854
-0.0287418
-0.0298862
-0.0297243
-0.0291144
-0.0284271
-0.0276862
-0.0270628
-0.0263305
-0.0256367
-0.0247722
-0.0239287
-0.0229376
-0.0220128
-0.0210383
-0.0201746
-0.0191988
-0.0182764
-0.0172298
-0.0162999
-0.0150802
-0.0140912
-0.0129108
-0.0108044
-0.00858626
-0.00707215
-0.00629309
-0.00589161
-0.00568248
-0.00554943
-0.00547638
-0.00539659
-0.00532712
-0.00522812
-0.00516049
-0.00508649
-0.00504173
-0.00496601
-0.00491096
-0.00482467
-0.00477052
-0.00468749
-0.00462238
-0.00453855
-0.00449865
-0.00447491
-0.0044774
-0.00449916
-0.00452073
-0.00452518
-0.0045375
-0.00451655
-0.00451429
-0.00447955
-0.00445811
-0.00441421
-0.00441112
-0.00441848
-0.00446988
-0.00451592
-0.00458031
-0.00463178
-0.00470223
-0.00474756
-0.00481606
-0.0048562
-0.00492343
-0.00495864
-0.00502298
-0.0050565
-0.0051094
-0.00514149
-0.00518457
-0.00521706
-0.00526033
-0.00530872
-0.00535401
-0.00541448
-0.0054702
-0.00554075
-0.00560899
-0.00569598
-0.0057557
-0.0058052
-0.00551418
-0.00368249
-0.000146829
0.00269696
0.00386948
0.00424116
0.00407967
0.00377765
0.0034157
0.0030736
0.00271143
0.00245139
0.00190896
0.00246029
-0.000962569
-0.0123459
-0.0236048
-0.0286176
-0.029829
-0.0297007
-0.0291067
-0.0284224
-0.0276866
-0.0270585
-0.0263304
-0.0256326
-0.0247712
-0.0239251
-0.0229374
-0.0220097
-0.0210388
-0.0201704
-0.0191989
-0.0182729
-0.0172295
-0.0162917
-0.0150722
-0.0140844
-0.0129366
-0.0108497
-0.00862299
-0.00709121
-0.00629994
-0.00589464
-0.00568298
-0.00554997
-0.00547586
-0.00539706
-0.00532656
-0.00522909
-0.00516024
-0.00508707
-0.00504117
-0.00496653
-0.00491036
-0.00482534
-0.00476993
-0.00468826
-0.00462208
-0.00453975
-0.00449898
-0.00447574
-0.00447762
-0.00449944
-0.00452029
-0.00452532
-0.0045368
-0.00451695
-0.00451367
-0.00448023
-0.0044577
-0.00441529
-0.00441127
-0.00441915
-0.00446993
-0.00451615
-0.0045801
-0.00463191
-0.004702
-0.00474771
-0.00481585
-0.0048564
-0.00492326
-0.00495888
-0.00502285
-0.00505675
-0.00510927
-0.00514172
-0.00518439
-0.00521726
-0.00526016
-0.00530889
-0.00535382
-0.00541462
-0.00546998
-0.00554088
-0.00560885
-0.00569678
-0.00575822
-0.00581942
-0.00555573
-0.00377175
-0.0001538
0.00276861
0.00390994
0.00425891
0.00408562
0.00377798
0.00341545
0.00307112
0.00270873
0.00243523
0.00188709
0.0023101
-0.00111601
-0.012271
-0.0234302
-0.0284969
-0.0297733
-0.0296777
-0.029099
-0.0284179
-0.0276868
-0.0270545
-0.0263303
-0.0256286
-0.0247701
-0.0239217
-0.0229371
-0.0220068
-0.0210392
-0.0201665
-0.019199
-0.0182695
-0.0172292
-0.0162839
-0.0150646
-0.0140774
-0.0129592
-0.010893
-0.00865962
-0.00711094
-0.0063073
-0.00589781
-0.00568351
-0.00555052
-0.00547539
-0.00539746
-0.00532603
-0.00522996
-0.00515998
-0.00508756
-0.0050406
-0.00496696
-0.00490976
-0.00482599
-0.00476934
-0.00468894
-0.00462185
-0.00454091
-0.00449932
-0.00447655
-0.00447789
-0.00449973
-0.00451991
-0.00452547
-0.0045362
-0.00451736
-0.00451314
-0.00448089
-0.00445737
-0.00441632
-0.00441142
-0.00441974
-0.00446993
-0.0045163
-0.00457981
-0.00463194
-0.00470169
-0.00474778
-0.00481559
-0.00485653
-0.00492307
-0.00495909
-0.00502271
-0.00505699
-0.00510915
-0.00514194
-0.00518426
-0.00521746
-0.00526003
-0.00530907
-0.00535368
-0.00541478
-0.00546981
-0.00554103
-0.00560878
-0.00569757
-0.00576067
-0.00583317
-0.00559802
-0.0038615
-0.000161185
0.00283975
0.00395066
0.00427657
0.00409158
0.0037785
0.00341535
0.00306895
0.00270629
0.00242008
0.0018663
0.00216832
-0.0012631
-0.0122024
-0.0232625
-0.0283803
-0.0297192
-0.0296552
-0.0290915
-0.0284136
-0.027687
-0.0270507
-0.0263301
-0.0256249
-0.0247692
-0.0239186
-0.022937
-0.0220042
-0.0210397
-0.0201628
-0.019199
-0.0182664
-0.0172288
-0.0162764
-0.0150577
-0.0140704
-0.0129783
-0.0109342
-0.00869601
-0.00713136
-0.00631525
-0.00590113
-0.00568412
-0.00555108
-0.00547497
-0.00539778
-0.00532552
-0.00523074
-0.0051597
-0.00508798
-0.00504002
-0.00496729
-0.00490917
-0.00482659
-0.00476878
-0.00468955
-0.00462169
-0.00454203
-0.0044997
-0.00447737
-0.00447819
-0.00450007
-0.00451962
-0.00452566
-0.0045357
-0.00451778
-0.0045127
-0.00448152
-0.00445709
-0.00441728
-0.00441153
-0.00442024
-0.00446986
-0.00451633
-0.00457944
-0.00463185
-0.0047013
-0.00474774
-0.00481528
-0.0048566
-0.00492286
-0.00495926
-0.00502259
-0.00505721
-0.00510907
-0.00514219
-0.00518421
-0.00521771
-0.00525997
-0.00530931
-0.00535362
-0.00541501
-0.00546973
-0.00554125
-0.00560877
-0.00569838
-0.00576305
-0.0058463
-0.00564092
-0.00395074
-0.000168709
0.00290949
0.00399138
0.00429406
0.00409763
0.0037793
0.00341545
0.00306712
0.00270409
0.00240602
0.00184672
0.00203538
-0.00140348
-0.0121403
-0.0231025
-0.0282681
-0.0296669
-0.0296335
-0.0290842
-0.0284096
-0.0276871
-0.0270472
-0.0263299
-0.0256216
-0.0247682
-0.0239158
-0.0229368
-0.0220019
-0.0210401
-0.0201595
-0.019199
-0.0182636
-0.0172284
-0.0162693
-0.0150514
-0.0140632
-0.0129939
-0.010973
-0.00873197
-0.00715245
-0.00632382
-0.00590465
-0.00568487
-0.00555164
-0.0054746
-0.00539805
-0.00532506
-0.00523144
-0.00515943
-0.00508833
-0.00503946
-0.00496754
-0.00490861
-0.00482709
-0.00476827
-0.00469009
-0.00462159
-0.00454313
-0.00450012
-0.00447819
-0.00447856
-0.00450044
-0.00451942
-0.00452589
-0.00453531
-0.00451821
-0.00451236
-0.00448212
-0.00445687
-0.00441816
-0.00441162
-0.00442064
-0.00446971
-0.00451625
-0.00457898
-0.00463165
-0.00470084
-0.00474763
-0.00481493
-0.00485662
-0.00492266
-0.00495942
-0.00502249
-0.00505745
-0.00510905
-0.00514246
-0.00518421
-0.005218
-0.00526
-0.0053096
-0.00535365
-0.00541528
-0.00546974
-0.00554152
-0.00560885
-0.00569919
-0.00576535
-0.00585862
-0.00568429
-0.00403843
-0.000176034
0.00297702
0.00403185
0.00431133
0.00410387
0.00378043
0.00341578
0.00306559
0.00270207
0.00239301
0.00182841
0.00191144
-0.00153689
-0.012085
-0.0229506
-0.0281607
-0.0296165
-0.0296127
-0.0290771
-0.0284058
-0.0276872
-0.0270441
-0.0263297
-0.0256185
-0.0247674
-0.0239132
-0.0229367
-0.0219999
-0.0210406
-0.0201565
-0.0191991
-0.018261
-0.017228
-0.0162626
-0.0150455
-0.0140558
-0.0130061
-0.0110092
-0.00876734
-0.0071741
-0.00633296
-0.00590836
-0.00568574
-0.0055522
-0.00547429
-0.00539828
-0.00532463
-0.00523206
-0.00515917
-0.00508861
-0.00503891
-0.00496771
-0.00490807
-0.00482745
-0.00476784
-0.00469061
-0.00462152
-0.0045442
-0.00450058
-0.00447902
-0.00447898
-0.00450085
-0.00451931
-0.00452614
-0.00453501
-0.00451865
-0.00451211
-0.00448268
-0.0044567
-0.00441896
-0.00441167
-0.00442095
-0.00446949
-0.00451607
-0.00457844
-0.00463136
-0.00470033
-0.00474744
-0.00481457
-0.0048566
-0.00492246
-0.00495956
-0.00502242
-0.00505769
-0.00510906
-0.00514275
-0.00518426
-0.00521831
-0.00526007
-0.00530991
-0.00535372
-0.00541558
-0.0054698
-0.00554181
-0.00560896
-0.00569997
-0.00576754
-0.00586997
-0.00572801
-0.00412351
-0.000182522
0.00304156
0.00407186
0.00432821
0.00411024
0.00378184
0.00341626
0.00306429
0.00270016
0.00238094
0.00181125
0.00179623
-0.00166338
-0.012036
-0.0228071
-0.0280582
-0.0295682
-0.0295927
-0.0290702
-0.0284023
-0.0276872
-0.0270413
-0.0263296
-0.0256158
-0.0247666
-0.0239109
-0.0229367
-0.0219981
-0.0210409
-0.0201537
-0.019199
-0.0182586
-0.0172275
-0.0162563
-0.0150401
-0.0140484
-0.0130152
-0.0110429
-0.00880199
-0.0071962
-0.00634262
-0.00591223
-0.00568672
-0.00555274
-0.00547399
-0.00539843
-0.00532421
-0.00523258
-0.00515889
-0.00508878
-0.00503835
-0.00496779
-0.00490753
-0.0048277
-0.00476748
-0.00469109
-0.0046215
-0.00454522
-0.00450107
-0.00447984
-0.00447943
-0.00450128
-0.00451926
-0.00452641
-0.00453479
-0.00451907
-0.00451191
-0.00448318
-0.00445655
-0.00441966
-0.00441167
-0.00442114
-0.00446919
-0.00451578
-0.00457783
-0.00463097
-0.00469976
-0.00474719
-0.00481418
-0.00485655
-0.00492226
-0.00495969
-0.00502236
-0.00505792
-0.00510909
-0.00514301
-0.00518432
-0.0052186
-0.00526014
-0.0053102
-0.0053538
-0.00541585
-0.00546987
-0.00554208
-0.00560908
-0.00570068
-0.00576958
-0.00588025
-0.00577233
-0.00420522
-0.000186842
0.00310296
0.00411133
0.0043448
0.0041168
0.00378359
0.00341699
0.00306328
0.00269841
0.00236974
0.00179515
0.00168919
-0.00178307
-0.0119928
-0.0226715
-0.0279604
-0.0295219
-0.0295735
-0.0290637
-0.0283991
-0.0276873
-0.0270387
-0.0263296
-0.0256134
-0.024766
-0.023909
-0.0229367
-0.0219967
-0.0210414
-0.0201514
-0.0191991
-0.0182565
-0.0172271
-0.0162504
-0.0150353
-0.014041
-0.0130217
-0.0110743
-0.00883598
-0.00721865
-0.00635272
-0.00591627
-0.0056878
-0.00555328
-0.00547373
-0.00539852
-0.00532381
-0.00523301
-0.0051586
-0.00508888
-0.00503779
-0.00496778
-0.00490699
-0.00482789
-0.00476715
-0.00469153
-0.00462152
-0.00454621
-0.00450159
-0.00448066
-0.00447991
-0.00450173
-0.00451926
-0.00452669
-0.00453463
-0.00451949
-0.00451177
-0.00448363
-0.00445641
-0.00442028
-0.00441162
-0.00442123
-0.00446882
-0.0045154
-0.00457717
-0.00463051
-0.00469917
-0.0047469
-0.00481379
-0.00485649
-0.00492209
-0.00495981
-0.00502234
-0.00505815
-0.00510914
-0.00514328
-0.0051844
-0.00521888
-0.00526023
-0.00531048
-0.0053539
-0.00541612
-0.00546996
-0.00554234
-0.0056092
-0.00570134
-0.00577148
-0.00588949
-0.00581808
-0.00428303
-0.000186549
0.0031622
0.00415084
0.00436199
0.00412437
0.00378656
0.00341885
0.00306341
0.00269763
0.00235993
0.00178034
0.00158996
-0.00189563
-0.0119534
-0.0225424
-0.0278662
-0.0294767
-0.0295545
-0.0290568
-0.0283957
-0.027687
-0.0270362
-0.0263294
-0.0256113
-0.0247655
-0.0239074
-0.0229371
-0.0219959
-0.0210424
-0.0201497
-0.0191998
-0.0182553
-0.0172273
-0.0162457
-0.0150316
-0.0140344
-0.0130268
-0.0111041
-0.00886982
-0.00724178
-0.00636366
-0.00592092
-0.00568941
-0.00555421
-0.00547387
-0.0053989
-0.00532372
-0.00523364
-0.00515855
-0.00508914
-0.00503743
-0.00496792
-0.00490666
-0.0048282
-0.00476704
-0.0046921
-0.00462177
-0.00454733
-0.00450232
-0.00448165
-0.00448061
-0.00450238
-0.0045195
-0.00452716
-0.00453471
-0.00452006
-0.00451183
-0.0044842
-0.00445644
-0.00442094
-0.00441166
-0.00442137
-0.0044685
-0.00451506
-0.00457656
-0.0046301
-0.00469866
-0.00474671
-0.00481356
-0.00485659
-0.00492214
-0.00496018
-0.0050226
-0.00505868
-0.00510954
-0.0051439
-0.00518488
-0.00521955
-0.00526074
-0.00531115
-0.00535441
-0.00541677
-0.00547044
-0.00554295
-0.00560968
-0.00570227
-0.00577358
-0.00589803
-0.00586428
-0.00435431
-0.000190319
0.00321466
0.00418983
0.0043804
0.00413337
0.00379083
0.00342168
0.00306435
0.00269739
0.00235046
0.00176546
0.00149743
-0.00200068
-0.0119163
-0.0224192
-0.0277756
-0.0294331
-0.0295363
-0.0290504
-0.0283928
-0.0276871
-0.0270345
-0.0263299
-0.0256101
-0.0247657
-0.0239061
-0.0229373
-0.0219952
-0.0210433
-0.0201484
-0.0192007
-0.0182545
-0.0172279
-0.0162417
-0.0150289
-0.0140291
-0.0130311
-0.0111324
-0.00890332
-0.00726536
-0.00637526
-0.0059261
-0.00569153
-0.0055556
-0.00547446
-0.00539964
-0.005324
-0.00523454
-0.00515877
-0.00508959
-0.00503729
-0.00496817
-0.00490649
-0.00482861
-0.00476706
-0.00469275
-0.00462215
-0.00454855
-0.00450318
-0.00448276
-0.00448145
-0.00450317
-0.00451992
-0.0045278
-0.004535
-0.00452081
-0.00451212
-0.00448493
-0.00445667
-0.00442174
-0.00441185
-0.0044216
-0.00446828
-0.00451477
-0.004576
-0.00462968
-0.00469815
-0.00474648
-0.00481329
-0.00485665
-0.00492216
-0.00496051
-0.00502289
-0.00505924
-0.00511002
-0.00514462
-0.0051855
-0.00522038
-0.00526147
-0.00531206
-0.00535521
-0.00541772
-0.00547124
-0.00554389
-0.00561049
-0.00570353
-0.00577592
-0.00590672
-0.00590111
-0.00441276
-0.000197899
0.00326042
0.00422797
0.00439857
0.00414146
0.00379389
0.00342306
0.00306378
0.00269553
0.00233965
0.00174941
0.0014089
-0.00210158
-0.0118833
-0.0223029
-0.02769
-0.0293925
-0.0295201
-0.0290455
-0.0283913
-0.0276884
-0.0270337
-0.0263312
-0.0256096
-0.0247662
-0.0239049
-0.0229374
-0.0219942
-0.0210436
-0.0201465
-0.0192007
-0.0182529
-0.0172275
-0.0162368
-0.0150255
-0.0140233
-0.0130339
-0.0111586
-0.00893502
-0.00728769
-0.00638591
-0.0059304
-0.00569285
-0.00555621
-0.00547437
-0.00539974
-0.00532373
-0.00523489
-0.00515853
-0.00508957
-0.00503675
-0.00496803
-0.00490598
-0.00482864
-0.00476677
-0.00469303
-0.0046222
-0.00454937
-0.00450367
-0.00448347
-0.00448191
-0.00450357
-0.00451996
-0.00452802
-0.00453491
-0.00452114
-0.00451205
-0.00448526
-0.00445659
-0.00442221
-0.00441179
-0.0044216
-0.00446787
-0.00451432
-0.00457531
-0.00462915
-0.00469753
-0.0047461
-0.00481285
-0.00485646
-0.00492189
-0.00496047
-0.00502271
-0.00505925
-0.0051099
-0.00514466
-0.0051854
-0.00522044
-0.00526141
-0.00531216
-0.00535521
-0.00541786
-0.00547128
-0.00554409
-0.00561061
-0.00570414
-0.0057776
-0.00591466
-0.00593909
-0.00446838
-0.000198591
0.0033054
0.00426614
0.00441612
0.00414834
0.00379565
0.00342314
0.00306198
0.00269241
0.00232827
0.00173331
0.00132309
-0.00220042
-0.0118539
-0.0221918
-0.027608
-0.029354
-0.0295053
-0.0290416
-0.0283906
-0.02769
-0.0270334
-0.0263326
-0.025609
-0.0247667
-0.0239043
-0.0229381
-0.0219937
-0.0210441
-0.0201445
-0.0192005
-0.0182509
-0.0172263
-0.0162312
-0.0150215
-0.0140171
-0.013036
-0.0111834
-0.00896509
-0.00730856
-0.00639543
-0.00593374
-0.00569328
-0.00555597
-0.00547352
-0.0053991
-0.00532283
-0.00523465
-0.00515777
-0.00508908
-0.0050358
-0.00496749
-0.00490513
-0.00482833
-0.00476617
-0.00469298
-0.00462197
-0.00454988
-0.00450385
-0.00448386
-0.00448203
-0.00450363
-0.00451966
-0.00452789
-0.00453449
-0.00452112
-0.00451165
-0.00448524
-0.00445623
-0.00442238
-0.00441147
-0.00442136
-0.00446729
-0.00451374
-0.00457454
-0.00462855
-0.00469686
-0.00474568
-0.00481237
-0.0048562
-0.00492152
-0.00496026
-0.00502233
-0.00505898
-0.00510942
-0.00514426
-0.0051848
-0.00521993
-0.00526073
-0.00531157
-0.00535449
-0.00541726
-0.00547057
-0.00554353
-0.00561
-0.00570403
-0.00577864
-0.00592134
-0.00598967
-0.00452891
-0.000190764
0.00335088
0.00430507
0.00443475
0.00415628
0.0037985
0.00342422
0.00306112
0.00269006
0.00231776
0.00171781
0.00124013
-0.0022958
-0.0118244
-0.0220826
-0.027527
-0.0293157
-0.0294904
-0.0290374
-0.0283898
-0.0276916
-0.027033
-0.026334
-0.0256087
-0.0247675
-0.023904
-0.0229392
-0.0219938
-0.0210452
-0.0201433
-0.0192009
-0.0182497
-0.0172259
-0.0162264
-0.0150184
-0.0140123
-0.0130394
-0.0112085
-0.00899505
-0.00732925
-0.00640497
-0.00593727
-0.00569399
-0.005556
-0.00547295
-0.00539869
-0.00532218
-0.00523461
-0.00515721
-0.00508873
-0.005035
-0.00496706
-0.00490441
-0.00482812
-0.00476569
-0.00469301
-0.00462185
-0.0045505
-0.00450416
-0.00448437
-0.00448231
-0.00450383
-0.00451953
-0.00452792
-0.00453425
-0.00452127
-0.00451146
-0.0044854
-0.00445609
-0.00442273
-0.00441133
-0.00442128
-0.00446686
-0.00451327
-0.00457387
-0.00462804
-0.00469629
-0.00474535
-0.004812
-0.00485607
-0.0049213
-0.00496023
-0.00502216
-0.00505895
-0.00510922
-0.00514415
-0.00518452
-0.00521974
-0.00526038
-0.00531131
-0.0053541
-0.00541697
-0.00547017
-0.00554325
-0.00560966
-0.00570415
-0.00578001
-0.00592801
-0.00604438
-0.00458632
-0.000175757
0.0033975
0.00434506
0.00445461
0.00416545
0.00380249
0.00342634
0.0030612
0.00268845
0.00230785
0.00170245
0.00115914
-0.00238793
-0.0117939
-0.0219741
-0.0274465
-0.0292775
-0.0294754
-0.029033
-0.0283887
-0.0276929
-0.0270326
-0.0263354
-0.0256085
-0.0247685
-0.023904
-0.0229407
-0.0219944
-0.0210468
-0.0201427
-0.0192019
-0.0182491
-0.017226
-0.0162223
-0.0150162
-0.0140091
-0.0130447
-0.0112345
-0.00902499
-0.00734969
-0.0064144
-0.00594094
-0.00569492
-0.0055563
-0.00547264
-0.00539853
-0.00532176
-0.00523479
-0.00515686
-0.00508856
-0.00503438
-0.00496679
-0.00490384
-0.00482805
-0.00476534
-0.00469315
-0.00462187
-0.00455124
-0.00450459
-0.00448499
-0.00448268
-0.00450414
-0.00451951
-0.00452805
-0.00453413
-0.00452154
-0.00451142
-0.00448564
-0.00445615
-0.00442322
-0.00441136
-0.00442138
-0.0044666
-0.00451297
-0.00457337
-0.00462768
-0.00469587
-0.00474517
-0.00481178
-0.00485609
-0.00492126
-0.00496039
-0.00502221
-0.00505915
-0.00510929
-0.00514433
-0.00518455
-0.00521988
-0.00526037
-0.0053114
-0.00535406
-0.00541702
-0.0054701
-0.00554329
-0.00560962
-0.00570456
-0.00578182
-0.0059349
-0.00610246
-0.00464105
-0.000156289
0.0034451
0.00438603
0.00447521
0.00417529
0.00380693
0.00342875
0.00306146
0.0026868
0.00229771
0.00168643
0.00107917
-0.00247748
-0.0117624
-0.0218665
-0.0273669
-0.0292398
-0.0294608
-0.0290289
-0.028388
-0.0276945
-0.0270324
-0.026337
-0.0256085
-0.0247696
-0.0239043
-0.0229424
-0.0219953
-0.0210486
-0.0201422
-0.0192031
-0.0182486
-0.0172262
-0.0162183
-0.0150144
-0.014007
-0.0130516
-0.0112609
-0.00905453
-0.0073694
-0.00642323
-0.00594428
-0.00569568
-0.00555649
-0.00547228
-0.00539831
-0.00532134
-0.00523497
-0.0051565
-0.00508839
-0.00503376
-0.00496651
-0.00490327
-0.00482796
-0.00476497
-0.00469324
-0.00462184
-0.00455194
-0.00450497
-0.00448556
-0.00448301
-0.00450439
-0.00451943
-0.00452812
-0.00453396
-0.00452176
-0.00451135
-0.00448583
-0.00445627
-0.00442375
-0.00441146
-0.00442156
-0.00446643
-0.00451276
-0.00457295
-0.0046274
-0.00469551
-0.00474503
-0.00481158
-0.00485612
-0.00492121
-0.00496053
-0.00502223
-0.00505932
-0.00510932
-0.00514448
-0.00518455
-0.00521998
-0.00526033
-0.00531146
-0.005354
-0.00541706
-0.00547002
-0.00554332
-0.0056096
-0.00570501
-0.00578386
-0.00594191
-0.00616517
-0.00469631
-0.00013257
0.00349435
0.00442849
0.00449664
0.0041858
0.0038118
0.00343143
0.00306185
0.00268508
0.00228728
0.00166973
0.00100009
-0.00256441
-0.0117295
-0.0217595
-0.0272882
-0.0292028
-0.0294466
-0.0290252
-0.0283876
-0.0276964
-0.0270325
-0.0263389
-0.0256088
-0.024771
-0.0239048
-0.0229443
-0.0219963
-0.0210504
-0.0201417
-0.0192043
-0.0182481
-0.0172264
-0.0162142
-0.015013
-0.014006
-0.0130603
-0.0112881
-0.00908365
-0.00738831
-0.0064314
-0.00594726
-0.00569623
-0.00555655
-0.00547185
-0.00539804
-0.00532088
-0.00523513
-0.00515615
-0.00508822
-0.00503313
-0.00496622
-0.00490269
-0.00482785
-0.00476458
-0.00469329
-0.00462179
-0.0045526
-0.00450531
-0.00448608
-0.00448328
-0.00450458
-0.00451929
-0.00452813
-0.00453374
-0.00452194
-0.00451126
-0.00448599
-0.00445641
-0.00442432
-0.00441162
-0.00442181
-0.00446635
-0.00451264
-0.00457262
-0.00462718
-0.00469521
-0.00474492
-0.00481141
-0.00485614
-0.00492114
-0.00496064
-0.00502221
-0.00505945
-0.00510931
-0.00514458
-0.00518452
-0.00522005
-0.00526026
-0.0053115
-0.00535391
-0.00541707
-0.00546993
-0.00554335
-0.00560956
-0.00570549
-0.00578612
-0.00594907
-0.00623338
-0.00475351
-0.000104502
0.00354576
0.00447287
0.00451904
0.00419698
0.00381713
0.00343443
0.00306246
0.00268339
0.0022767
0.00165254
0.000922153
-0.0026485
-0.0116952
-0.0216531
-0.0272104
-0.0291665
-0.0294328
-0.0290217
-0.0283875
-0.0276984
-0.0270327
-0.0263408
-0.0256092
-0.0247725
-0.0239053
-0.0229463
-0.0219976
-0.0210524
-0.0201414
-0.0192055
-0.0182478
-0.0172266
-0.0162101
-0.0150121
-0.0140064
-0.013071
-0.0113159
-0.0091124
-0.00740645
-0.00643892
-0.0059499
-0.0056966
-0.00555652
-0.00547137
-0.00539773
-0.00532043
-0.00523531
-0.00515581
-0.00508806
-0.00503253
-0.00496595
-0.00490213
-0.00482776
-0.00476419
-0.00469332
-0.00462173
-0.00455324
-0.00450562
-0.00448657
-0.00448352
-0.00450472
-0.0045191
-0.00452809
-0.00453348
-0.00452208
-0.00451115
-0.00448618
-0.00445654
-0.00442496
-0.00441185
-0.00442215
-0.00446635
-0.0045126
-0.00457238
-0.00462704
-0.00469496
-0.00474486
-0.00481125
-0.00485618
-0.00492107
-0.00496074
-0.00502218
-0.00505957
-0.00510928
-0.00514468
-0.00518448
-0.00522013
-0.00526021
-0.00531155
-0.00535386
-0.00541711
-0.00546987
-0.0055434
-0.00560958
-0.00570605
-0.00578864
-0.00595635
-0.00630755
-0.00481318
-7.20162e-05
0.0035997
0.00451922
0.00454229
0.00420871
0.00382287
0.00343775
0.00306333
0.00268181
0.00226612
0.00163513
0.000845778
-0.00272937
-0.0116594
-0.0215475
-0.0271337
-0.0291308
-0.0294193
-0.0290184
-0.0283875
-0.0277005
-0.027033
-0.0263429
-0.0256097
-0.0247741
-0.0239061
-0.0229484
-0.021999
-0.0210544
-0.0201412
-0.0192068
-0.0182474
-0.0172268
-0.0162062
-0.0150116
-0.014008
-0.0130835
-0.0113443
-0.00914074
-0.00742382
-0.0064458
-0.0059522
-0.00569681
-0.0055564
-0.00547084
-0.00539738
-0.00531997
-0.00523549
-0.00515549
-0.00508792
-0.00503194
-0.0049657
-0.00490159
-0.00482768
-0.00476381
-0.00469333
-0.00462166
-0.00455387
-0.00450593
-0.00448704
-0.00448372
-0.00450482
-0.00451888
-0.004528
-0.00453318
-0.0045222
-0.00451101
-0.00448639
-0.00445664
-0.00442564
-0.00441213
-0.00442255
-0.00446643
-0.00451263
-0.00457219
-0.00462695
-0.00469475
-0.00474481
-0.00481111
-0.00485621
-0.004921
-0.00496083
-0.00502215
-0.00505968
-0.00510927
-0.00514479
-0.00518448
-0.00522024
-0.0052602
-0.00531166
-0.00535385
-0.00541721
-0.00546987
-0.00554352
-0.00560967
-0.0057067
-0.00579143
-0.00596368
-0.00638769
-0.00487607
-3.5292e-05
0.00365637
0.00456748
0.00456615
0.00422082
0.00382887
0.00344128
0.00306442
0.00268036
0.00225567
0.00161767
0.000771405
-0.00280678
-0.0116225
-0.0214432
-0.0270584
-0.0290959
-0.0294063
-0.0290153
-0.0283877
-0.0277027
-0.0270335
-0.0263451
-0.0256104
-0.0247759
-0.023907
-0.0229507
-0.0220006
-0.0210566
-0.0201411
-0.0192082
-0.0182472
-0.017227
-0.0162024
-0.0150115
-0.0140109
-0.0130978
-0.0113733
-0.00916864
-0.00744043
-0.00645208
-0.00595414
-0.00569688
-0.00555616
-0.00547025
-0.00539698
-0.00531949
-0.00523565
-0.00515518
-0.00508777
-0.00503136
-0.00496546
-0.00490107
-0.0048276
-0.00476343
-0.00469332
-0.00462159
-0.00455448
-0.00450622
-0.00448749
-0.0044839
-0.00450489
-0.00451862
-0.00452788
-0.00453285
-0.00452228
-0.00451084
-0.00448657
-0.00445673
-0.00442634
-0.00441245
-0.00442298
-0.00446654
-0.00451271
-0.00457205
-0.00462691
-0.00469458
-0.00474479
-0.00481098
-0.00485625
-0.00492092
-0.00496091
-0.0050221
-0.00505979
-0.00510926
-0.00514492
-0.0051845
-0.00522039
-0.00526024
-0.0053118
-0.00535391
-0.00541737
-0.00546993
-0.00554371
-0.00560984
-0.00570745
-0.00579448
-0.00597092
-0.00647352
-0.00494295
5.26458e-06
0.00371598
0.00461751
0.00459047
0.00423321
0.00383499
0.00344486
0.00306557
0.00267891
0.00224528
0.00160023
0.000699365
-0.00288058
-0.0115847
-0.0213407
-0.026985
-0.0290621
-0.0293938
-0.0290125
-0.0283881
-0.027705
-0.0270341
-0.0263473
-0.0256112
-0.0247777
-0.0239079
-0.022953
-0.0220022
-0.0210588
-0.020141
-0.0192095
-0.018247
-0.0172272
-0.0161987
-0.0150117
-0.0140149
-0.0131135
-0.0114026
-0.00919605
-0.00745628
-0.00645778
-0.00595574
-0.0056968
-0.00555583
-0.00546961
-0.00539653
-0.00531899
-0.00523578
-0.00515487
-0.00508763
-0.0050308
-0.00496522
-0.00490057
-0.00482754
-0.00476307
-0.0046933
-0.00462152
-0.00455507
-0.0045065
-0.00448791
-0.00448405
-0.00450492
-0.00451831
-0.0045277
-0.00453248
-0.00452231
-0.00451063
-0.0044867
-0.0044568
-0.00442702
-0.00441279
-0.00442344
-0.00446669
-0.00451282
-0.00457196
-0.00462689
-0.00469444
-0.00474479
-0.00481087
-0.00485629
-0.00492085
-0.00496098
-0.00502204
-0.00505988
-0.00510923
-0.00514504
-0.00518452
-0.00522054
-0.00526029
-0.00531198
-0.00535398
-0.00541756
-0.00547003
-0.00554393
-0.00561005
-0.00570826
-0.00579771
-0.00597791
-0.00656453
-0.00501424
4.90873e-05
0.00377864
0.00466906
0.00461512
0.00424575
0.00384113
0.00344838
0.00306666
0.00267735
0.00223497
0.00158289
0.000629957
-0.00295065
-0.0115465
-0.0212407
-0.0269139
-0.0290295
-0.0293819
-0.0290099
-0.0283887
-0.0277074
-0.0270349
-0.0263495
-0.0256119
-0.0247795
-0.0239089
-0.0229552
-0.0220039
-0.0210609
-0.020141
-0.0192107
-0.0182467
-0.0172273
-0.016195
-0.0150122
-0.0140201
-0.0131302
-0.011432
-0.00922292
-0.00747139
-0.00646295
-0.00595705
-0.00569656
-0.00555543
-0.00546892
-0.00539603
-0.00531848
-0.00523588
-0.00515457
-0.00508748
-0.00503024
-0.00496499
-0.00490009
-0.00482749
-0.00476272
-0.00469327
-0.00462145
-0.00455563
-0.00450677
-0.00448831
-0.00448416
-0.0045049
-0.00451798
-0.00452747
-0.00453206
-0.00452228
-0.00451037
-0.00448678
-0.00445683
-0.00442766
-0.00441313
-0.0044239
-0.00446686
-0.00451296
-0.0045719
-0.00462691
-0.00469433
-0.00474482
-0.00481078
-0.00485635
-0.00492077
-0.00496104
-0.00502196
-0.00505994
-0.00510918
-0.00514513
-0.00518453
-0.00522068
-0.00526033
-0.00531214
-0.00535407
-0.00541775
-0.00547015
-0.00554415
-0.00561028
-0.0057091
-0.00580106
-0.00598446
-0.00666015
-0.00509003
9.55656e-05
0.00384456
0.00472175
0.00463993
0.0042583
0.00384723
0.00345184
0.00306774
0.00267581
0.00222496
0.00156602
0.000563748
-0.0030166
-0.0115082
-0.0211436
-0.0268453
-0.0289982
-0.0293705
-0.0290076
-0.0283895
-0.0277098
-0.0270357
-0.0263517
-0.0256128
-0.0247813
-0.0239099
-0.0229575
-0.0220057
-0.021063
-0.0201411
-0.0192119
-0.0182464
-0.0172274
-0.0161916
-0.015013
-0.0140262
-0.0131477
-0.0114613
-0.00924919
-0.00748577
-0.00646761
-0.00595812
-0.00569617
-0.00555494
-0.00546819
-0.00539549
-0.00531794
-0.00523593
-0.00515427
-0.00508732
-0.00502969
-0.00496475
-0.00489962
-0.00482744
-0.00476238
-0.00469322
-0.00462139
-0.00455617
-0.00450704
-0.00448868
-0.00448425
-0.00450485
-0.00451761
-0.0045272
-0.00453161
-0.0045222
-0.00451007
-0.00448679
-0.00445682
-0.00442824
-0.00441345
-0.00442435
-0.00446703
-0.0045131
-0.00457186
-0.00462695
-0.00469425
-0.00474485
-0.0048107
-0.0048564
-0.0049207
-0.00496109
-0.00502189
-0.00506
-0.00510913
-0.00514521
-0.00518454
-0.00522082
-0.00526037
-0.00531232
-0.00535414
-0.00541795
-0.00547027
-0.00554438
-0.00561052
-0.00570996
-0.00580447
-0.00599036
-0.00675972
-0.00517028
0.00014413
0.00391405
0.00477529
0.00466475
0.00427069
0.00385323
0.00345525
0.00306887
0.00267436
0.00221537
0.00154977
0.000501171
-0.00307828
-0.0114699
-0.0210501
-0.0267797
-0.0289685
-0.0293598
-0.0290055
-0.0283904
-0.0277123
-0.0270368
-0.0263539
-0.0256138
-0.0247832
-0.023911
-0.0229599
-0.0220075
-0.0210652
-0.0201413
-0.0192131
-0.0182462
-0.0172276
-0.0161884
-0.0150141
-0.0140332
-0.0131656
-0.0114902
-0.00927476
-0.00749944
-0.00647183
-0.00595895
-0.00569565
-0.00555437
-0.00546741
-0.00539487
-0.00531737
-0.00523592
-0.00515396
-0.00508713
-0.00502913
-0.0049645
-0.00489917
-0.0048274
-0.00476204
-0.00469315
-0.00462133
-0.00455666
-0.0045073
-0.00448903
-0.00448431
-0.00450477
-0.00451722
-0.0045269
-0.00453112
-0.00452207
-0.00450973
-0.00448673
-0.00445677
-0.00442875
-0.00441375
-0.00442476
-0.00446717
-0.00451323
-0.00457182
-0.00462699
-0.00469417
-0.0047449
-0.00481063
-0.00485646
-0.00492061
-0.00496113
-0.0050218
-0.00506005
-0.00510907
-0.00514529
-0.00518454
-0.00522094
-0.00526042
-0.00531248
-0.0053542
-0.00541816
-0.00547041
-0.00554462
-0.0056108
-0.00571084
-0.00580793
-0.0059954
-0.00686244
-0.00525499
0.000193898
0.00398701
0.00482933
0.00468945
0.00428278
0.00385899
0.00345844
0.00306988
0.00267283
0.00220611
0.00153411
0.000442407
-0.00313569
-0.0114324
-0.0209608
-0.0267174
-0.0289405
-0.02935
-0.0290038
-0.0283915
-0.0277148
-0.027038
-0.0263561
-0.0256148
-0.0247851
-0.0239122
-0.0229622
-0.0220094
-0.0210672
-0.0201415
-0.0192141
-0.0182459
-0.0172277
-0.0161854
-0.0150153
-0.0140407
-0.0131834
-0.0115184
-0.00929951
-0.0075124
-0.00647563
-0.00595953
-0.00569502
-0.00555372
-0.00546658
-0.00539421
-0.00531677
-0.00523585
-0.00515364
-0.00508692
-0.00502858
-0.00496424
-0.00489872
-0.00482737
-0.00476171
-0.00469307
-0.00462127
-0.00455711
-0.00450755
-0.00448934
-0.00448434
-0.00450465
-0.0045168
-0.00452654
-0.0045306
-0.00452188
-0.00450934
-0.00448659
-0.00445666
-0.00442916
-0.00441399
-0.00442511
-0.00446728
-0.00451333
-0.00457177
-0.00462703
-0.00469411
-0.00474495
-0.00481057
-0.00485652
-0.00492055
-0.00496116
-0.0050217
-0.00506006
-0.00510898
-0.00514533
-0.00518452
-0.00522104
-0.00526042
-0.00531262
-0.00535423
-0.00541833
-0.00547051
-0.00554483
-0.00561104
-0.00571168
-0.00581135
-0.00599936
-0.00696725
-0.0053439
0.000244094
0.00406299
0.0048834
0.0047138
0.00429438
0.00386441
0.00346135
0.00307069
0.00267121
0.00219727
0.00151923
0.000387688
-0.00318867
-0.011396
-0.0208763
-0.0266587
-0.0289143
-0.0293409
-0.0290023
-0.0283928
-0.0277174
-0.0270394
-0.0263583
-0.0256159
-0.024787
-0.0239134
-0.0229644
-0.0220112
-0.0210691
-0.0201418
-0.0192149
-0.0182456
-0.0172276
-0.0161825
-0.0150167
-0.0140485
-0.0132009
-0.0115456
-0.00932333
-0.00752467
-0.00647909
-0.0059599
-0.00569431
-0.00555301
-0.00546573
-0.0053935
-0.00531615
-0.00523571
-0.00515332
-0.0050867
-0.00502803
-0.00496397
-0.0048983
-0.00482733
-0.0047614
-0.00469297
-0.00462122
-0.00455752
-0.0045078
-0.00448963
-0.00448435
-0.0045045
-0.00451636
-0.00452615
-0.00453004
-0.00452162
-0.0045089
-0.00448637
-0.00445648
-0.00442947
-0.00441418
-0.00442541
-0.00446735
-0.00451341
-0.00457172
-0.00462708
-0.00469406
-0.00474502
-0.00481053
-0.00485658
-0.00492047
-0.00496118
-0.00502158
-0.00506005
-0.00510886
-0.00514532
-0.00518444
-0.00522106
-0.00526037
-0.00531267
-0.00535423
-0.00541843
-0.00547055
-0.00554497
-0.00561123
-0.00571244
-0.00581468
-0.00600201
-0.00707308
-0.00543677
0.00029414
0.00414155
0.00493703
0.00473751
0.00430537
0.00386948
0.00346405
0.00307146
0.00266968
0.00218909
0.00150542
0.0003373
-0.00323695
-0.0113611
-0.0207971
-0.026604
-0.02889
-0.0293328
-0.0290013
-0.0283943
-0.02772
-0.0270409
-0.0263604
-0.025617
-0.0247889
-0.0239146
-0.0229666
-0.0220131
-0.021071
-0.0201422
-0.0192157
-0.0182454
-0.0172276
-0.0161798
-0.0150182
-0.0140562
-0.0132177
-0.0115716
-0.0093461
-0.00753626
-0.00648227
-0.00596008
-0.00569352
-0.00555225
-0.00546485
-0.00539276
-0.00531551
-0.00523551
-0.00515299
-0.00508645
-0.00502748
-0.00496369
-0.00489789
-0.00482728
-0.00476111
-0.00469286
-0.00462117
-0.00455788
-0.00450804
-0.00448989
-0.00448432
-0.00450432
-0.00451591
-0.00452573
-0.00452947
-0.00452131
-0.00450841
-0.00448607
-0.00445624
-0.00442966
-0.0044143
-0.00442561
-0.00446736
-0.00451343
-0.00457164
-0.00462709
-0.00469401
-0.00474507
-0.00481049
-0.00485663
-0.0049204
-0.00496118
-0.00502147
-0.00506003
-0.00510873
-0.00514528
-0.00518434
-0.00522105
-0.00526028
-0.00531269
-0.00535419
-0.00541847
-0.00547055
-0.00554507
-0.00561138
-0.00571314
-0.00581788
-0.00600316
-0.00717888
-0.00553325
0.000343142
0.00422177
0.00498982
0.00476037
0.00431566
0.00387414
0.0034665
0.00307216
0.00266826
0.00218165
0.00149279
0.00029145
-0.00328044
-0.0113284
-0.0207239
-0.0265535
-0.028868
-0.0293256
-0.0290006
-0.028396
-0.0277227
-0.0270427
-0.0263625
-0.0256182
-0.0247908
-0.0239158
-0.0229687
-0.0220149
-0.0210728
-0.0201426
-0.0192164
-0.0182451
-0.0172274
-0.0161774
-0.0150197
-0.0140636
-0.0132336
-0.011596
-0.00936767
-0.00754718
-0.00648523
-0.00596009
-0.00569269
-0.00555144
-0.00546394
-0.00539198
-0.00531484
-0.00523523
-0.00515265
-0.00508616
-0.00502694
-0.00496339
-0.00489749
-0.00482722
-0.00476082
-0.00469274
-0.00462112
-0.00455818
-0.00450827
-0.00449011
-0.00448429
-0.00450413
-0.00451546
-0.00452529
-0.00452888
-0.00452095
-0.00450789
-0.00448569
-0.00445592
-0.00442973
-0.00441433
-0.00442573
-0.0044673
-0.00451339
-0.00457152
-0.00462707
-0.00469393
-0.00474511
-0.00481045
-0.00485668
-0.00492033
-0.00496119
-0.00502134
-0.00505999
-0.00510859
-0.00514522
-0.0051842
-0.00522099
-0.00526015
-0.00531263
-0.00535409
-0.00541845
-0.0054705
-0.00554511
-0.00561147
-0.00571374
-0.00582087
-0.00600263
-0.00728342
-0.00563231
0.000390052
0.00430253
0.00504149
0.00478221
0.00432517
0.00387831
0.00346859
0.00307266
0.00266683
0.00217488
0.0014813
0.000250322
-0.00331915
-0.0112984
-0.0206572
-0.0265078
-0.0288483
-0.0293193
-0.0290002
-0.0283977
-0.0277253
-0.0270445
-0.0263645
-0.0256195
-0.0247926
-0.023917
-0.0229706
-0.0220165
-0.0210743
-0.0201429
-0.0192168
-0.0182447
-0.0172272
-0.0161751
-0.0150209
-0.0140703
-0.0132481
-0.0116186
-0.00938789
-0.00755744
-0.00648801
-0.00596
-0.00569185
-0.00555061
-0.00546305
-0.00539118
-0.00531418
-0.00523491
-0.00515231
-0.00508587
-0.00502641
-0.00496308
-0.00489711
-0.00482714
-0.00476056
-0.00469261
-0.00462108
-0.00455844
-0.00450849
-0.00449031
-0.00448423
-0.00450392
-0.00451501
-0.00452483
-0.00452828
-0.00452055
-0.00450734
-0.00448525
-0.00445554
-0.00442967
-0.00441428
-0.00442575
-0.00446717
-0.00451329
-0.00457137
-0.00462702
-0.00469386
-0.00474514
-0.00481042
-0.00485672
-0.00492027
-0.00496118
-0.00502122
-0.00505992
-0.00510843
-0.00514511
-0.00518403
-0.00522087
-0.00525996
-0.00531251
-0.00535391
-0.00541833
-0.00547036
-0.00554506
-0.00561148
-0.00571422
-0.00582359
-0.00600037
-0.00738534
-0.00573254
0.000434039
0.00438279
0.005092
0.00480299
0.0043339
0.00388195
0.00347027
0.00307293
0.00266538
0.00216881
0.00147104
0.000214152
-0.00335307
-0.0112716
-0.0205976
-0.0264671
-0.0288309
-0.0293141
-0.0290001
-0.0283996
-0.0277278
-0.0270463
-0.0263664
-0.0256207
-0.0247942
-0.0239181
-0.0229723
-0.0220179
-0.0210756
-0.0201431
-0.0192169
-0.0182441
-0.0172267
-0.0161729
-0.015022
-0.0140763
-0.0132609
-0.0116391
-0.00940663
-0.00756708
-0.00649068
-0.00595988
-0.00569104
-0.0055498
-0.00546218
-0.0053904
-0.00531353
-0.00523454
-0.00515197
-0.00508556
-0.00502591
-0.00496277
-0.00489675
-0.00482705
-0.00476033
-0.00469247
-0.00462106
-0.00455866
-0.0045087
-0.00449047
-0.00448417
-0.00450369
-0.00451458
-0.00452438
-0.0045277
-0.00452012
-0.00450677
-0.00448475
-0.00445511
-0.0044295
-0.00441414
-0.00442566
-0.00446696
-0.00451312
-0.00457116
-0.00462693
-0.00469376
-0.00474516
-0.00481038
-0.00485678
-0.00492022
-0.00496118
-0.00502109
-0.00505985
-0.00510824
-0.00514496
-0.00518381
-0.00522068
-0.0052597
-0.00531229
-0.00535366
-0.00541812
-0.00547014
-0.0055449
-0.00561139
-0.00571455
-0.00582598
-0.00599651
-0.00748377
-0.00583287
0.000475001
0.00446251
0.00514144
0.00482293
0.00434196
0.00388511
0.00347157
0.003073
0.00266394
0.00216351
0.00146214
0.000183195
-0.00338208
-0.0112482
-0.0205456
-0.0264316
-0.028816
-0.0293097
-0.0290003
-0.0284014
-0.0277302
-0.0270482
-0.0263681
-0.0256218
-0.0247956
-0.023919
-0.0229736
-0.0220191
-0.0210765
-0.0201432
-0.0192168
-0.0182435
-0.0172261
-0.0161709
-0.0150228
-0.0140813
-0.0132719
-0.0116573
-0.00942374
-0.00757612
-0.00649331
-0.0059598
-0.0056903
-0.00554902
-0.00546136
-0.00538965
-0.0053129
-0.00523415
-0.00515165
-0.00508526
-0.00502545
-0.00496246
-0.00489643
-0.00482696
-0.00476013
-0.00469235
-0.00462103
-0.00455883
-0.00450889
-0.00449061
-0.0044841
-0.00450348
-0.00451418
-0.00452394
-0.00452714
-0.00451967
-0.0045062
-0.00448422
-0.00445463
-0.00442923
-0.00441392
-0.00442548
-0.00446668
-0.00451288
-0.00457092
-0.00462679
-0.00469364
-0.00474516
-0.00481036
-0.00485682
-0.0049202
-0.00496117
-0.00502099
-0.00505977
-0.00510805
-0.00514478
-0.00518356
-0.00522045
-0.00525939
-0.00531202
-0.00535334
-0.00541784
-0.00546984
-0.00554467
-0.00561122
-0.00571474
-0.00582798
-0.0059914
-0.00757831
-0.00593393
0.000513573
0.00454288
0.00519074
0.00484274
0.00434971
0.00388794
0.00347256
0.0030729
0.00266258
0.00215906
0.00145467
0.000157654
-0.00340619
-0.0112287
-0.0205015
-0.0264015
-0.0288033
-0.0293062
-0.0290006
-0.0284031
-0.0277324
-0.0270499
-0.0263696
-0.0256227
-0.0247968
-0.0239198
-0.0229746
-0.02202
-0.0210772
-0.0201432
-0.0192165
-0.0182427
-0.0172253
-0.016169
-0.0150233
-0.0140852
-0.0132807
-0.0116729
-0.00943908
-0.00758456
-0.00649598
-0.00595985
-0.00568968
-0.00554831
-0.00546061
-0.00538895
-0.00531232
-0.00523374
-0.00515134
-0.00508497
-0.00502503
-0.00496217
-0.00489614
-0.00482687
-0.00475997
-0.00469223
-0.00462102
-0.00455896
-0.00450906
-0.00449072
-0.00448405
-0.00450327
-0.00451382
-0.00452352
-0.00452662
-0.00451922
-0.00450565
-0.00448367
-0.00445412
-0.00442886
-0.00441363
-0.00442522
-0.00446634
-0.00451258
-0.00457063
-0.00462662
-0.0046935
-0.00474515
-0.00481033
-0.00485688
-0.00492018
-0.0049612
-0.0050209
-0.0050597
-0.00510787
-0.0051446
-0.00518331
-0.00522019
-0.00525906
-0.00531169
-0.00535298
-0.00541749
-0.00546949
-0.00554436
-0.00561098
-0.00571479
-0.00582957
-0.0059856
-0.00766978
-0.00603795
0.000550182
0.004626
0.00524199
0.00486396
0.00435785
0.00389073
0.00347334
0.00307266
0.0026613
0.00215546
0.00144869
0.000137671
-0.00342538
-0.0112131
-0.0204657
-0.0263768
-0.0287929
-0.0293033
-0.0290008
-0.0284046
-0.0277342
-0.0270514
-0.0263708
-0.0256235
-0.0247976
-0.0239203
-0.0229753
-0.0220205
-0.0210775
-0.0201429
-0.019216
-0.0182418
-0.0172245
-0.0161674
-0.0150236
-0.014088
-0.0132876
-0.011686
-0.00945248
-0.00759238
-0.00649875
-0.00596013
-0.00568926
-0.00554773
-0.00545997
-0.00538833
-0.0053118
-0.00523336
-0.00515106
-0.0050847
-0.00502468
-0.00496191
-0.0048959
-0.00482678
-0.00475985
-0.00469214
-0.00462102
-0.00455906
-0.00450921
-0.00449082
-0.00448399
-0.00450309
-0.00451351
-0.00452315
-0.00452615
-0.00451879
-0.00450512
-0.00448313
-0.00445361
-0.00442845
-0.00441328
-0.00442489
-0.00446596
-0.00451224
-0.00457032
-0.00462641
-0.00469335
-0.00474511
-0.00481031
-0.00485693
-0.00492019
-0.00496122
-0.00502085
-0.00505964
-0.00510773
-0.00514443
-0.00518308
-0.00521994
-0.00525873
-0.00531136
-0.0053526
-0.00541712
-0.00546911
-0.00554402
-0.00561068
-0.00571473
-0.00583072
-0.00598005
-0.00776044
-0.0061474
0.000581599
0.00471263
0.00529753
0.00488845
0.00436732
0.00389387
0.00347408
0.00307236
0.00266014
0.00215267
0.00144414
0.000123187
-0.00343959
-0.0112017
-0.0204384
-0.0263576
-0.0287846
-0.0293008
-0.029001
-0.0284057
-0.0277356
-0.0270526
-0.0263717
-0.0256241
-0.0247982
-0.0239205
-0.0229756
-0.0220206
-0.0210774
-0.0201425
-0.0192153
-0.0182409
-0.0172235
-0.0161659
-0.0150235
-0.0140899
-0.0132925
-0.0116963
-0.00946368
-0.00759942
-0.00650159
-0.00596069
-0.00568906
-0.00554731
-0.00545946
-0.00538782
-0.00531137
-0.00523302
-0.00515083
-0.00508448
-0.0050244
-0.0049617
-0.00489571
-0.0048267
-0.00475976
-0.00469208
-0.00462103
-0.00455913
-0.00450933
-0.00449089
-0.00448395
-0.00450293
-0.00451325
-0.00452283
-0.00452574
-0.00451839
-0.00450465
-0.00448262
-0.00445311
-0.004428
-0.00441289
-0.00442452
-0.00446556
-0.00451189
-0.00457
-0.0046262
-0.00469319
-0.00474507
-0.00481029
-0.004857
-0.00492021
-0.00496128
-0.00502082
-0.00505962
-0.00510761
-0.00514429
-0.00518286
-0.0052197
-0.00525841
-0.00531102
-0.00535223
-0.00541673
-0.00546872
-0.00554364
-0.00561035
-0.00571456
-0.00583142
-0.00597603
-0.00784998
-0.00626312
0.000599001
0.00479693
0.00535572
0.00491634
0.00437845
0.00389753
0.00347478
0.00307187
0.00265892
0.00215041
0.0014407
0.000113598
-0.00344906
-0.0111946
-0.0204201
-0.0263443
-0.0287786
-0.0292989
-0.0290009
-0.0284064
-0.0277365
-0.0270534
-0.0263721
-0.0256242
-0.0247982
-0.0239202
-0.0229754
-0.0220203
-0.0210769
-0.0201418
-0.0192143
-0.0182397
-0.0172224
-0.0161646
-0.0150231
-0.0140908
-0.0132957
-0.0117037
-0.00947217
-0.00760518
-0.00650418
-0.00596139
-0.00568903
-0.00554702
-0.00545908
-0.00538742
-0.00531102
-0.00523274
-0.00515063
-0.0050843
-0.00502421
-0.00496155
-0.00489559
-0.00482666
-0.00475972
-0.00469205
-0.00462104
-0.00455916
-0.0045094
-0.0044909
-0.0044839
-0.00450276
-0.00451301
-0.00452252
-0.00452536
-0.00451798
-0.00450418
-0.00448211
-0.00445261
-0.00442751
-0.00441246
-0.00442411
-0.00446515
-0.00451154
-0.0045697
-0.00462599
-0.00469304
-0.00474503
-0.00481028
-0.00485706
-0.00492024
-0.00496135
-0.00502079
-0.00505959
-0.00510749
-0.00514413
-0.00518264
-0.00521944
-0.00525809
-0.00531065
-0.00535185
-0.00541631
-0.00546832
-0.00554322
-0.00560998
-0.0057143
-0.00583165
-0.00597436
-0.00792877
-0.00637991
0.000590393
0.00485016
0.0054029
0.00494208
0.00438902
0.00390094
0.00347521
0.00307109
0.00265751
0.00214843
0.00143801
0.000108093
-0.00345404
-0.0111914
-0.0204112
-0.0263375
-0.0287752
-0.0292977
-0.0290008
-0.0284067
-0.0277368
-0.0270535
-0.026372
-0.0256238
-0.0247977
-0.0239195
-0.0229745
-0.0220193
-0.0210758
-0.0201406
-0.019213
-0.0182384
-0.0172211
-0.0161633
-0.0150223
-0.0140907
-0.0132972
-0.0117078
-0.00947707
-0.0076087
-0.00650583
-0.00596185
-0.005689
-0.00554679
-0.0054588
-0.00538712
-0.00531077
-0.00523252
-0.00515049
-0.00508418
-0.00502409
-0.00496147
-0.00489553
-0.00482664
-0.0047597
-0.00469204
-0.00462103
-0.00455915
-0.00450939
-0.00449083
-0.00448379
-0.00450254
-0.00451274
-0.00452218
-0.00452495
-0.00451753
-0.00450369
-0.00448158
-0.00445207
-0.004427
-0.00441199
-0.00442368
-0.00446474
-0.00451121
-0.00456943
-0.00462582
-0.00469291
-0.00474501
-0.00481026
-0.00485712
-0.00492025
-0.00496138
-0.00502074
-0.00505953
-0.00510734
-0.00514394
-0.00518238
-0.00521914
-0.00525774
-0.00531025
-0.00535144
-0.00541586
-0.00546788
-0.00554277
-0.00560957
-0.00571396
-0.00583153
-0.00597507
-0.0079756
-0.00645888
)
;

boundaryField
{
    inlet
    {
        type            cyclic;
    }
    outlet
    {
        type            cyclic;
    }
    bottomWall
    {
        type            zeroGradient;
    }
    topWall
    {
        type            zeroGradient;
    }
    frontAndBack
    {
        type            empty;
    }
}


// ************************************************************************* //
