/*--------------------------------*- C++ -*----------------------------------*\
  =========                 |
  \\      /  F ield         | OpenFOAM: The Open Source CFD Toolbox
   \\    /   O peration     | Website:  https://openfoam.org
    \\  /    A nd           | Version:  11
     \\/     M anipulation  |
\*---------------------------------------------------------------------------*/
FoamFile
{
    format      ascii;
    class       volVectorField;
    location    "200";
    object      wallShearStress;
}
// * * * * * * * * * * * * * * * * * * * * * * * * * * * * * * * * * * * * * //

dimensions      [0 2 -2 0 0 0 0];

internalField   uniform (0 0 0);

boundaryField
{
    inlet
    {
        type            cyclic;
    }
    outlet
    {
        type            cyclic;
    }
    bottomWall
    {
        type            calculated;
        value           nonuniform List<vector> 
100
(
(-0.29438 1.77093e-06 0)
(-0.29439 -1.53525e-06 0)
(-0.294379 -2.15203e-06 0)
(-0.29437 -1.41725e-06 0)
(-0.294365 -7.52904e-07 0)
(-0.29436 -3.4575e-07 0)
(-0.294355 -2.06754e-07 0)
(-0.294349 -1.90227e-07 0)
(-0.294343 -2.16009e-07 0)
(-0.294338 -2.78373e-07 0)
(-0.294319 -8.77768e-07 0)
(-0.294333 5.73095e-05 0)
(-0.293424 5.34003e-05 0)
(-0.293793 -4.98153e-05 0)
(-0.293887 -4.45225e-05 0)
(-0.293883 -2.53101e-05 0)
(-0.293879 -1.36797e-05 0)
(-0.293875 -5.99651e-06 0)
(-0.293872 -2.25844e-06 0)
(-0.293869 -7.68802e-07 0)
(-0.293868 -2.31575e-07 0)
(-0.293867 -4.76083e-08 0)
(-0.293867 1.61326e-08 0)
(-0.293867 5.80986e-08 0)
(-0.293869 7.96274e-08 0)
(-0.293871 1.11095e-07 0)
(-0.293875 1.30922e-07 0)
(-0.293878 1.54767e-07 0)
(-0.293883 1.65114e-07 0)
(-0.293887 1.77769e-07 0)
(-0.293892 1.752e-07 0)
(-0.293897 1.86052e-07 0)
(-0.293902 1.84812e-07 0)
(-0.293906 2.74743e-07 0)
(-0.293914 1.62244e-07 0)
(-0.293914 -4.79235e-07 0)
(-0.294169 5.97759e-07 0)
(-0.294288 6.59546e-06 0)
(-0.294327 7.91284e-06 0)
(-0.294341 6.8447e-06 0)
(-0.294347 4.42132e-06 0)
(-0.29435 2.37557e-06 0)
(-0.294352 1.12145e-06 0)
(-0.294353 5.03822e-07 0)
(-0.294354 2.0828e-07 0)
(-0.294354 8.8376e-08 0)
(-0.294355 3.84878e-08 0)
(-0.294355 2.40802e-08 0)
(-0.294356 1.72686e-08 0)
(-0.294356 1.64304e-08 0)
(-0.294357 1.5495e-08 0)
(-0.294357 2.0479e-08 0)
(-0.294358 2.22801e-08 0)
(-0.294359 2.8372e-08 0)
(-0.29436 2.94574e-08 0)
(-0.294361 3.45679e-08 0)
(-0.294362 3.45175e-08 0)
(-0.294363 3.60795e-08 0)
(-0.294364 3.47368e-08 0)
(-0.294365 2.99772e-08 0)
(-0.294365 2.44145e-08 0)
(-0.294366 1.69542e-08 0)
(-0.294366 8.13596e-09 0)
(-0.294366 7.70838e-10 0)
(-0.294366 -8.88964e-09 0)
(-0.294366 -1.54477e-08 0)
(-0.294365 -2.4868e-08 0)
(-0.294364 -2.93136e-08 0)
(-0.294363 -3.54907e-08 0)
(-0.294362 -3.68152e-08 0)
(-0.294361 -3.7011e-08 0)
(-0.29436 -3.63963e-08 0)
(-0.294359 -3.16747e-08 0)
(-0.294359 -2.51082e-08 0)
(-0.294358 -1.57006e-08 0)
(-0.294358 -4.57776e-09 0)
(-0.294358 7.13513e-09 0)
(-0.294359 1.96044e-08 0)
(-0.294359 3.17888e-08 0)
(-0.294361 4.35519e-08 0)
(-0.294362 5.55093e-08 0)
(-0.294364 6.63933e-08 0)
(-0.294366 7.55509e-08 0)
(-0.294369 8.36351e-08 0)
(-0.294371 8.99672e-08 0)
(-0.294374 9.54212e-08 0)
(-0.294376 1.00445e-07 0)
(-0.294379 1.04619e-07 0)
(-0.294382 1.06732e-07 0)
(-0.294385 1.08296e-07 0)
(-0.294388 1.07979e-07 0)
(-0.294391 1.07081e-07 0)
(-0.294394 1.04818e-07 0)
(-0.294397 1.01841e-07 0)
(-0.294399 9.94699e-08 0)
(-0.294402 9.65967e-08 0)
(-0.294404 1.05072e-07 0)
(-0.294406 1.09929e-07 0)
(-0.294405 4.6888e-09 0)
(-0.29441 2.42955e-06 0)
)
;
    }
    topWall
    {
        type            calculated;
        value           nonuniform List<vector> 
100
(
(-0.292827 -3.18263e-05 0)
(-0.292762 -2.50599e-05 0)
(-0.29275 -1.07782e-05 0)
(-0.292744 -4.73675e-06 0)
(-0.292741 -1.66503e-06 0)
(-0.292737 -4.32221e-07 0)
(-0.292733 6.12943e-09 0)
(-0.292728 1.50479e-07 0)
(-0.292723 1.83863e-07 0)
(-0.292717 1.53841e-07 0)
(-0.292714 -3.24876e-08 0)
(-0.292714 -6.00066e-07 0)
(-0.292723 -1.51137e-06 0)
(-0.292739 -1.83178e-06 0)
(-0.292748 -1.20724e-06 0)
(-0.292749 -6.15583e-07 0)
(-0.292747 -3.08938e-07 0)
(-0.292744 -1.34367e-07 0)
(-0.292742 -5.07534e-08 0)
(-0.29274 -1.81209e-08 0)
(-0.292739 -1.04924e-08 0)
(-0.292739 -2.47056e-08 0)
(-0.29274 -4.1995e-08 0)
(-0.292741 -7.08935e-08 0)
(-0.292743 -9.76886e-08 0)
(-0.292746 -1.20893e-07 0)
(-0.29275 -1.43246e-07 0)
(-0.292754 -1.58073e-07 0)
(-0.292759 -1.64481e-07 0)
(-0.292764 -1.71902e-07 0)
(-0.292769 -1.70062e-07 0)
(-0.292774 -1.68246e-07 0)
(-0.292779 -1.50703e-07 0)
(-0.292783 -1.06366e-07 0)
(-0.292786 1.28039e-09 0)
(-0.292788 4.34326e-07 0)
(-0.292781 1.23284e-06 0)
(-0.292768 1.69722e-06 0)
(-0.292754 1.52005e-06 0)
(-0.292744 1.07515e-06 0)
(-0.29274 5.93735e-07 0)
(-0.292739 2.78942e-07 0)
(-0.292739 1.07636e-07 0)
(-0.29274 2.76223e-08 0)
(-0.292741 -7.50946e-09 0)
(-0.292742 -2.00742e-08 0)
(-0.292743 -2.41714e-08 0)
(-0.292743 -2.08083e-08 0)
(-0.292744 -1.74956e-08 0)
(-0.292744 -1.14297e-08 0)
(-0.292745 -8.86862e-09 0)
(-0.292745 -5.01997e-09 0)
(-0.292745 -2.77898e-09 0)
(-0.292745 1.65558e-09 0)
(-0.292745 2.10387e-09 0)
(-0.292745 2.37861e-09 0)
(-0.292745 -4.5911e-10 0)
(-0.292745 -1.93683e-09 0)
(-0.292745 -6.12672e-09 0)
(-0.292746 -9.43164e-09 0)
(-0.292746 -1.83622e-08 0)
(-0.292747 -2.49238e-08 0)
(-0.292748 -3.50135e-08 0)
(-0.29275 -4.29393e-08 0)
(-0.292751 -5.16401e-08 0)
(-0.292753 -5.78114e-08 0)
(-0.292755 -6.38492e-08 0)
(-0.292757 -6.81914e-08 0)
(-0.292759 -7.17954e-08 0)
(-0.292761 -7.03617e-08 0)
(-0.292763 -6.71106e-08 0)
(-0.292765 -6.07195e-08 0)
(-0.292766 -5.18529e-08 0)
(-0.292768 -4.2682e-08 0)
(-0.292769 -3.31723e-08 0)
(-0.292769 -2.35381e-08 0)
(-0.29277 -1.18262e-08 0)
(-0.29277 -4.71949e-09 0)
(-0.29277 4.08731e-09 0)
(-0.29277 6.17876e-09 0)
(-0.29277 8.07381e-09 0)
(-0.292769 2.72722e-09 0)
(-0.292769 4.89617e-10 0)
(-0.29277 -7.55575e-09 0)
(-0.29277 -1.35587e-08 0)
(-0.292771 -2.20893e-08 0)
(-0.292772 -2.95287e-08 0)
(-0.292773 -3.65494e-08 0)
(-0.292774 -4.44831e-08 0)
(-0.292776 -4.74833e-08 0)
(-0.292778 -5.42679e-08 0)
(-0.292779 -5.43508e-08 0)
(-0.292781 -5.79181e-08 0)
(-0.292783 -5.50998e-08 0)
(-0.292784 -5.52429e-08 0)
(-0.292786 -4.32275e-08 0)
(-0.292787 -6.1078e-09 0)
(-0.292792 2.41291e-07 0)
(-0.292766 3.95308e-05 0)
(-0.293122 3.33156e-05 0)
)
;
    }
    frontAndBack
    {
        type            empty;
    }
}


// ************************************************************************* //
