# Residuals   
# Time        	Ux            	Uy            	p             	k             	omega         
0             	N/A	N/A	N/A	N/A
1             	1.000000e+00	7.684389e-02	1.000000e+00	1.000000e+00	3.483340e-02
2             	4.184598e-01	5.745356e-01	8.696341e-02	2.545793e-01	1.115769e-02
3             	2.314534e-01	3.760773e-01	9.702359e-02	3.118278e-01	2.241705e-02
4             	1.444172e-01	2.388419e-01	2.037948e-01	2.780229e-01	3.759727e-02
5             	1.005538e-01	1.063331e-01	9.350760e-02	2.007252e-01	3.616641e-02
6             	7.537649e-02	1.357298e-01	2.222186e-01	1.852424e-01	1.990468e-02
7             	6.581162e-02	2.352906e-01	2.695066e-01	1.439546e-01	1.473378e-02
8             	5.337642e-02	2.726584e-01	2.202340e-01	1.324522e-01	1.857495e-02
9             	4.855041e-02	2.611210e-01	1.564413e-01	1.328740e-01	1.011183e-02
10            	4.098912e-02	1.402712e-01	7.478350e-01	9.445634e-02	1.763007e-02
11            	3.856243e-02	1.465630e-01	2.097099e-01	1.110644e-01	8.922078e-03
12            	3.282779e-02	1.847974e-01	4.076340e-01	6.916492e-02	1.601292e-02
13            	3.203686e-02	2.117051e-01	2.603311e-01	8.431778e-02	9.908318e-03
14            	2.687948e-02	2.239617e-01	3.632437e-01	5.221409e-02	1.243014e-02
15            	2.713346e-02	1.702773e-01	3.055010e-01	4.072958e-02	1.120704e-02
16            	2.613105e-02	1.631273e-01	4.387499e-01	5.221243e-02	8.861880e-03
17            	2.353897e-02	1.545395e-01	4.543799e-01	5.106888e-02	8.714315e-03
18            	2.200813e-02	2.145926e-01	2.493246e-01	2.478762e-02	9.930317e-03
19            	2.075505e-02	2.166457e-01	2.374237e-01	2.038215e-02	8.867169e-03
20            	1.973177e-02	1.450444e-01	3.620505e-01	1.603873e-02	8.293923e-03
21            	1.860839e-02	1.120657e-01	2.984626e-01	1.364841e-02	7.822272e-03
22            	1.739560e-02	1.149402e-01	1.519101e-01	1.310266e-02	7.339965e-03
23            	1.635304e-02	1.284210e-01	2.206562e-01	1.315507e-02	7.029391e-03
24            	1.555012e-02	1.491886e-01	4.507748e-01	1.343591e-02	6.768256e-03
25            	1.483504e-02	1.442996e-01	4.134604e-01	1.306802e-02	6.517716e-03
26            	1.407009e-02	1.203053e-01	5.374247e-01	1.244454e-02	6.215234e-03
27            	1.338016e-02	1.002007e-01	2.595256e-01	1.172217e-02	5.999625e-03
28            	1.287748e-02	9.503893e-02	1.881406e-01	1.096620e-02	5.799579e-03
29            	1.237919e-02	1.015866e-01	2.066250e-01	1.031257e-02	5.597593e-03
30            	1.184733e-02	1.087018e-01	3.017939e-01	9.832392e-03	5.403554e-03
31            	1.138645e-02	1.035910e-01	3.145180e-01	9.419663e-03	5.241163e-03
32            	1.100361e-02	8.641963e-02	2.540692e-01	9.057652e-03	5.103794e-03
33            	1.060036e-02	7.291637e-02	1.916477e-01	8.782005e-03	4.930911e-03
34            	1.017432e-02	7.106375e-02	1.588218e-01	8.590588e-03	4.772978e-03
35            	9.791765e-03	7.722924e-02	1.521835e-01	8.431532e-03	4.629702e-03
36            	9.458417e-03	8.083528e-02	1.878225e-01	8.284854e-03	4.529450e-03
37            	9.131418e-03	7.544467e-02	1.978023e-01	8.155822e-03	4.416800e-03
38            	8.831358e-03	6.552728e-02	1.612065e-01	8.003270e-03	4.291696e-03
39            	8.534361e-03	5.969931e-02	1.334394e-01	7.860165e-03	4.169728e-03
40            	8.274588e-03	5.855567e-02	1.216022e-01	7.746524e-03	4.067482e-03
41            	8.040340e-03	6.197042e-02	1.192275e-01	7.657586e-03	3.992587e-03
42            	7.822487e-03	6.201367e-02	1.210546e-01	7.574175e-03	3.911729e-03
43            	7.586478e-03	5.825126e-02	1.261689e-01	7.485183e-03	3.820714e-03
44            	7.344661e-03	5.351759e-02	1.205599e-01	7.411927e-03	3.724146e-03
45            	7.150814e-03	5.133229e-02	1.013005e-01	7.365059e-03	3.642259e-03
46            	6.965539e-03	5.181826e-02	8.896477e-02	7.323608e-03	3.573886e-03
47            	6.778440e-03	5.219671e-02	9.697679e-02	7.277335e-03	3.513115e-03
48            	6.556335e-03	5.083185e-02	1.040795e-01	7.230151e-03	3.443674e-03
49            	6.374582e-03	4.831465e-02	9.934534e-02	7.177070e-03	3.373293e-03
50            	6.216782e-03	4.731799e-02	9.019773e-02	7.131585e-03	3.303909e-03
51            	6.061102e-03	4.737182e-02	8.918158e-02	7.100230e-03	3.247357e-03
52            	5.885011e-03	4.750053e-02	8.922857e-02	7.072017e-03	3.185888e-03
53            	5.701003e-03	4.661931e-02	8.456105e-02	7.051918e-03	3.129056e-03
54            	5.576486e-03	4.556049e-02	8.140392e-02	7.026434e-03	3.068080e-03
55            	5.453796e-03	4.408638e-02	8.170193e-02	7.004403e-03	3.009692e-03
56            	5.325164e-03	4.332113e-02	8.000105e-02	6.981829e-03	2.952042e-03
57            	5.173922e-03	4.346368e-02	7.712355e-02	6.969695e-03	2.903359e-03
58            	5.023784e-03	4.377439e-02	7.330844e-02	6.958857e-03	2.854067e-03
59            	4.910745e-03	4.286380e-02	7.358925e-02	6.952463e-03	2.808702e-03
60            	4.804044e-03	4.206767e-02	7.931071e-02	6.942078e-03	2.759302e-03
61            	4.687597e-03	4.138370e-02	7.841071e-02	6.934841e-03	2.711011e-03
62            	4.563393e-03	4.108359e-02	7.054414e-02	6.932273e-03	2.662141e-03
63            	4.432876e-03	4.100391e-02	6.567323e-02	6.937777e-03	2.614872e-03
64            	4.317899e-03	4.048299e-02	6.863674e-02	6.945789e-03	2.570181e-03
65            	4.227519e-03	4.003025e-02	7.325071e-02	6.952417e-03	2.530757e-03
66            	4.131313e-03	3.966479e-02	7.385456e-02	6.957535e-03	2.493106e-03
67            	4.032252e-03	3.938964e-02	6.920425e-02	6.957177e-03	2.454905e-03
68            	3.926905e-03	3.878847e-02	6.778634e-02	6.958031e-03	2.420993e-03
69            	3.815652e-03	3.856972e-02	7.157115e-02	6.959715e-03	2.384205e-03
70            	3.730779e-03	3.858404e-02	7.043680e-02	6.969621e-03	2.349238e-03
71            	3.645621e-03	3.837378e-02	6.695190e-02	6.979348e-03	2.313244e-03
72            	3.552721e-03	3.788312e-02	6.417169e-02	6.992852e-03	2.277437e-03
73            	3.453609e-03	3.740103e-02	7.156895e-02	7.008091e-03	2.246954e-03
74            	3.349716e-03	3.680667e-02	7.010562e-02	7.024707e-03	2.217568e-03
75            	3.246484e-03	3.655310e-02	6.643214e-02	7.044217e-03	2.187302e-03
76            	3.168973e-03	3.637924e-02	6.742759e-02	7.070770e-03	2.159248e-03
77            	3.091968e-03	3.613415e-02	6.768912e-02	7.101529e-03	2.130888e-03
78            	3.009423e-03	3.587587e-02	7.255501e-02	7.130300e-03	2.101133e-03
79            	2.921501e-03	3.554620e-02	7.928997e-02	7.158354e-03	2.069571e-03
80            	2.829127e-03	3.507166e-02	9.407704e-02	7.186210e-03	2.039200e-03
81            	2.732905e-03	3.476012e-02	1.086241e-01	7.215049e-03	2.011967e-03
82            	2.647453e-03	3.446676e-02	1.241885e-01	7.245145e-03	1.984624e-03
83            	2.567787e-03	3.414461e-02	1.344953e-01	7.275970e-03	1.958398e-03
84            	2.487015e-03	3.375453e-02	1.012928e-01	7.305573e-03	1.931039e-03
85            	2.406236e-03	3.329091e-02	8.328891e-02	7.333226e-03	1.902291e-03
86            	2.323759e-03	3.266366e-02	6.815951e-02	7.359629e-03	1.871286e-03
87            	2.238587e-03	3.213787e-02	5.660674e-02	7.383431e-03	1.838391e-03
88            	2.154996e-03	3.155113e-02	4.648726e-02	7.408278e-03	1.803549e-03
89            	2.077823e-03	3.113279e-02	3.946930e-02	7.433292e-03	1.766046e-03
90            	2.003836e-03	3.059180e-02	3.479359e-02	7.456921e-03	1.725174e-03
91            	1.931424e-03	3.015469e-02	3.303437e-02	7.477757e-03	1.681632e-03
92            	1.863502e-03	2.956824e-02	3.081020e-02	7.494958e-03	1.636523e-03
93            	1.796676e-03	2.892295e-02	2.895775e-02	7.509385e-03	1.587745e-03
94            	1.734395e-03	2.805174e-02	2.697302e-02	7.519509e-03	1.538680e-03
95            	1.679866e-03	2.711510e-02	2.456239e-02	7.527515e-03	1.487425e-03
96            	1.631767e-03	2.633512e-02	2.239276e-02	7.533099e-03	1.433832e-03
97            	1.588410e-03	2.568642e-02	2.123147e-02	7.535870e-03	1.378304e-03
98            	1.554980e-03	2.511396e-02	2.090025e-02	7.535302e-03	1.321326e-03
99            	1.540384e-03	2.464600e-02	2.269839e-02	7.529053e-03	1.263290e-03
100           	1.531151e-03	2.394620e-02	2.332168e-02	7.518536e-03	1.204887e-03
101           	1.544137e-03	2.330844e-02	2.582228e-02	7.502374e-03	1.146814e-03
102           	1.563449e-03	2.261687e-02	2.684426e-02	7.480723e-03	1.089318e-03
103           	1.588403e-03	2.209677e-02	2.688560e-02	7.454759e-03	1.034958e-03
104           	1.615909e-03	2.178099e-02	2.725089e-02	7.424406e-03	9.836717e-04
105           	1.642536e-03	2.148272e-02	2.842894e-02	7.389072e-03	9.354489e-04
106           	1.668339e-03	2.119611e-02	3.025346e-02	7.349124e-03	8.890585e-04
107           	1.693365e-03	2.084686e-02	3.288124e-02	7.304527e-03	8.446180e-04
108           	1.720304e-03	2.047462e-02	3.649215e-02	7.255443e-03	8.021928e-04
109           	1.751958e-03	2.015123e-02	4.168735e-02	7.202063e-03	7.618164e-04
110           	1.783510e-03	1.983752e-02	5.015193e-02	7.144454e-03	7.252884e-04
111           	1.814055e-03	1.951174e-02	6.353299e-02	7.083031e-03	6.921972e-04
112           	1.843671e-03	1.931205e-02	7.470231e-02	7.017821e-03	6.637089e-04
113           	1.872356e-03	1.915141e-02	6.400522e-02	6.949373e-03	6.389321e-04
114           	1.901652e-03	1.880459e-02	5.531225e-02	6.877495e-03	6.188372e-04
115           	1.934588e-03	1.853487e-02	4.671836e-02	6.802465e-03	6.051201e-04
116           	1.967371e-03	1.836002e-02	4.055392e-02	6.724278e-03	5.975684e-04
117           	1.999004e-03	1.827881e-02	3.623218e-02	6.643483e-03	5.929695e-04
118           	2.029487e-03	1.818583e-02	3.221946e-02	6.560594e-03	5.916106e-04
119           	2.058825e-03	1.787826e-02	2.824510e-02	6.475911e-03	5.943581e-04
120           	2.087032e-03	1.748361e-02	2.457986e-02	6.389598e-03	5.982819e-04
121           	2.114120e-03	1.712546e-02	2.165311e-02	6.301796e-03	6.028927e-04
122           	2.140320e-03	1.688685e-02	1.925947e-02	6.212626e-03	6.089064e-04
123           	2.168078e-03	1.674361e-02	1.723858e-02	6.122198e-03	6.152138e-04
124           	2.195883e-03	1.657274e-02	1.578887e-02	6.030616e-03	6.217272e-04
125           	2.222349e-03	1.631459e-02	1.467013e-02	5.937979e-03	6.283923e-04
126           	2.247498e-03	1.603101e-02	1.376076e-02	5.844384e-03	6.352125e-04
127           	2.271355e-03	1.576362e-02	1.282226e-02	5.749930e-03	6.426774e-04
128           	2.293945e-03	1.555272e-02	1.212385e-02	5.654714e-03	6.501376e-04
129           	2.315293e-03	1.539180e-02	1.151993e-02	5.558835e-03	6.575292e-04
130           	2.335424e-03	1.520970e-02	1.096045e-02	5.462393e-03	6.648204e-04
131           	2.354367e-03	1.500785e-02	1.059501e-02	5.365486e-03	6.719868e-04
132           	2.372150e-03	1.485791e-02	1.156569e-02	5.268202e-03	6.791736e-04
133           	2.388820e-03	1.472987e-02	1.346401e-02	5.170532e-03	6.867146e-04
134           	2.404466e-03	1.464608e-02	1.454404e-02	5.072244e-03	6.941875e-04
135           	2.419115e-03	1.444310e-02	1.430422e-02	4.973544e-03	7.015405e-04
136           	2.432760e-03	1.413164e-02	1.251042e-02	4.874791e-03	7.086565e-04
137           	2.445405e-03	1.388162e-02	1.075029e-02	4.776221e-03	7.155487e-04
138           	2.457079e-03	1.378874e-02	9.318462e-03	4.677898e-03	7.222803e-04
139           	2.467810e-03	1.374111e-02	8.398983e-03	4.579894e-03	7.287387e-04
140           	2.477623e-03	1.360254e-02	7.960019e-03	4.482283e-03	7.349051e-04
141           	2.486546e-03	1.342243e-02	7.737194e-03	4.385137e-03	7.407786e-04
142           	2.494602e-03	1.328109e-02	7.447131e-03	4.288528e-03	7.463599e-04
143           	2.501815e-03	1.319371e-02	7.170026e-03	4.192523e-03	7.516505e-04
144           	2.508210e-03	1.312128e-02	7.375182e-03	4.097176e-03	7.570974e-04
145           	2.513819e-03	1.302534e-02	8.267245e-03	4.002208e-03	7.630262e-04
146           	2.518670e-03	1.298553e-02	9.234696e-03	3.907658e-03	7.689518e-04
147           	2.522792e-03	1.297550e-02	9.406892e-03	3.813363e-03	7.745567e-04
148           	2.526199e-03	1.299883e-02	8.640384e-03	3.719895e-03	7.798376e-04
149           	2.528910e-03	1.293014e-02	7.692327e-03	3.627436e-03	7.848069e-04
150           	2.530947e-03	1.279296e-02	7.010829e-03	3.536007e-03	7.894479e-04
151           	2.532332e-03	1.266577e-02	6.675487e-03	3.445669e-03	7.937933e-04
152           	2.533086e-03	1.260184e-02	6.482124e-03	3.356486e-03	7.978757e-04
153           	2.533229e-03	1.258875e-02	6.401033e-03	3.268481e-03	8.016874e-04
154           	2.532780e-03	1.257631e-02	6.217994e-03	3.181655e-03	8.052034e-04
155           	2.531757e-03	1.253588e-02	6.018620e-03	3.096067e-03	8.084740e-04
156           	2.530178e-03	1.246394e-02	5.874463e-03	3.011738e-03	8.115064e-04
157           	2.528058e-03	1.239788e-02	5.787566e-03	2.928638e-03	8.142648e-04
158           	2.525415e-03	1.239974e-02	6.724270e-03	2.846681e-03	8.166783e-04
159           	2.522393e-03	1.243223e-02	9.105563e-03	2.765188e-03	8.188785e-04
160           	2.519049e-03	1.247294e-02	1.149915e-02	2.684066e-03	8.208309e-04
161           	2.515475e-03	1.237897e-02	1.083988e-02	2.602948e-03	8.224813e-04
162           	2.511488e-03	1.239771e-02	9.493532e-03	2.523489e-03	8.239005e-04
163           	2.507093e-03	1.235784e-02	8.789559e-03	2.445622e-03	8.250855e-04
164           	2.502155e-03	1.223178e-02	9.274410e-03	2.368880e-03	8.260350e-04
165           	2.496639e-03	1.217943e-02	9.906662e-03	2.292772e-03	8.267453e-04
166           	2.490659e-03	1.226070e-02	9.137140e-03	2.217674e-03	8.272055e-04
167           	2.484282e-03	1.236712e-02	7.892598e-03	2.144113e-03	8.274088e-04
168           	2.477373e-03	1.232892e-02	6.950504e-03	2.072078e-03	8.273624e-04
169           	2.469882e-03	1.220074e-02	6.339493e-03	2.001548e-03	8.270806e-04
170           	2.461913e-03	1.213428e-02	6.769085e-03	1.932500e-03	8.265796e-04
171           	2.453681e-03	1.222318e-02	1.022768e-02	1.864172e-03	8.258893e-04
172           	2.445324e-03	1.231743e-02	1.318224e-02	1.803376e-03	8.250429e-04
173           	2.436498e-03	1.250152e-02	1.251662e-02	1.751714e-03	8.204876e-04
174           	2.427442e-03	1.251772e-02	1.227064e-02	1.710650e-03	8.161171e-04
175           	2.418117e-03	1.230306e-02	1.146056e-02	1.678286e-03	8.118352e-04
176           	2.408455e-03	1.220688e-02	9.681517e-03	1.650716e-03	8.075846e-04
177           	2.398439e-03	1.221434e-02	9.490785e-03	1.627576e-03	8.033316e-04
178           	2.388083e-03	1.223509e-02	1.079785e-02	1.607229e-03	7.990582e-04
179           	2.377403e-03	1.234248e-02	1.064831e-02	1.587184e-03	7.947449e-04
180           	2.366417e-03	1.250386e-02	9.916048e-03	1.571560e-03	7.903724e-04
181           	2.355264e-03	1.251856e-02	1.158496e-02	1.555885e-03	7.859484e-04
182           	2.344091e-03	1.243573e-02	1.312774e-02	1.537188e-03	7.814789e-04
183           	2.332746e-03	1.247728e-02	1.141139e-02	1.518243e-03	7.769519e-04
184           	2.320929e-03	1.261043e-02	1.018075e-02	1.501486e-03	7.721816e-04
185           	2.308545e-03	1.256142e-02	9.252252e-03	1.488974e-03	7.672958e-04
186           	2.295688e-03	1.241920e-02	8.068316e-03	1.478338e-03	7.621807e-04
187           	2.282462e-03	1.231702e-02	7.276830e-03	1.468313e-03	7.569886e-04
188           	2.268980e-03	1.238225e-02	1.003533e-02	1.458256e-03	7.517635e-04
189           	2.255160e-03	1.238343e-02	1.448069e-02	1.446551e-03	7.465359e-04
190           	2.239912e-03	1.275953e-02	1.375386e-02	1.438238e-03	7.412908e-04
191           	2.223393e-03	1.314400e-02	1.163474e-02	1.431613e-03	7.360016e-04
192           	2.206529e-03	1.299481e-02	1.002685e-02	1.426024e-03	7.306640e-04
193           	2.189016e-03	1.264066e-02	1.025885e-02	1.422715e-03	7.252770e-04
194           	2.163897e-03	1.240259e-02	1.382148e-02	1.421565e-03	7.198673e-04
195           	2.138888e-03	1.275555e-02	1.340832e-02	5.878490e-03	1.552289e-03
196           	2.561644e-03	5.578394e-02	7.889904e-01	3.329541e-03	1.584563e-03
197           	2.294109e-03	2.887392e-01	7.280369e-02	2.981629e-03	1.069296e-03
198           	2.151803e-03	1.318205e-01	3.923269e-01	8.800988e-03	1.895147e-03
199           	2.686434e-03	3.577753e-01	8.847479e-02	3.435711e-03	1.576554e-03
200           	2.157363e-03	2.380749e-01	8.065204e-02	4.187915e-03	9.448616e-04
201           	2.107711e-03	2.249274e-01	2.787505e-01	3.654018e-03	8.000234e-04
202           	2.044503e-03	2.252684e-01	6.459471e-02	3.222834e-03	7.573064e-04
203           	1.972620e-03	2.064101e-01	6.906140e-02	7.041290e-03	1.573348e-03
204           	2.339127e-03	2.560728e-01	4.914135e-01	4.018359e-03	1.617124e-03
205           	2.075152e-03	2.697509e-01	1.045302e-01	3.649129e-03	1.087142e-03
206           	1.932123e-03	1.808467e-01	2.353806e-01	8.994164e-03	1.883781e-03
207           	2.438993e-03	3.291692e-01	9.063077e-02	3.385713e-03	1.571952e-03
208           	1.947977e-03	2.668400e-01	1.016354e-01	4.369249e-03	9.279743e-04
209           	1.902175e-03	2.675689e-01	3.886942e-01	3.808142e-03	7.776237e-04
210           	1.835858e-03	2.491224e-01	7.231993e-02	7.342846e-03	1.535919e-03
211           	2.175153e-03	2.831076e-01	2.107743e-01	4.210155e-03	1.579018e-03
212           	1.920944e-03	3.446728e-01	8.830857e-02	3.899757e-03	1.056717e-03
213           	1.780417e-03	2.384373e-01	2.294382e-01	8.964346e-03	1.840360e-03
214           	2.252254e-03	3.853447e-01	7.782240e-02	3.349773e-03	1.532502e-03
215           	1.789450e-03	3.053492e-01	9.195389e-02	4.470748e-03	8.950967e-04
216           	1.744502e-03	3.102793e-01	3.050589e-01	7.506262e-03	1.516525e-03
217           	2.045247e-03	3.224075e-01	2.171702e-01	4.447989e-03	1.522726e-03
218           	1.809389e-03	4.564023e-01	8.130691e-02	4.177546e-03	1.016342e-03
219           	1.677992e-03	2.846025e-01	5.190868e-01	8.713118e-03	1.759976e-03
220           	2.092067e-03	4.343372e-01	1.094218e-01	3.458952e-03	1.495679e-03
221           	1.678656e-03	4.459984e-01	9.007837e-02	4.536705e-03	8.742197e-04
222           	1.623468e-03	2.626013e-01	4.033194e-01	7.597411e-03	1.497170e-03
223           	1.926161e-03	4.501438e-01	2.103089e-01	4.502046e-03	1.501447e-03
224           	1.689736e-03	4.860566e-01	7.360560e-02	4.206584e-03	9.876214e-04
225           	1.555587e-03	2.701596e-01	7.320602e-01	8.731493e-03	1.739968e-03
226           	1.969812e-03	5.120396e-01	1.106789e-01	3.443533e-03	1.468080e-03
227           	1.561247e-03	4.985622e-01	8.269522e-02	4.518921e-03	8.408793e-04
228           	1.502868e-03	2.696954e-01	3.776032e-01	7.583426e-03	1.473533e-03
229           	1.809555e-03	5.171167e-01	1.945625e-01	4.476814e-03	1.475083e-03
230           	1.575865e-03	5.070954e-01	7.305633e-02	4.177340e-03	9.546857e-04
231           	1.437260e-03	2.813577e-01	7.187929e-01	8.710327e-03	1.718101e-03
232           	1.856418e-03	5.517709e-01	1.079658e-01	3.404364e-03	1.438780e-03
233           	1.451091e-03	5.052395e-01	8.215431e-02	4.479869e-03	8.071144e-04
234           	1.390026e-03	2.771661e-01	4.265523e-01	7.538726e-03	1.447542e-03
235           	1.700379e-03	5.440894e-01	1.801504e-01	4.431705e-03	1.446489e-03
236           	1.471095e-03	5.101919e-01	7.295764e-02	4.129982e-03	9.205830e-04
237           	1.327651e-03	2.935905e-01	5.271565e-01	8.653567e-03	1.693942e-03
238           	1.751294e-03	5.789506e-01	1.051243e-01	3.350271e-03	1.408490e-03
239           	1.347493e-03	5.038372e-01	8.236267e-02	7.583466e-03	1.515411e-03
240           	1.597748e-03	3.072046e-01	9.442145e-01	4.729173e-03	1.413010e-03
241           	1.404902e-03	6.628967e-01	7.050171e-02	4.503046e-03	8.864368e-04
242           	1.300349e-03	4.056123e-01	1.409717e-01	8.236811e-03	1.600443e-03
243           	1.637537e-03	4.331061e-01	1.523206e-01	3.540383e-03	1.327593e-03
244           	1.271587e-03	6.266312e-01	5.650131e-02	7.667739e-03	1.485559e-03
245           	1.526711e-03	3.126415e-01	3.710353e-01	4.745497e-03	1.390966e-03
246           	1.334459e-03	6.686530e-01	8.856096e-02	4.501522e-03	8.619205e-04
247           	1.230759e-03	5.146326e-01	1.260170e-01	8.189652e-03	1.579085e-03
248           	1.556791e-03	3.375603e-01	1.817519e-01	3.505925e-03	1.304431e-03
249           	1.196997e-03	6.500254e-01	5.868142e-02	7.613860e-03	1.463479e-03
250           	1.453086e-03	3.867079e-01	3.842089e-01	4.691044e-03	1.368682e-03
251           	1.263133e-03	6.370480e-01	9.083216e-02	4.440169e-03	8.382945e-04
252           	1.159083e-03	5.433729e-01	1.380817e-01	8.134301e-03	1.559586e-03
253           	1.484150e-03	3.483105e-01	1.770175e-01	3.436942e-03	1.281639e-03
254           	1.125810e-03	6.301769e-01	6.053029e-02	7.543250e-03	1.442650e-03
255           	1.383262e-03	3.895456e-01	4.596401e-01	4.619351e-03	1.346580e-03
256           	1.195658e-03	6.323377e-01	8.995878e-02	4.367081e-03	8.147681e-04
257           	1.091239e-03	5.378371e-01	1.475571e-01	8.062162e-03	1.539691e-03
258           	1.416355e-03	3.584815e-01	1.687524e-01	3.363071e-03	1.258786e-03
259           	1.059638e-03	6.210382e-01	6.060283e-02	7.465495e-03	1.422236e-03
260           	1.317984e-03	3.782118e-01	5.285310e-01	4.543435e-03	1.324852e-03
261           	1.132463e-03	6.454395e-01	8.853286e-02	4.290623e-03	7.920339e-04
262           	1.029082e-03	5.324788e-01	1.531265e-01	7.982297e-03	1.520211e-03
263           	1.353092e-03	3.656146e-01	1.631977e-01	3.287683e-03	1.236709e-03
264           	9.988399e-04	6.228977e-01	6.028527e-02	7.384310e-03	1.402489e-03
265           	1.256925e-03	3.734381e-01	5.891323e-01	4.465942e-03	1.303908e-03
266           	1.073394e-03	6.588341e-01	8.778915e-02	4.212870e-03	7.703991e-04
267           	9.713780e-04	5.304198e-01	1.560481e-01	7.899229e-03	1.501469e-03
268           	1.294069e-03	3.721464e-01	1.599203e-01	3.211891e-03	1.215627e-03
269           	9.430567e-04	6.270994e-01	6.011988e-02	7.301725e-03	1.383556e-03
270           	1.200045e-03	3.732411e-01	6.442749e-01	4.388231e-03	1.283904e-03
271           	1.018494e-03	6.675904e-01	8.732350e-02	4.135339e-03	7.499523e-04
272           	9.176869e-04	5.288319e-01	1.598009e-01	7.815809e-03	1.483557e-03
273           	1.239589e-03	3.788493e-01	1.571222e-01	3.137453e-03	1.195620e-03
274           	8.911014e-04	6.311806e-01	5.988489e-02	7.220221e-03	1.365499e-03
275           	1.147173e-03	3.737028e-01	7.154434e-01	4.312441e-03	1.264889e-03
276           	9.676604e-04	6.751797e-01	8.661559e-02	4.059837e-03	7.306963e-04
277           	8.678328e-04	5.273992e-01	1.629872e-01	7.733792e-03	1.466499e-03
278           	1.189531e-03	3.859856e-01	1.544288e-01	3.065054e-03	1.176696e-03
279           	8.427946e-04	6.360773e-01	5.979877e-02	7.140338e-03	1.348338e-03
280           	1.098080e-03	3.732475e-01	7.869765e-01	4.238640e-03	1.246906e-03
281           	9.210328e-04	6.819184e-01	8.624462e-02	3.986590e-03	7.126347e-04
282           	8.216397e-04	5.263002e-01	1.669127e-01	7.653946e-03	1.450293e-03
283           	1.143083e-03	3.935898e-01	1.522605e-01	2.995327e-03	1.158972e-03
284           	7.979276e-04	6.415060e-01	5.964797e-02	7.062770e-03	1.332063e-03
285           	1.052531e-03	3.723699e-01	8.794304e-01	4.167238e-03	1.230000e-03
286           	8.781184e-04	6.868431e-01	8.564023e-02	3.915644e-03	6.956733e-04
287           	7.788109e-04	5.264881e-01	1.696234e-01	7.576090e-03	1.434927e-03
288           	1.099999e-03	4.014280e-01	1.500732e-01	2.927649e-03	1.142287e-03
289           	7.563655e-04	6.464384e-01	5.943596e-02	6.987086e-03	1.316657e-03
290           	1.010319e-03	3.713572e-01	9.629316e-01	4.097832e-03	1.214021e-03
291           	8.387140e-04	6.896572e-01	8.523722e-02	3.846762e-03	6.797582e-04
292           	7.391477e-04	5.266724e-01	1.722212e-01	7.500167e-03	1.420403e-03
293           	1.060692e-03	4.092168e-01	1.484310e-01	2.895255e-03	1.135731e-03
294           	7.203540e-04	6.553733e-01	8.307450e-02	6.869682e-03	1.300112e-03
295           	9.669807e-04	3.795075e-01	8.220923e-01	4.045005e-03	1.190328e-03
296           	8.024303e-04	6.885041e-01	9.031640e-02	3.774165e-03	6.631206e-04
297           	7.017687e-04	5.239023e-01	1.758332e-01	7.420538e-03	1.405908e-03
298           	1.023900e-03	3.690084e-01	1.488772e-01	5.140936e-03	1.721724e-03
299           	8.956974e-04	6.952482e-01	1.543297e-01	4.602919e-03	1.250530e-03
300           	7.751325e-04	4.866694e-01	1.603906e-01	4.120446e-03	6.972270e-04
301           	7.209708e-04	5.933228e-01	2.031663e-01	3.771549e-03	4.268375e-04
302           	6.987673e-04	5.337115e-01	1.730490e-01	7.136716e-03	1.345644e-03
303           	9.744075e-04	4.356342e-01	1.615575e-01	5.462150e-03	1.785589e-03
304           	8.927586e-04	4.973314e-01	8.514093e-01	4.415222e-03	1.300870e-03
305           	7.496665e-04	5.030919e-01	1.095934e-01	3.920445e-03	6.896041e-04
306           	6.789038e-04	5.903374e-01	2.301547e-01	4.345323e-03	6.182057e-04
307           	7.212291e-04	5.023875e-01	2.660153e-01	8.393092e-03	1.838039e-03
308           	1.063397e-03	5.631256e-01	1.846553e-01	3.533972e-03	1.639646e-03
309           	7.343204e-04	6.531147e-01	1.865557e-01	4.400399e-03	7.910189e-04
310           	6.775067e-04	5.301048e-01	1.274315e-01	3.891481e-03	4.541024e-04
311           	6.727036e-04	3.716060e-01	5.812231e-01	8.658264e-03	1.765051e-03
312           	1.056255e-03	4.319838e-01	1.752501e-01	3.530318e-03	1.687956e-03
313           	7.179661e-04	7.558917e-01	4.112559e-01	4.503168e-03	8.125215e-04
314           	6.614468e-04	4.231362e-01	3.461585e-01	3.983094e-03	4.609638e-04
315           	6.697316e-04	5.288746e-01	2.743262e-01	6.154489e-03	1.131374e-03
316           	8.312908e-04	5.630132e-01	3.307900e-01	6.580291e-03	1.850689e-03
317           	8.896334e-04	6.755397e-01	4.198704e-01	3.478096e-03	1.237443e-03
318           	6.309948e-04	5.229758e-01	2.283260e-01	4.239141e-03	5.805493e-04
319           	6.423582e-04	6.152925e-01	6.519691e-01	6.000930e-03	1.093331e-03
320           	8.027934e-04	4.217275e-01	2.930930e-01	6.351279e-03	1.755925e-03
321           	8.402501e-04	6.245020e-01	7.587861e-01	3.666259e-03	1.233302e-03
322           	6.198468e-04	5.926089e-01	3.599314e-01	4.310037e-03	6.077673e-04
323           	6.312324e-04	4.819944e-01	5.543942e-01	5.924682e-03	1.067795e-03
324           	7.854531e-04	4.777129e-01	2.796060e-01	6.267834e-03	1.708742e-03
325           	8.107409e-04	6.357094e-01	4.580674e-01	3.744429e-03	1.233675e-03
326           	6.081216e-04	6.066210e-01	2.721130e-01	4.252071e-03	6.165356e-04
327           	6.105557e-04	4.799227e-01	5.043737e-01	5.899930e-03	1.058113e-03
328           	7.703530e-04	5.147939e-01	2.325162e-01	6.236967e-03	1.695007e-03
329           	7.894501e-04	6.422565e-01	6.056037e-01	3.690887e-03	1.221512e-03
330           	5.887410e-04	6.617383e-01	2.543792e-01	4.248534e-03	6.180918e-04
331           	5.953837e-04	4.867508e-01	7.916305e-01	5.895317e-03	1.066160e-03
332           	7.559421e-04	5.600528e-01	2.633380e-01	6.071629e-03	1.661197e-03
333           	7.597766e-04	6.833199e-01	7.122576e-01	3.754824e-03	1.207228e-03
334           	5.765208e-04	6.246127e-01	2.767440e-01	4.238864e-03	6.379723e-04
335           	5.829044e-04	5.486108e-01	8.843267e-01	5.846175e-03	1.073398e-03
336           	7.380845e-04	5.744330e-01	2.581284e-01	6.028354e-03	1.648783e-03
337           	7.419558e-04	6.913987e-01	8.222976e-01	3.713934e-03	1.190556e-03
338           	5.595045e-04	6.082587e-01	2.741044e-01	4.229028e-03	6.353275e-04
339           	5.687752e-04	5.844459e-01	7.269740e-01	5.839614e-03	1.079889e-03
340           	7.250608e-04	5.761557e-01	2.676333e-01	5.965190e-03	1.640706e-03
341           	7.243111e-04	6.807282e-01	9.140048e-01	3.722585e-03	1.185405e-03
342           	5.472498e-04	6.019371e-01	2.781906e-01	4.180792e-03	6.311621e-04
343           	5.536404e-04	6.270929e-01	6.512861e-01	5.810271e-03	1.072106e-03
344           	7.107657e-04	6.038486e-01	2.767075e-01	5.939958e-03	1.633498e-03
345           	7.103867e-04	6.867187e-01	8.554429e-01	3.686669e-03	1.177093e-03
346           	5.329072e-04	6.148720e-01	2.776022e-01	4.150339e-03	6.243010e-04
347           	5.398660e-04	5.960274e-01	6.728899e-01	5.776406e-03	1.065690e-03
348           	6.980605e-04	6.262548e-01	2.754620e-01	5.907623e-03	1.626837e-03
349           	6.968955e-04	7.259066e-01	8.341709e-01	3.654988e-03	1.170604e-03
350           	5.200401e-04	6.242886e-01	2.736268e-01	4.117958e-03	6.185794e-04
351           	5.269514e-04	5.979298e-01	6.707952e-01	5.742037e-03	1.059854e-03
352           	6.861289e-04	6.321128e-01	2.748231e-01	5.874484e-03	1.620608e-03
353           	6.841923e-04	7.471877e-01	8.398435e-01	3.624136e-03	1.164491e-03
354           	5.079198e-04	6.401356e-01	2.740618e-01	4.086180e-03	6.130778e-04
355           	5.149509e-04	6.127686e-01	6.726356e-01	5.708562e-03	1.054256e-03
356           	6.754150e-04	6.432260e-01	2.754280e-01	5.841953e-03	1.614638e-03
357           	6.721511e-04	7.609345e-01	8.309861e-01	3.594177e-03	1.158620e-03
358           	4.967131e-04	6.522857e-01	2.746512e-01	4.055518e-03	6.077821e-04
359           	5.037570e-04	6.228329e-01	6.803200e-01	5.676290e-03	1.048881e-03
360           	6.655886e-04	6.521399e-01	2.755517e-01	5.810404e-03	1.608929e-03
361           	6.609894e-04	7.624496e-01	8.230129e-01	3.565339e-03	1.152998e-03
362           	4.862224e-04	6.627466e-01	2.743469e-01	4.026080e-03	6.027234e-04
363           	4.933323e-04	6.334259e-01	6.854203e-01	5.645276e-03	1.043744e-03
364           	6.569329e-04	6.519179e-01	2.752916e-01	5.780033e-03	1.603475e-03
365           	6.506781e-04	7.605929e-01	8.197213e-01	3.537781e-03	1.147632e-03
366           	4.764169e-04	6.679149e-01	2.741865e-01	3.998058e-03	5.979058e-04
367           	4.836954e-04	6.450132e-01	6.889660e-01	5.615746e-03	1.038846e-03
368           	6.493607e-04	6.512161e-01	2.753041e-01	5.751092e-03	1.598269e-03
369           	6.410489e-04	7.542072e-01	8.160343e-01	3.511630e-03	1.142519e-03
370           	4.672817e-04	6.696247e-01	2.741617e-01	3.971445e-03	5.933260e-04
371           	4.747596e-04	6.526584e-01	6.931162e-01	5.587636e-03	1.034180e-03
372           	6.426654e-04	6.544131e-01	2.752347e-01	5.723545e-03	1.593307e-03
373           	6.320510e-04	7.493797e-01	8.124394e-01	3.486901e-03	1.137652e-03
374           	4.589400e-04	6.682709e-01	2.740794e-01	3.946296e-03	5.889730e-04
375           	4.665001e-04	6.571095e-01	6.968417e-01	5.560937e-03	1.029735e-03
376           	6.370025e-04	6.582007e-01	2.751569e-01	5.697277e-03	1.588584e-03
377           	6.237375e-04	7.471747e-01	8.094087e-01	3.463356e-03	1.133021e-03
378           	4.512951e-04	6.654476e-01	2.740014e-01	3.922302e-03	5.848349e-04
379           	4.588689e-04	6.591498e-01	7.004304e-01	5.535416e-03	1.025504e-03
380           	6.318907e-04	6.632439e-01	2.750985e-01	5.672142e-03	1.584081e-03
381           	6.160138e-04	7.469087e-01	8.062888e-01	3.440913e-03	1.128623e-03
382           	4.442445e-04	6.618290e-01	2.739206e-01	3.899414e-03	5.808994e-04
383           	4.518866e-04	6.606999e-01	7.037322e-01	5.511019e-03	1.021475e-03
384           	6.271967e-04	6.687093e-01	2.750019e-01	5.648072e-03	1.579786e-03
385           	6.088423e-04	7.485534e-01	8.038458e-01	3.419474e-03	1.124438e-03
386           	4.376726e-04	6.585820e-01	2.738503e-01	3.877551e-03	5.771562e-04
387           	4.454848e-04	6.624612e-01	7.068299e-01	5.487682e-03	1.017640e-03
388           	6.228644e-04	6.735605e-01	2.749319e-01	5.625030e-03	1.575691e-03
389           	6.021819e-04	7.509421e-01	8.014524e-01	3.399022e-03	1.120454e-03
390           	4.317158e-04	6.562122e-01	2.737888e-01	3.856714e-03	5.735962e-04
391           	4.396656e-04	6.643231e-01	7.097159e-01	5.465486e-03	1.013989e-03
392           	6.188534e-04	6.772004e-01	2.748547e-01	5.603100e-03	1.571786e-03
393           	5.960381e-04	7.522056e-01	7.993135e-01	3.379662e-03	1.116660e-03
394           	4.262831e-04	6.557454e-01	2.737268e-01	3.837025e-03	5.702111e-04
395           	4.343554e-04	6.668360e-01	7.127624e-01	5.444598e-03	1.010513e-03
396           	6.151501e-04	6.792026e-01	2.747794e-01	5.582293e-03	1.568063e-03
397           	5.904464e-04	7.522952e-01	7.974468e-01	3.361350e-03	1.113046e-03
398           	4.213540e-04	6.572864e-01	2.736447e-01	3.818402e-03	5.669924e-04
399           	4.294980e-04	6.700337e-01	7.158469e-01	5.424824e-03	1.007203e-03
400           	6.117215e-04	6.786451e-01	2.747047e-01	5.562606e-03	1.564512e-03
401           	5.852748e-04	7.513231e-01	7.968946e-01	3.344031e-03	1.109605e-03
402           	4.168358e-04	6.606714e-01	2.735832e-01	3.800747e-03	5.639325e-04
403           	4.251517e-04	6.734628e-01	7.161390e-01	5.406003e-03	1.004051e-03
404           	6.085493e-04	6.754063e-01	2.747038e-01	5.543933e-03	1.561127e-03
405           	5.804883e-04	7.497239e-01	7.960477e-01	3.327578e-03	1.106328e-03
406           	4.128175e-04	6.653037e-01	2.736753e-01	3.783995e-03	5.610229e-04
407           	4.213179e-04	6.768093e-01	7.188405e-01	5.388162e-03	1.001049e-03
408           	6.056157e-04	6.710707e-01	2.746938e-01	5.526327e-03	1.557898e-03
409           	5.761523e-04	7.483931e-01	7.919009e-01	3.312090e-03	1.103209e-03
410           	4.092588e-04	6.705232e-01	2.735903e-01	3.768234e-03	5.582569e-04
411           	4.181491e-04	6.794882e-01	7.227833e-01	5.371323e-03	9.981902e-04
412           	6.029096e-04	6.665358e-01	2.744669e-01	5.509700e-03	1.554822e-03
413           	5.721537e-04	7.479880e-01	7.918440e-01	3.297431e-03	1.100240e-03
414           	4.060690e-04	6.756383e-01	2.734282e-01	3.753271e-03	5.556272e-04
415           	4.153359e-04	6.809653e-01	7.223107e-01	5.355280e-03	9.954678e-04
416           	6.003974e-04	6.626266e-01	2.744779e-01	5.493926e-03	1.551888e-03
417           	5.684595e-04	7.485668e-01	7.917103e-01	3.283482e-03	1.097412e-03
418           	4.033608e-04	6.800242e-01	2.735595e-01	3.739027e-03	5.531261e-04
419           	4.129964e-04	6.808477e-01	7.246438e-01	5.339977e-03	9.928758e-04
420           	5.980610e-04	6.597739e-01	2.745082e-01	5.478922e-03	1.549092e-03
421           	5.651253e-04	7.499437e-01	7.893247e-01	3.270205e-03	1.094721e-03
422           	4.010312e-04	6.831030e-01	2.734734e-01	3.725447e-03	5.507482e-04
423           	4.110702e-04	6.795035e-01	7.266625e-01	5.325351e-03	9.904083e-04
424           	5.958925e-04	6.577569e-01	2.743443e-01	5.464572e-03	1.546429e-03
425           	5.620815e-04	7.518526e-01	7.886052e-01	3.257599e-03	1.092159e-03
426           	3.991974e-04	6.851072e-01	2.734161e-01	3.712479e-03	5.484866e-04
427           	4.093445e-04	6.770866e-01	7.281153e-01	5.311361e-03	9.880594e-04
428           	5.938706e-04	6.567393e-01	2.743360e-01	5.450842e-03	1.543891e-03
429           	5.592651e-04	7.542309e-01	7.872981e-01	3.245597e-03	1.089720e-03
430           	3.979627e-04	6.861373e-01	2.733917e-01	3.700098e-03	5.463355e-04
431           	4.077617e-04	6.745078e-01	7.295762e-01	5.297985e-03	9.858236e-04
432           	5.919906e-04	6.562532e-01	2.742533e-01	5.437707e-03	1.541475e-03
433           	5.567125e-04	7.567287e-01	7.864505e-01	3.234149e-03	1.087399e-03
434           	3.972116e-04	6.864066e-01	2.733591e-01	3.688276e-03	5.442899e-04
435           	4.063077e-04	6.721434e-01	7.308854e-01	5.285200e-03	9.836956e-04
436           	5.902361e-04	6.563814e-01	2.742148e-01	5.425148e-03	1.539174e-03
437           	5.543614e-04	7.590082e-01	7.854459e-01	3.223237e-03	1.085190e-03
438           	3.965887e-04	6.862687e-01	2.733318e-01	3.676992e-03	5.423446e-04
439           	4.049560e-04	6.702379e-01	7.323058e-01	5.272985e-03	9.816704e-04
440           	5.886016e-04	6.567849e-01	2.741613e-01	5.413147e-03	1.536982e-03
441           	5.522118e-04	7.609267e-01	7.845065e-01	3.212827e-03	1.083087e-03
442           	3.960662e-04	6.860056e-01	2.732948e-01	3.666227e-03	5.404950e-04
443           	4.037025e-04	6.690213e-01	7.334815e-01	5.261321e-03	9.797432e-04
444           	5.870763e-04	6.571564e-01	2.741357e-01	5.401683e-03	1.534894e-03
445           	5.502891e-04	7.622498e-01	7.836395e-01	3.202901e-03	1.081085e-03
446           	3.956215e-04	6.858140e-01	2.732677e-01	3.655963e-03	5.387363e-04
447           	4.025343e-04	6.683838e-01	7.347118e-01	5.250190e-03	9.779096e-04
448           	5.856594e-04	6.575103e-01	2.740656e-01	5.390734e-03	1.532906e-03
449           	5.485298e-04	7.629808e-01	7.828734e-01	3.193437e-03	1.079181e-03
450           	3.952468e-04	6.855795e-01	2.732325e-01	3.646176e-03	5.370643e-04
451           	4.014509e-04	6.681388e-01	7.357729e-01	5.239568e-03	9.761652e-04
452           	5.843333e-04	6.578001e-01	2.740515e-01	5.380282e-03	1.531013e-03
453           	5.469623e-04	7.630505e-01	7.821239e-01	3.184417e-03	1.077369e-03
454           	3.949243e-04	6.853754e-01	2.732210e-01	3.636850e-03	5.354746e-04
455           	4.004507e-04	6.682830e-01	7.375476e-01	5.229433e-03	9.745063e-04
456           	5.831036e-04	6.581144e-01	2.740138e-01	5.370308e-03	1.529211e-03
457           	5.456278e-04	7.619211e-01	7.768098e-01	3.175825e-03	1.075645e-03
458           	3.946644e-04	6.852996e-01	2.731891e-01	3.627966e-03	5.339637e-04
459           	3.995709e-04	6.685332e-01	7.418843e-01	5.219765e-03	9.729307e-04
460           	5.819983e-04	6.578068e-01	2.736071e-01	5.360787e-03	1.527496e-03
461           	5.443672e-04	7.612328e-01	7.766955e-01	3.167634e-03	1.074004e-03
462           	3.944723e-04	6.848235e-01	2.729655e-01	3.619503e-03	5.325276e-04
463           	3.986753e-04	6.688486e-01	7.409787e-01	5.210547e-03	9.714299e-04
464           	5.809335e-04	6.583335e-01	2.736117e-01	5.351714e-03	1.525862e-03
465           	5.432274e-04	7.604353e-01	7.769103e-01	3.159837e-03	1.072442e-03
466           	3.943060e-04	6.840570e-01	2.730689e-01	3.611446e-03	5.311623e-04
467           	3.978667e-04	6.693879e-01	7.421086e-01	5.201765e-03	9.700041e-04
468           	5.799382e-04	6.589953e-01	2.736296e-01	5.343062e-03	1.524308e-03
469           	5.422436e-04	7.596570e-01	7.758099e-01	3.152415e-03	1.070957e-03
470           	3.941780e-04	6.832130e-01	2.730237e-01	3.603777e-03	5.298646e-04
471           	3.971104e-04	6.699144e-01	7.432202e-01	5.193396e-03	9.686480e-04
472           	5.790213e-04	6.597516e-01	2.735609e-01	5.334816e-03	1.522829e-03
473           	5.413965e-04	7.590953e-01	7.753323e-01	3.145350e-03	1.069544e-03
474           	3.940780e-04	6.824577e-01	2.729801e-01	3.596480e-03	5.286309e-04
475           	3.963959e-04	6.704092e-01	7.438340e-01	5.185425e-03	9.673582e-04
476           	5.781616e-04	6.606314e-01	2.735350e-01	5.326960e-03	1.521421e-03
477           	5.406871e-04	7.587237e-01	7.748770e-01	3.138630e-03	1.068201e-03
478           	3.940040e-04	6.818469e-01	2.729714e-01	3.589540e-03	5.274581e-04
479           	3.957285e-04	6.709708e-01	7.446583e-01	5.177837e-03	9.661317e-04
480           	5.773627e-04	6.614963e-01	2.735060e-01	5.319520e-03	1.520081e-03
481           	5.401114e-04	7.585024e-01	7.743167e-01	3.132237e-03	1.066922e-03
482           	3.939467e-04	6.814782e-01	2.729404e-01	3.582942e-03	5.263433e-04
483           	3.951042e-04	6.715782e-01	7.453840e-01	5.170614e-03	9.649654e-04
484           	5.766268e-04	6.623710e-01	2.734698e-01	5.312461e-03	1.518806e-03
485           	5.396939e-04	7.585405e-01	7.738826e-01	3.126159e-03	1.065707e-03
486           	3.939067e-04	6.813129e-01	2.729191e-01	3.576672e-03	5.252836e-04
487           	3.945184e-04	6.723148e-01	7.460526e-01	5.163739e-03	9.638563e-04
488           	5.759510e-04	6.631794e-01	2.734446e-01	5.305741e-03	1.517593e-03
489           	5.394771e-04	7.586299e-01	7.734239e-01	3.120382e-03	1.064551e-03
490           	3.938779e-04	6.813861e-01	2.728975e-01	3.570714e-03	5.242762e-04
491           	3.939697e-04	6.730405e-01	7.467102e-01	5.157198e-03	9.628017e-04
492           	5.753201e-04	6.638412e-01	2.734137e-01	5.299346e-03	1.516440e-03
493           	5.394742e-04	7.587621e-01	7.729911e-01	3.114900e-03	1.063451e-03
494           	3.938598e-04	6.815721e-01	2.728753e-01	3.565053e-03	5.233187e-04
495           	3.934556e-04	6.738023e-01	7.473364e-01	5.150975e-03	9.617989e-04
496           	5.747312e-04	6.644554e-01	2.733859e-01	5.293261e-03	1.515342e-03
497           	5.395032e-04	7.589466e-01	7.725831e-01	3.109704e-03	1.062406e-03
498           	3.938498e-04	6.818549e-01	2.728539e-01	3.559676e-03	5.224085e-04
499           	3.929778e-04	6.745704e-01	7.479270e-01	5.145057e-03	9.608453e-04
500           	5.741810e-04	6.649293e-01	2.733606e-01	5.287472e-03	1.514298e-03
501           	5.395422e-04	7.591038e-01	7.721996e-01	3.104777e-03	1.061411e-03
502           	3.938488e-04	6.821176e-01	2.728354e-01	3.554569e-03	5.215434e-04
503           	3.925365e-04	6.752313e-01	7.485024e-01	5.139430e-03	9.599387e-04
504           	5.736649e-04	6.653798e-01	2.733366e-01	5.281965e-03	1.513304e-03
505           	5.395835e-04	7.593015e-01	7.718239e-01	3.100123e-03	1.060466e-03
506           	3.938507e-04	6.823773e-01	2.728201e-01	3.549720e-03	5.207210e-04
507           	3.921264e-04	6.758448e-01	7.490733e-01	5.134083e-03	9.590766e-04
508           	5.731827e-04	6.658059e-01	2.733100e-01	5.276729e-03	1.512360e-03
509           	5.396307e-04	7.594490e-01	7.714731e-01	3.095722e-03	1.059566e-03
510           	3.938521e-04	6.826118e-01	2.727980e-01	3.545116e-03	5.199392e-04
511           	3.917450e-04	6.764073e-01	7.499728e-01	5.129004e-03	9.582571e-04
512           	5.727322e-04	6.662359e-01	2.733006e-01	5.271749e-03	1.511463e-03
513           	5.396817e-04	7.596869e-01	7.708321e-01	3.091546e-03	1.058712e-03
514           	3.938569e-04	6.827736e-01	2.727546e-01	3.540745e-03	5.191961e-04
515           	3.913813e-04	6.768800e-01	7.501275e-01	5.124179e-03	9.574779e-04
516           	5.723103e-04	6.666209e-01	2.732466e-01	5.267017e-03	1.510610e-03
517           	5.397307e-04	7.599409e-01	7.709099e-01	3.087581e-03	1.057899e-03
518           	3.938652e-04	6.829398e-01	2.727624e-01	3.536598e-03	5.184896e-04
519           	3.910436e-04	6.773677e-01	7.508281e-01	5.119615e-03	9.567373e-04
520           	5.719190e-04	6.670774e-01	2.732715e-01	5.262519e-03	1.509799e-03
521           	5.397895e-04	7.602256e-01	7.702046e-01	3.083819e-03	1.057125e-03
522           	3.938729e-04	6.830819e-01	2.727353e-01	3.532663e-03	5.178181e-04
523           	3.907257e-04	6.777894e-01	7.515705e-01	5.115291e-03	9.560332e-04
524           	5.715560e-04	6.674997e-01	2.732104e-01	5.258245e-03	1.509028e-03
525           	5.398470e-04	7.605708e-01	7.699738e-01	3.080250e-03	1.056390e-03
526           	3.938857e-04	6.832368e-01	2.727018e-01	3.528930e-03	5.171797e-04
527           	3.904254e-04	6.781993e-01	7.518863e-01	5.111187e-03	9.553637e-04
528           	5.712196e-04	6.679157e-01	2.732036e-01	5.254186e-03	1.508294e-03
529           	5.399059e-04	7.608687e-01	7.697126e-01	3.076864e-03	1.055691e-03
530           	3.938975e-04	6.834326e-01	2.726942e-01	3.525390e-03	5.165727e-04
531           	3.901435e-04	6.786329e-01	7.518548e-01	5.107291e-03	9.547274e-04
532           	5.709068e-04	6.682656e-01	2.731789e-01	5.250333e-03	1.507597e-03
533           	5.399636e-04	7.611831e-01	7.697286e-01	3.073654e-03	1.055027e-03
534           	3.939117e-04	6.836491e-01	2.727108e-01	3.522033e-03	5.159958e-04
535           	3.898818e-04	6.790946e-01	7.525601e-01	5.103593e-03	9.541224e-04
536           	5.706151e-04	6.685683e-01	2.731953e-01	5.246677e-03	1.506933e-03
537           	5.400224e-04	7.614751e-01	7.690695e-01	3.070610e-03	1.054395e-03
538           	3.939228e-04	6.838811e-01	2.726723e-01	3.518852e-03	5.154473e-04
539           	3.896337e-04	6.795229e-01	7.532285e-01	5.100084e-03	9.535472e-04
540           	5.703381e-04	6.687775e-01	2.731431e-01	5.243210e-03	1.506302e-03
541           	5.400770e-04	7.617268e-01	7.688837e-01	3.067723e-03	1.053794e-03
542           	3.939365e-04	6.841024e-01	2.726458e-01	3.515836e-03	5.149258e-04
543           	3.894007e-04	6.799334e-01	7.535002e-01	5.096754e-03	9.530004e-04
544           	5.700760e-04	6.689172e-01	2.731344e-01	5.239919e-03	1.505702e-03
545           	5.401323e-04	7.619398e-01	7.686833e-01	3.064988e-03	1.053222e-03
546           	3.939471e-04	6.843434e-01	2.726399e-01	3.512977e-03	5.144301e-04
547           	3.891836e-04	6.802930e-01	7.538561e-01	5.093595e-03	9.524806e-04
548           	5.698281e-04	6.689935e-01	2.731154e-01	5.236798e-03	1.505132e-03
549           	5.401833e-04	7.621640e-01	7.684595e-01	3.062395e-03	1.052679e-03
550           	3.939598e-04	6.845824e-01	2.726319e-01	3.510269e-03	5.139588e-04
551           	3.889790e-04	6.806316e-01	7.540147e-01	5.090600e-03	9.519863e-04
552           	5.695933e-04	6.690499e-01	2.730986e-01	5.233839e-03	1.504589e-03
553           	5.402321e-04	7.623679e-01	7.683655e-01	3.059939e-03	1.052162e-03
554           	3.939716e-04	6.848524e-01	2.726349e-01	3.507703e-03	5.135107e-04
555           	3.887874e-04	6.809035e-01	7.545765e-01	5.087760e-03	9.515164e-04
556           	5.693683e-04	6.690743e-01	2.730939e-01	5.231037e-03	1.504073e-03
557           	5.402798e-04	7.625762e-01	7.680049e-01	3.057612e-03	1.051671e-03
558           	3.939843e-04	6.851188e-01	2.726133e-01	3.505273e-03	5.130846e-04
559           	3.886053e-04	6.811684e-01	7.549732e-01	5.085069e-03	9.510696e-04
560           	5.691570e-04	6.690707e-01	2.730725e-01	5.228393e-03	1.503583e-03
561           	5.403244e-04	7.627717e-01	7.678152e-01	3.055407e-03	1.051203e-03
562           	3.939973e-04	6.853876e-01	2.725991e-01	3.502972e-03	5.126796e-04
563           	3.884336e-04	6.813811e-01	7.551375e-01	5.082517e-03	9.506450e-04
564           	5.689560e-04	6.690559e-01	2.730634e-01	5.225899e-03	1.503116e-03
565           	5.403682e-04	7.629585e-01	7.676929e-01	3.053320e-03	1.050759e-03
566           	3.940101e-04	6.856288e-01	2.726022e-01	3.500793e-03	5.122945e-04
567           	3.882724e-04	6.815939e-01	7.554979e-01	5.080098e-03	9.502412e-04
568           	5.687658e-04	6.690187e-01	2.730483e-01	5.223541e-03	1.502672e-03
569           	5.404101e-04	7.631826e-01	7.674573e-01	3.051344e-03	1.050336e-03
570           	3.940246e-04	6.858392e-01	2.725887e-01	3.498731e-03	5.119282e-04
571           	3.881185e-04	6.817452e-01	7.556344e-01	5.077805e-03	9.498573e-04
572           	5.685845e-04	6.689974e-01	2.730364e-01	5.221306e-03	1.502250e-03
573           	5.404496e-04	7.634138e-01	7.673915e-01	3.049473e-03	1.049935e-03
574           	3.940387e-04	6.860453e-01	2.725926e-01	3.496780e-03	5.115800e-04
575           	3.879727e-04	6.818911e-01	7.561748e-01	5.075634e-03	9.494922e-04
576           	5.684126e-04	6.689867e-01	2.730274e-01	5.219188e-03	1.501849e-03
577           	5.404897e-04	7.636511e-01	7.670748e-01	3.047703e-03	1.049553e-03
578           	3.941291e-04	6.856636e-01	2.720234e-01	3.494939e-03	5.112502e-04
579           	3.878329e-04	6.831002e-01	7.569453e-01	5.073578e-03	9.491453e-04
580           	5.683135e-04	6.688898e-01	2.726624e-01	5.217181e-03	1.501469e-03
581           	5.405784e-04	7.639127e-01	7.690270e-01	3.046022e-03	1.049190e-03
582           	3.941427e-04	6.860794e-01	2.720206e-01	3.493187e-03	5.109346e-04
583           	3.877229e-04	6.828963e-01	7.554120e-01	5.071629e-03	9.488152e-04
584           	5.681299e-04	6.689651e-01	2.728091e-01	5.215278e-03	1.501105e-03
585           	5.406076e-04	7.640427e-01	7.688164e-01	3.044439e-03	1.048843e-03
586           	3.941463e-04	6.862897e-01	2.721014e-01	3.491536e-03	5.106350e-04
587           	3.875880e-04	6.828990e-01	7.563858e-01	5.069787e-03	9.485013e-04
588           	5.679921e-04	6.689747e-01	2.727682e-01	5.213478e-03	1.500760e-03
589           	5.406421e-04	7.643102e-01	7.684011e-01	3.042940e-03	1.048515e-03
590           	3.941743e-04	6.863667e-01	2.720618e-01	3.489974e-03	5.103503e-04
591           	3.874749e-04	6.830904e-01	7.565846e-01	5.068042e-03	9.482029e-04
592           	5.678548e-04	6.689888e-01	2.727616e-01	5.211774e-03	1.500431e-03
593           	5.406825e-04	7.644994e-01	7.683790e-01	3.041526e-03	1.048202e-03
594           	3.941894e-04	6.865209e-01	2.720543e-01	3.488501e-03	5.100792e-04
595           	3.873634e-04	6.831393e-01	7.569323e-01	5.066394e-03	9.479191e-04
596           	5.677208e-04	6.689948e-01	2.727521e-01	5.210164e-03	1.500119e-03
597           	5.407165e-04	7.646657e-01	7.681842e-01	3.040192e-03	1.047904e-03
598           	3.942126e-04	6.866492e-01	2.720606e-01	3.487109e-03	5.098215e-04
599           	3.872566e-04	6.832320e-01	7.570299e-01	5.064835e-03	9.476491e-04
600           	5.675954e-04	6.690094e-01	2.727526e-01	5.208640e-03	1.499822e-03
601           	5.407534e-04	7.648311e-01	7.680761e-01	3.038933e-03	1.047621e-03
602           	3.942346e-04	6.867808e-01	2.720654e-01	3.485795e-03	5.095762e-04
603           	3.871560e-04	6.833007e-01	7.572758e-01	5.063362e-03	9.473923e-04
604           	5.674732e-04	6.690002e-01	2.727411e-01	5.207201e-03	1.499539e-03
605           	5.407891e-04	7.649802e-01	7.679545e-01	3.037745e-03	1.047351e-03
606           	3.941852e-04	6.874965e-01	2.726047e-01	3.484552e-03	5.093416e-04
607           	3.870634e-04	6.822402e-01	7.570064e-01	5.061972e-03	9.471479e-04
608           	5.672947e-04	6.690875e-01	2.730920e-01	5.205843e-03	1.499269e-03
609           	5.407736e-04	7.650877e-01	7.657113e-01	3.036633e-03	1.047094e-03
610           	3.942099e-04	6.873832e-01	2.726116e-01	3.483392e-03	5.091201e-04
611           	3.869479e-04	6.826105e-01	7.590943e-01	5.060665e-03	9.469156e-04
612           	5.672129e-04	6.689735e-01	2.729302e-01	5.204567e-03	1.499013e-03
613           	5.408131e-04	7.653554e-01	7.655582e-01	3.035588e-03	1.046851e-03
614           	3.943167e-04	6.868825e-01	2.719295e-01	3.482307e-03	5.089104e-04
615           	3.868695e-04	6.838889e-01	7.589829e-01	5.059440e-03	9.466948e-04
616           	5.671663e-04	6.688602e-01	2.725605e-01	5.203368e-03	1.498771e-03
617           	5.409004e-04	7.654873e-01	7.679035e-01	3.034608e-03	1.046619e-03
618           	3.943320e-04	6.872817e-01	2.719698e-01	3.481285e-03	5.087087e-04
619           	3.868038e-04	6.835644e-01	7.574335e-01	5.058293e-03	9.464844e-04
620           	5.670300e-04	6.689600e-01	2.727400e-01	5.202245e-03	1.498539e-03
621           	5.409230e-04	7.654979e-01	7.676607e-01	3.033699e-03	1.046397e-03
622           	3.942700e-04	6.880585e-01	2.726344e-01	3.480327e-03	5.085159e-04
623           	3.867136e-04	6.823827e-01	7.579944e-01	5.057214e-03	9.462840e-04
624           	5.668749e-04	6.690308e-01	2.730853e-01	5.201190e-03	1.498317e-03
625           	5.409006e-04	7.656961e-01	7.650231e-01	3.032846e-03	1.046187e-03
626           	3.943032e-04	6.878701e-01	2.725861e-01	3.479434e-03	5.083347e-04
627           	3.866180e-04	6.828360e-01	7.601578e-01	5.056199e-03	9.460937e-04
628           	5.668129e-04	6.689360e-01	2.728917e-01	5.200195e-03	1.498108e-03
629           	5.409419e-04	7.660073e-01	7.650628e-01	3.032039e-03	1.045987e-03
630           	3.943371e-04	6.879189e-01	2.724591e-01	3.478593e-03	5.081616e-04
631           	3.865567e-04	6.829435e-01	7.592914e-01	5.055248e-03	9.459127e-04
632           	5.667159e-04	6.689769e-01	2.729072e-01	5.199261e-03	1.497908e-03
633           	5.409743e-04	7.660916e-01	7.654132e-01	3.031293e-03	1.045796e-03
634           	3.944238e-04	6.875039e-01	2.719673e-01	3.477815e-03	5.079977e-04
635           	3.864780e-04	6.839859e-01	7.600422e-01	5.054361e-03	9.457403e-04
636           	5.666897e-04	6.688918e-01	2.725691e-01	5.198388e-03	1.497719e-03
637           	5.410489e-04	7.663053e-01	7.670656e-01	3.030590e-03	1.045615e-03
638           	3.944480e-04	6.877832e-01	2.719437e-01	3.477077e-03	5.078403e-04
639           	3.864333e-04	6.837548e-01	7.585477e-01	5.053522e-03	9.455763e-04
640           	5.665789e-04	6.690831e-01	2.726944e-01	5.197562e-03	1.497538e-03
641           	5.410759e-04	7.663405e-01	7.671861e-01	3.029935e-03	1.045442e-03
642           	3.944555e-04	6.878922e-01	2.720715e-01	3.476388e-03	5.076906e-04
643           	3.863549e-04	6.836716e-01	7.593330e-01	5.052734e-03	9.454200e-04
644           	5.665015e-04	6.691233e-01	2.727057e-01	5.196788e-03	1.497366e-03
645           	5.410974e-04	7.665643e-01	7.666303e-01	3.029315e-03	1.045277e-03
646           	3.944124e-04	6.884205e-01	2.725691e-01	3.475733e-03	5.075473e-04
647           	3.862994e-04	6.826785e-01	7.590727e-01	5.051989e-03	9.452713e-04
648           	5.663644e-04	6.693342e-01	2.730249e-01	5.196058e-03	1.497200e-03
649           	5.410817e-04	7.666981e-01	7.646101e-01	3.028739e-03	1.045120e-03
650           	3.944331e-04	6.881899e-01	2.725696e-01	3.475126e-03	5.074123e-04
651           	3.862184e-04	6.830370e-01	7.609429e-01	5.051291e-03	9.451299e-04
652           	5.663187e-04	6.693619e-01	2.728794e-01	5.195374e-03	1.497045e-03
653           	5.411138e-04	7.669217e-01	7.644686e-01	3.028195e-03	1.044972e-03
654           	3.944668e-04	6.881420e-01	2.724549e-01	3.474557e-03	5.072836e-04
655           	3.861717e-04	6.832206e-01	7.604568e-01	5.050639e-03	9.449954e-04
656           	5.662436e-04	6.695171e-01	2.728749e-01	5.194733e-03	1.496896e-03
657           	5.411450e-04	7.669704e-01	7.647935e-01	3.027692e-03	1.044829e-03
658           	3.944790e-04	6.881939e-01	2.725076e-01	3.474024e-03	5.071605e-04
659           	3.861136e-04	6.832392e-01	7.605003e-01	5.050025e-03	9.448671e-04
660           	5.661720e-04	6.696531e-01	2.729045e-01	5.194130e-03	1.496754e-03
661           	5.411678e-04	7.670479e-01	7.645221e-01	3.027220e-03	1.044694e-03
662           	3.945000e-04	6.881902e-01	2.725048e-01	3.473522e-03	5.070435e-04
663           	3.860606e-04	6.833689e-01	7.608510e-01	5.049445e-03	9.447450e-04
664           	5.661074e-04	6.697639e-01	2.728769e-01	5.193562e-03	1.496619e-03
665           	5.411944e-04	7.671643e-01	7.644793e-01	3.026775e-03	1.044565e-03
666           	3.945186e-04	6.881887e-01	2.724873e-01	3.473049e-03	5.069320e-04
667           	3.860108e-04	6.835130e-01	7.609451e-01	5.048899e-03	9.446287e-04
668           	5.660438e-04	6.698868e-01	2.728834e-01	5.193027e-03	1.496491e-03
669           	5.412203e-04	7.672260e-01	7.644032e-01	3.026355e-03	1.044443e-03
670           	3.945365e-04	6.882083e-01	2.724998e-01	3.472602e-03	5.068258e-04
671           	3.859622e-04	6.836568e-01	7.610398e-01	5.048383e-03	9.445180e-04
672           	5.659825e-04	6.699928e-01	2.728837e-01	5.192522e-03	1.496369e-03
673           	5.412444e-04	7.672898e-01	7.642849e-01	3.025959e-03	1.044326e-03
674           	3.945543e-04	6.882329e-01	2.724886e-01	3.472181e-03	5.067247e-04
675           	3.859158e-04	6.838038e-01	7.612740e-01	5.047898e-03	9.444125e-04
676           	5.659232e-04	6.700942e-01	2.728705e-01	5.192047e-03	1.496252e-03
677           	5.412692e-04	7.673420e-01	7.642435e-01	3.025586e-03	1.044214e-03
678           	3.945714e-04	6.882754e-01	2.724883e-01	3.471786e-03	5.066284e-04
679           	3.858717e-04	6.839635e-01	7.613628e-01	5.047444e-03	9.443121e-04
680           	5.658670e-04	6.701766e-01	2.728717e-01	5.191601e-03	1.496141e-03
681           	5.412930e-04	7.673850e-01	7.641618e-01	3.025237e-03	1.044108e-03
682           	3.945883e-04	6.883260e-01	2.724867e-01	3.471417e-03	5.065366e-04
683           	3.858288e-04	6.841182e-01	7.615093e-01	5.047017e-03	9.442164e-04
684           	5.658121e-04	6.702560e-01	2.728681e-01	5.191180e-03	1.496035e-03
685           	5.413154e-04	7.674204e-01	7.640945e-01	3.024908e-03	1.044007e-03
686           	3.946044e-04	6.883838e-01	2.724860e-01	3.471070e-03	5.064491e-04
687           	3.857872e-04	6.842702e-01	7.616287e-01	5.046615e-03	9.441253e-04
688           	5.657595e-04	6.703157e-01	2.728661e-01	5.190782e-03	1.495934e-03
689           	5.413381e-04	7.674545e-01	7.640182e-01	3.024599e-03	1.043911e-03
690           	3.946203e-04	6.884561e-01	2.724850e-01	3.470742e-03	5.063658e-04
691           	3.857477e-04	6.844219e-01	7.617607e-01	5.046236e-03	9.440385e-04
692           	5.657088e-04	6.703569e-01	2.728633e-01	5.190405e-03	1.495838e-03
693           	5.413595e-04	7.674787e-01	7.639592e-01	3.024308e-03	1.043819e-03
694           	3.947079e-04	6.880125e-01	2.719262e-01	3.470436e-03	5.062877e-04
695           	3.857059e-04	6.856942e-01	7.624871e-01	5.045879e-03	9.439560e-04
696           	5.657223e-04	6.702223e-01	2.724906e-01	5.190047e-03	1.495748e-03
697           	5.414300e-04	7.674873e-01	7.659369e-01	3.024028e-03	1.043732e-03
698           	3.947223e-04	6.883220e-01	2.719133e-01	3.470139e-03	5.062115e-04
699           	3.856922e-04	6.855387e-01	7.604822e-01	5.045539e-03	9.438773e-04
700           	5.656461e-04	6.703792e-01	2.726550e-01	5.189708e-03	1.495661e-03
701           	5.414455e-04	7.673681e-01	7.660288e-01	3.023769e-03	1.043647e-03
702           	3.946496e-04	6.890044e-01	2.726043e-01	3.469857e-03	5.061377e-04
703           	3.856454e-04	6.843980e-01	7.610304e-01	5.045220e-03	9.438018e-04
704           	5.655422e-04	6.705033e-01	2.730127e-01	5.189392e-03	1.495576e-03
705           	5.414093e-04	7.675053e-01	7.633598e-01	3.023525e-03	1.043567e-03
706           	3.946735e-04	6.888012e-01	2.725534e-01	3.469601e-03	5.060698e-04
707           	3.855928e-04	6.849135e-01	7.631359e-01	5.044921e-03	9.437302e-04
708           	5.655308e-04	6.704079e-01	2.728243e-01	5.189094e-03	1.495498e-03
709           	5.414405e-04	7.676224e-01	7.634325e-01	3.023290e-03	1.043492e-03
710           	3.946992e-04	6.888545e-01	2.724251e-01	3.469355e-03	5.060044e-04
711           	3.855725e-04	6.850941e-01	7.620349e-01	5.044638e-03	9.436622e-04
712           	5.654828e-04	6.704176e-01	2.728272e-01	5.188809e-03	1.495423e-03
713           	5.414615e-04	7.675720e-01	7.639380e-01	3.023071e-03	1.043419e-03
714           	3.947053e-04	6.890069e-01	2.724991e-01	3.469123e-03	5.059417e-04
715           	3.855371e-04	6.850987e-01	7.623265e-01	5.044371e-03	9.435971e-04
716           	5.654389e-04	6.704096e-01	2.728713e-01	5.188542e-03	1.495351e-03
717           	5.414773e-04	7.675581e-01	7.635364e-01	3.022863e-03	1.043350e-03
718           	3.947203e-04	6.891178e-01	2.724903e-01	3.468904e-03	5.058821e-04
719           	3.855071e-04	6.851882e-01	7.626488e-01	5.044119e-03	9.435352e-04
720           	5.654021e-04	6.703694e-01	2.728396e-01	5.188287e-03	1.495283e-03
721           	5.414962e-04	7.676058e-01	7.635215e-01	3.022666e-03	1.043284e-03
722           	3.947336e-04	6.892056e-01	2.724693e-01	3.468697e-03	5.058253e-04
723           	3.854776e-04	6.852645e-01	7.625661e-01	5.043880e-03	9.434761e-04
724           	5.653636e-04	6.703408e-01	2.728436e-01	5.188046e-03	1.495217e-03
725           	5.415133e-04	7.676266e-01	7.635282e-01	3.022479e-03	1.043221e-03
726           	3.947457e-04	6.893000e-01	2.724834e-01	3.468500e-03	5.057711e-04
727           	3.854488e-04	6.853042e-01	7.626815e-01	5.043654e-03	9.434198e-04
728           	5.653266e-04	6.703129e-01	2.728490e-01	5.187817e-03	1.495155e-03
729           	5.415302e-04	7.676574e-01	7.634516e-01	3.022302e-03	1.043161e-03
730           	3.947575e-04	6.893851e-01	2.724806e-01	3.468314e-03	5.057194e-04
731           	3.854212e-04	6.853454e-01	7.627956e-01	5.043440e-03	9.433661e-04
732           	5.652914e-04	6.702865e-01	2.728431e-01	5.187600e-03	1.495096e-03
733           	5.415459e-04	7.676941e-01	7.634265e-01	3.022134e-03	1.043103e-03
734           	3.947696e-04	6.894518e-01	2.724842e-01	3.468137e-03	5.056701e-04
735           	3.853943e-04	6.853841e-01	7.628943e-01	5.043240e-03	9.433149e-04
736           	5.652573e-04	6.702715e-01	2.728462e-01	5.187395e-03	1.495039e-03
737           	5.415623e-04	7.677314e-01	7.633406e-01	3.021975e-03	1.043049e-03
738           	3.947809e-04	6.895109e-01	2.724813e-01	3.467970e-03	5.056231e-04
739           	3.853691e-04	6.854119e-01	7.631081e-01	5.043050e-03	9.432661e-04
740           	5.652246e-04	6.702579e-01	2.728410e-01	5.187202e-03	1.494985e-03
741           	5.415779e-04	7.677686e-01	7.632712e-01	3.021823e-03	1.042996e-03
742           	3.947921e-04	6.895604e-01	2.724736e-01	3.467811e-03	5.055783e-04
743           	3.853447e-04	6.854321e-01	7.630800e-01	5.042871e-03	9.432195e-04
744           	5.651932e-04	6.702496e-01	2.728342e-01	5.187019e-03	1.494933e-03
745           	5.415906e-04	7.678200e-01	7.633484e-01	3.021679e-03	1.042946e-03
746           	3.948031e-04	6.895805e-01	2.724775e-01	3.467661e-03	5.055356e-04
747           	3.853197e-04	6.854506e-01	7.630277e-01	5.042702e-03	9.431751e-04
748           	5.651616e-04	6.702734e-01	2.728451e-01	5.186846e-03	1.494884e-03
749           	5.416076e-04	7.678447e-01	7.632143e-01	3.021543e-03	1.042899e-03
750           	3.948133e-04	6.896245e-01	2.724804e-01	3.467519e-03	5.054949e-04
751           	3.852989e-04	6.854785e-01	7.632410e-01	5.042542e-03	9.431328e-04
752           	5.651331e-04	6.702661e-01	2.728348e-01	5.186681e-03	1.494837e-03
753           	5.416225e-04	7.678783e-01	7.631870e-01	3.021413e-03	1.042853e-03
754           	3.948238e-04	6.896478e-01	2.724761e-01	3.467384e-03	5.054561e-04
755           	3.852760e-04	6.855020e-01	7.632912e-01	5.042392e-03	9.430924e-04
756           	5.651046e-04	6.702771e-01	2.728337e-01	5.186525e-03	1.494792e-03
757           	5.416349e-04	7.679162e-01	7.631519e-01	3.021290e-03	1.042810e-03
758           	3.948336e-04	6.896636e-01	2.724762e-01	3.467256e-03	5.054191e-04
759           	3.852541e-04	6.855230e-01	7.633132e-01	5.042250e-03	9.430539e-04
760           	5.650769e-04	6.703016e-01	2.728359e-01	5.186377e-03	1.494749e-03
761           	5.416487e-04	7.679461e-01	7.631267e-01	3.021172e-03	1.042768e-03
762           	3.948432e-04	6.896785e-01	2.724771e-01	3.467134e-03	5.053837e-04
763           	3.852340e-04	6.855480e-01	7.634248e-01	5.042117e-03	9.430171e-04
764           	5.650502e-04	6.703187e-01	2.728352e-01	5.186237e-03	1.494708e-03
765           	5.416601e-04	7.679909e-01	7.631283e-01	3.021060e-03	1.042729e-03
766           	3.948526e-04	6.896791e-01	2.724758e-01	3.467018e-03	5.053500e-04
767           	3.852126e-04	6.855598e-01	7.634744e-01	5.041992e-03	9.429820e-04
768           	5.650243e-04	6.703626e-01	2.728427e-01	5.186104e-03	1.494669e-03
769           	5.416724e-04	7.680250e-01	7.630670e-01	3.020952e-03	1.042691e-03
770           	3.948615e-04	6.896917e-01	2.724795e-01	3.466907e-03	5.053178e-04
771           	3.851937e-04	6.855919e-01	7.635657e-01	5.041874e-03	9.429485e-04
772           	5.649995e-04	6.703838e-01	2.728343e-01	5.185978e-03	1.494632e-03
773           	5.416851e-04	7.680461e-01	7.630471e-01	3.020850e-03	1.042655e-03
774           	3.948706e-04	6.897040e-01	2.724747e-01	3.466802e-03	5.052870e-04
775           	3.851756e-04	6.856091e-01	7.636193e-01	5.041764e-03	9.429166e-04
776           	5.649758e-04	6.704090e-01	2.728384e-01	5.185858e-03	1.494597e-03
777           	5.416993e-04	7.680714e-01	7.629556e-01	3.020752e-03	1.042620e-03
778           	3.948787e-04	6.897220e-01	2.724805e-01	3.466702e-03	5.052576e-04
779           	3.851587e-04	6.856448e-01	7.637793e-01	5.041660e-03	9.428862e-04
780           	5.649537e-04	6.704150e-01	2.728250e-01	5.185744e-03	1.494563e-03
781           	5.417101e-04	7.680929e-01	7.629299e-01	3.020658e-03	1.042587e-03
782           	3.948876e-04	6.897301e-01	2.724696e-01	3.466607e-03	5.052296e-04
783           	3.851411e-04	6.856626e-01	7.637253e-01	5.041563e-03	9.428572e-04
784           	5.649315e-04	6.704420e-01	2.728269e-01	5.185635e-03	1.494530e-03
785           	5.417197e-04	7.681361e-01	7.629976e-01	3.020569e-03	1.042556e-03
786           	3.948955e-04	6.897225e-01	2.724761e-01	3.466516e-03	5.052028e-04
787           	3.851232e-04	6.856702e-01	7.637718e-01	5.041471e-03	9.428296e-04
788           	5.649091e-04	6.704872e-01	2.728397e-01	5.185531e-03	1.494499e-03
789           	5.417305e-04	7.681642e-01	7.629120e-01	3.020483e-03	1.042525e-03
790           	3.949029e-04	6.897358e-01	2.724785e-01	3.466429e-03	5.051772e-04
791           	3.851073e-04	6.856952e-01	7.638172e-01	5.041386e-03	9.428033e-04
792           	5.648888e-04	6.705102e-01	2.728309e-01	5.185432e-03	1.494469e-03
793           	5.417432e-04	7.681821e-01	7.628455e-01	3.020401e-03	1.042497e-03
794           	3.949109e-04	6.897530e-01	2.724780e-01	3.466347e-03	5.051528e-04
795           	3.850937e-04	6.857240e-01	7.639416e-01	5.041306e-03	9.427783e-04
796           	5.648694e-04	6.705125e-01	2.728258e-01	5.185337e-03	1.494441e-03
797           	5.417523e-04	7.682271e-01	7.628892e-01	3.020323e-03	1.042469e-03
798           	3.949182e-04	6.897495e-01	2.724736e-01	3.466268e-03	5.051295e-04
799           	3.850768e-04	6.857227e-01	7.639186e-01	5.041231e-03	9.427545e-04
800           	5.648496e-04	6.705579e-01	2.728384e-01	5.185247e-03	1.494414e-03
801           	5.417630e-04	7.682480e-01	7.627597e-01	3.020248e-03	1.042443e-03
802           	3.949251e-04	6.897678e-01	2.724795e-01	3.466192e-03	5.051072e-04
803           	3.850637e-04	6.857581e-01	7.641207e-01	5.041160e-03	9.427318e-04
804           	5.648316e-04	6.705689e-01	2.728223e-01	5.185161e-03	1.494388e-03
805           	5.417714e-04	7.682874e-01	7.628017e-01	3.020176e-03	1.042418e-03
806           	3.949326e-04	6.897666e-01	2.724670e-01	3.466120e-03	5.050859e-04
807           	3.850487e-04	6.857575e-01	7.640103e-01	5.041092e-03	9.427102e-04
808           	5.648130e-04	6.706073e-01	2.728326e-01	5.185079e-03	1.494364e-03
809           	5.417825e-04	7.683141e-01	7.627254e-01	3.020108e-03	1.042394e-03
810           	3.949387e-04	6.897819e-01	2.724774e-01	3.466051e-03	5.050656e-04
811           	3.850364e-04	6.857918e-01	7.641243e-01	5.041029e-03	9.426896e-04
812           	5.647962e-04	6.706166e-01	2.728241e-01	5.185001e-03	1.494340e-03
813           	5.417914e-04	7.683384e-01	7.627203e-01	3.020042e-03	1.042371e-03
814           	3.949457e-04	6.897918e-01	2.724730e-01	3.465985e-03	5.050462e-04
815           	3.850229e-04	6.858068e-01	7.641027e-01	5.040969e-03	9.426699e-04
816           	5.647796e-04	6.706389e-01	2.728253e-01	5.184927e-03	1.494317e-03
817           	5.418000e-04	7.683755e-01	7.627108e-01	3.019978e-03	1.042349e-03
818           	3.949518e-04	6.897948e-01	2.724759e-01	3.465922e-03	5.050276e-04
819           	3.850104e-04	6.858223e-01	7.642840e-01	5.040913e-03	9.426512e-04
820           	5.647631e-04	6.706651e-01	2.728273e-01	5.184856e-03	1.494296e-03
821           	5.418088e-04	7.684029e-01	7.626465e-01	3.019917e-03	1.042327e-03
822           	3.949577e-04	6.898055e-01	2.724749e-01	3.465861e-03	5.050099e-04
823           	3.849981e-04	6.858461e-01	7.642979e-01	5.040861e-03	9.426333e-04
824           	5.647479e-04	6.706828e-01	2.728215e-01	5.184788e-03	1.494275e-03
825           	5.418170e-04	7.684295e-01	7.626246e-01	3.019859e-03	1.042307e-03
826           	3.949643e-04	6.898122e-01	2.724713e-01	3.465803e-03	5.049930e-04
827           	3.849868e-04	6.858710e-01	7.642669e-01	5.040811e-03	9.426162e-04
828           	5.647328e-04	6.707033e-01	2.728211e-01	5.184724e-03	1.494256e-03
829           	5.418235e-04	7.684632e-01	7.627137e-01	3.019803e-03	1.042288e-03
830           	3.949697e-04	6.898124e-01	2.724728e-01	3.465747e-03	5.049768e-04
831           	3.849744e-04	6.858763e-01	7.642755e-01	5.040764e-03	9.425999e-04
832           	5.647172e-04	6.707375e-01	2.728338e-01	5.184662e-03	1.494237e-03
833           	5.418309e-04	7.684870e-01	7.626498e-01	3.019749e-03	1.042270e-03
834           	3.949750e-04	6.898198e-01	2.724830e-01	3.465694e-03	5.049613e-04
835           	3.849633e-04	6.859078e-01	7.643484e-01	5.040720e-03	9.425843e-04
836           	5.647033e-04	6.707555e-01	2.728267e-01	5.184603e-03	1.494219e-03
837           	5.418402e-04	7.684988e-01	7.625625e-01	3.019697e-03	1.042252e-03
838           	3.949807e-04	6.898456e-01	2.724745e-01	3.465642e-03	5.049465e-04
839           	3.849544e-04	6.859448e-01	7.645785e-01	5.040678e-03	9.425695e-04
840           	5.646904e-04	6.707635e-01	2.728249e-01	5.184546e-03	1.494202e-03
841           	5.418468e-04	7.685348e-01	7.625772e-01	3.019647e-03	1.042235e-03
842           	3.949860e-04	6.898466e-01	2.724742e-01	3.465593e-03	5.049324e-04
843           	3.849424e-04	6.859642e-01	7.644664e-01	5.040638e-03	9.425552e-04
844           	5.646768e-04	6.707790e-01	2.728235e-01	5.184493e-03	1.494186e-03
845           	5.418523e-04	7.685506e-01	7.625645e-01	3.019599e-03	1.042219e-03
846           	3.949911e-04	6.898610e-01	2.724685e-01	3.465546e-03	5.049189e-04
847           	3.849332e-04	6.859880e-01	7.644533e-01	5.040601e-03	9.425417e-04
848           	5.646634e-04	6.708026e-01	2.728255e-01	5.184442e-03	1.494170e-03
849           	5.418605e-04	7.685707e-01	7.625946e-01	3.019552e-03	1.042204e-03
850           	3.949958e-04	6.898760e-01	2.724804e-01	3.465501e-03	5.049060e-04
851           	3.849239e-04	6.860158e-01	7.646370e-01	5.040566e-03	9.425289e-04
852           	5.646516e-04	6.708119e-01	2.728316e-01	5.184394e-03	1.494156e-03
853           	5.418686e-04	7.685777e-01	7.624161e-01	3.019508e-03	1.042189e-03
854           	3.950005e-04	6.899072e-01	2.724720e-01	3.465457e-03	5.048936e-04
855           	3.849153e-04	6.860588e-01	7.646704e-01	5.040532e-03	9.425167e-04
856           	5.646407e-04	6.708005e-01	2.728098e-01	5.184349e-03	1.494141e-03
857           	5.418746e-04	7.686023e-01	7.625025e-01	3.019465e-03	1.042175e-03
858           	3.950057e-04	6.899186e-01	2.724687e-01	3.465416e-03	5.048818e-04
859           	3.849064e-04	6.860813e-01	7.646694e-01	5.040501e-03	9.425050e-04
860           	5.646288e-04	6.708167e-01	2.728256e-01	5.184305e-03	1.494128e-03
861           	5.418794e-04	7.686243e-01	7.624762e-01	3.019423e-03	1.042161e-03
862           	3.950097e-04	6.899325e-01	2.724693e-01	3.465375e-03	5.048706e-04
863           	3.848966e-04	6.860985e-01	7.646489e-01	5.040470e-03	9.424940e-04
864           	5.646170e-04	6.708323e-01	2.728248e-01	5.184264e-03	1.494115e-03
865           	5.418849e-04	7.686427e-01	7.624735e-01	3.019384e-03	1.042148e-03
866           	3.950141e-04	6.899485e-01	2.724733e-01	3.465337e-03	5.048598e-04
867           	3.848887e-04	6.861294e-01	7.646817e-01	5.040441e-03	9.424835e-04
868           	5.646062e-04	6.708363e-01	2.728250e-01	5.184225e-03	1.494102e-03
869           	5.418916e-04	7.686587e-01	7.624614e-01	3.019345e-03	1.042136e-03
870           	3.950184e-04	6.899717e-01	2.724738e-01	3.465299e-03	5.048495e-04
871           	3.848810e-04	6.861512e-01	7.647339e-01	5.040413e-03	9.424735e-04
872           	5.645962e-04	6.708334e-01	2.728208e-01	5.184188e-03	1.494091e-03
873           	5.418972e-04	7.686738e-01	7.624625e-01	3.019308e-03	1.042124e-03
874           	3.950224e-04	6.899915e-01	2.724745e-01	3.465263e-03	5.048397e-04
875           	3.848730e-04	6.861789e-01	7.646383e-01	5.040386e-03	9.424639e-04
876           	5.645862e-04	6.708329e-01	2.728243e-01	5.184153e-03	1.494079e-03
877           	5.419024e-04	7.686885e-01	7.624668e-01	3.019272e-03	1.042113e-03
878           	3.950263e-04	6.900110e-01	2.724755e-01	3.465228e-03	5.048302e-04
879           	3.848658e-04	6.861964e-01	7.647274e-01	5.040360e-03	9.424549e-04
880           	5.645761e-04	6.708325e-01	2.728254e-01	5.184119e-03	1.494068e-03
881           	5.419080e-04	7.687077e-01	7.624305e-01	3.019238e-03	1.042102e-03
882           	3.950300e-04	6.900295e-01	2.724749e-01	3.465195e-03	5.048212e-04
883           	3.848585e-04	6.862134e-01	7.647994e-01	5.040335e-03	9.424462e-04
884           	5.645672e-04	6.708330e-01	2.728219e-01	5.184087e-03	1.494058e-03
885           	5.419129e-04	7.687232e-01	7.624124e-01	3.019205e-03	1.042091e-03
886           	3.950339e-04	6.900475e-01	2.724735e-01	3.465163e-03	5.048126e-04
887           	3.848513e-04	6.862334e-01	7.649204e-01	5.040311e-03	9.424380e-04
888           	5.645580e-04	6.708347e-01	2.728243e-01	5.184057e-03	1.494048e-03
889           	5.419180e-04	7.687376e-01	7.623515e-01	3.019173e-03	1.042082e-03
890           	3.950373e-04	6.900697e-01	2.724684e-01	3.465131e-03	5.048044e-04
891           	3.848447e-04	6.862456e-01	7.648638e-01	5.040287e-03	9.424302e-04
892           	5.645494e-04	6.708279e-01	2.728201e-01	5.184028e-03	1.494039e-03
893           	5.419227e-04	7.687577e-01	7.623884e-01	3.019142e-03	1.042072e-03
894           	3.950409e-04	6.900804e-01	2.724691e-01	3.465101e-03	5.047965e-04
895           	3.848383e-04	6.862645e-01	7.648836e-01	5.040264e-03	9.424228e-04
896           	5.645408e-04	6.708305e-01	2.728240e-01	5.184000e-03	1.494030e-03
897           	5.419275e-04	7.687669e-01	7.623571e-01	3.019112e-03	1.042063e-03
898           	3.950443e-04	6.900968e-01	2.724711e-01	3.465072e-03	5.047890e-04
899           	3.848320e-04	6.862780e-01	7.649647e-01	5.040242e-03	9.424157e-04
900           	5.645329e-04	6.708335e-01	2.728243e-01	5.183973e-03	1.494021e-03
901           	5.419320e-04	7.687853e-01	7.623063e-01	3.019083e-03	1.042054e-03
902           	3.950476e-04	6.901105e-01	2.724682e-01	3.465044e-03	5.047818e-04
903           	3.848260e-04	6.862847e-01	7.649596e-01	5.040220e-03	9.424090e-04
904           	5.645251e-04	6.708315e-01	2.728171e-01	5.183947e-03	1.494013e-03
905           	5.419366e-04	7.688025e-01	7.623528e-01	3.019055e-03	1.042046e-03
906           	3.950506e-04	6.901217e-01	2.724685e-01	3.465017e-03	5.047748e-04
907           	3.848201e-04	6.862961e-01	7.648858e-01	5.040198e-03	9.424026e-04
908           	5.645174e-04	6.708319e-01	2.728229e-01	5.183922e-03	1.494005e-03
909           	5.419406e-04	7.688132e-01	7.623440e-01	3.019029e-03	1.042038e-03
910           	3.950537e-04	6.901288e-01	2.724755e-01	3.464991e-03	5.047683e-04
911           	3.848144e-04	6.863041e-01	7.649526e-01	5.040178e-03	9.423965e-04
912           	5.645100e-04	6.708358e-01	2.728241e-01	5.183898e-03	1.493997e-03
913           	5.419467e-04	7.688163e-01	7.622424e-01	3.019003e-03	1.042030e-03
914           	3.950565e-04	6.901522e-01	2.724719e-01	3.464966e-03	5.047619e-04
915           	3.848100e-04	6.863203e-01	7.650820e-01	5.040157e-03	9.423908e-04
916           	5.645037e-04	6.708254e-01	2.728131e-01	5.183875e-03	1.493990e-03
917           	5.419490e-04	7.688425e-01	7.623267e-01	3.018978e-03	1.042023e-03
918           	3.950596e-04	6.901451e-01	2.724713e-01	3.464941e-03	5.047559e-04
919           	3.848030e-04	6.863196e-01	7.649742e-01	5.040138e-03	9.423853e-04
920           	5.644961e-04	6.708382e-01	2.728258e-01	5.183852e-03	1.493983e-03
921           	5.419522e-04	7.688504e-01	7.622697e-01	3.018954e-03	1.042016e-03
922           	3.950621e-04	6.901539e-01	2.724725e-01	3.464918e-03	5.047501e-04
923           	3.847985e-04	6.863286e-01	7.650191e-01	5.040119e-03	9.423802e-04
924           	5.644894e-04	6.708469e-01	2.728229e-01	5.183831e-03	1.493977e-03
925           	5.419569e-04	7.688578e-01	7.622780e-01	3.018930e-03	1.042009e-03
926           	3.950650e-04	6.901599e-01	2.724700e-01	3.464895e-03	5.047446e-04
927           	3.847937e-04	6.863360e-01	7.650192e-01	5.040100e-03	9.423753e-04
928           	5.644833e-04	6.708463e-01	2.728222e-01	5.183809e-03	1.493970e-03
929           	5.419620e-04	7.688592e-01	7.622124e-01	3.018908e-03	1.042002e-03
930           	3.950674e-04	6.901745e-01	2.724761e-01	3.464873e-03	5.047393e-04
931           	3.847899e-04	6.863573e-01	7.651075e-01	5.040082e-03	9.423707e-04
932           	5.644779e-04	6.708334e-01	2.728125e-01	5.183789e-03	1.493965e-03
933           	5.419656e-04	7.688688e-01	7.622196e-01	3.018886e-03	1.041996e-03
934           	3.950704e-04	6.901782e-01	2.724691e-01	3.464851e-03	5.047342e-04
935           	3.847848e-04	6.863579e-01	7.651000e-01	5.040064e-03	9.423663e-04
936           	5.644719e-04	6.708443e-01	2.728194e-01	5.183769e-03	1.493959e-03
937           	5.419670e-04	7.688870e-01	7.622603e-01	3.018865e-03	1.041990e-03
938           	3.950725e-04	6.901707e-01	2.724718e-01	3.464831e-03	5.047294e-04
939           	3.847790e-04	6.863601e-01	7.651635e-01	5.040047e-03	9.423621e-04
940           	5.644649e-04	6.708600e-01	2.728235e-01	5.183750e-03	1.493953e-03
941           	5.419716e-04	7.688747e-01	7.621316e-01	3.018845e-03	1.041985e-03
942           	3.950748e-04	6.901912e-01	2.724652e-01	3.464811e-03	5.047247e-04
943           	3.847762e-04	6.863772e-01	7.652797e-01	5.040031e-03	9.423582e-04
944           	5.644606e-04	6.708508e-01	2.728118e-01	5.183731e-03	1.493948e-03
945           	5.419740e-04	7.689006e-01	7.622238e-01	3.018826e-03	1.041979e-03
946           	3.950774e-04	6.901794e-01	2.724663e-01	3.464792e-03	5.047203e-04
947           	3.847707e-04	6.863718e-01	7.650968e-01	5.040014e-03	9.423543e-04
948           	5.644542e-04	6.708605e-01	2.728240e-01	5.183713e-03	1.493943e-03
949           	5.419779e-04	7.688942e-01	7.621478e-01	3.018807e-03	1.041974e-03
950           	3.950790e-04	6.901928e-01	2.724712e-01	3.464773e-03	5.047160e-04
951           	3.847680e-04	6.863930e-01	7.653061e-01	5.039999e-03	9.423508e-04
952           	5.644495e-04	6.708632e-01	2.728143e-01	5.183695e-03	1.493939e-03
953           	5.419802e-04	7.689089e-01	7.621946e-01	3.018789e-03	1.041969e-03
954           	3.950817e-04	6.901866e-01	2.724641e-01	3.464755e-03	5.047120e-04
955           	3.847628e-04	6.863872e-01	7.650997e-01	5.039983e-03	9.423473e-04
956           	5.644440e-04	6.708680e-01	2.728265e-01	5.183678e-03	1.493934e-03
957           	5.419822e-04	7.689186e-01	7.622059e-01	3.018771e-03	1.041964e-03
958           	3.950832e-04	6.901833e-01	2.724776e-01	3.464738e-03	5.047081e-04
959           	3.847590e-04	6.863970e-01	7.652058e-01	5.039968e-03	9.423440e-04
960           	5.644385e-04	6.708818e-01	2.728226e-01	5.183661e-03	1.493930e-03
961           	5.419855e-04	7.689205e-01	7.621678e-01	3.018754e-03	1.041960e-03
962           	3.950855e-04	6.901921e-01	2.724663e-01	3.464721e-03	5.047043e-04
963           	3.847561e-04	6.864068e-01	7.653024e-01	5.039954e-03	9.423410e-04
964           	5.644346e-04	6.708844e-01	2.728185e-01	5.183645e-03	1.493926e-03
965           	5.419887e-04	7.689289e-01	7.621579e-01	3.018738e-03	1.041955e-03
966           	3.950875e-04	6.901975e-01	2.724638e-01	3.464704e-03	5.047008e-04
967           	3.847522e-04	6.864131e-01	7.652402e-01	5.039940e-03	9.423381e-04
968           	5.644296e-04	6.708826e-01	2.728234e-01	5.183630e-03	1.493922e-03
969           	5.419923e-04	7.689206e-01	7.620859e-01	3.018722e-03	1.041951e-03
970           	3.950892e-04	6.902084e-01	2.724689e-01	3.464689e-03	5.046973e-04
971           	3.847495e-04	6.864280e-01	7.652575e-01	5.039926e-03	9.423355e-04
972           	5.644261e-04	6.708763e-01	2.728111e-01	5.183615e-03	1.493918e-03
973           	5.419937e-04	7.689480e-01	7.621984e-01	3.018707e-03	1.041947e-03
974           	3.950914e-04	6.901970e-01	2.724674e-01	3.464674e-03	5.046941e-04
975           	3.847452e-04	6.864286e-01	7.652046e-01	5.039912e-03	9.423329e-04
976           	5.644210e-04	6.708957e-01	2.728285e-01	5.183600e-03	1.493915e-03
977           	5.419974e-04	7.689326e-01	7.620564e-01	3.018692e-03	1.041943e-03
978           	3.950927e-04	6.902186e-01	2.724710e-01	3.464659e-03	5.046909e-04
979           	3.847431e-04	6.864415e-01	7.652987e-01	5.039899e-03	9.423305e-04
980           	5.644176e-04	6.708843e-01	2.728117e-01	5.183586e-03	1.493911e-03
981           	5.419986e-04	7.689603e-01	7.621707e-01	3.018678e-03	1.041939e-03
982           	3.950949e-04	6.902042e-01	2.724657e-01	3.464645e-03	5.046879e-04
983           	3.847388e-04	6.864399e-01	7.652201e-01	5.039887e-03	9.423281e-04
984           	5.644128e-04	6.708995e-01	2.728277e-01	5.183572e-03	1.493908e-03
985           	5.420021e-04	7.689466e-01	7.620543e-01	3.018664e-03	1.041936e-03
986           	3.950960e-04	6.902282e-01	2.724692e-01	3.464631e-03	5.046850e-04
987           	3.847370e-04	6.864571e-01	7.653719e-01	5.039874e-03	9.423260e-04
988           	5.644095e-04	6.708903e-01	2.728130e-01	5.183559e-03	1.493905e-03
989           	5.420049e-04	7.689597e-01	7.620900e-01	3.018651e-03	1.041932e-03
990           	3.950979e-04	6.902274e-01	2.724667e-01	3.464618e-03	5.046823e-04
991           	3.847338e-04	6.864607e-01	7.653041e-01	5.039862e-03	9.423239e-04
992           	5.644060e-04	6.708925e-01	2.728199e-01	5.183546e-03	1.493902e-03
993           	5.420047e-04	7.689805e-01	7.621174e-01	3.018638e-03	1.041929e-03
994           	3.950993e-04	6.902208e-01	2.724654e-01	3.464605e-03	5.046797e-04
995           	3.847298e-04	6.864612e-01	7.652458e-01	5.039851e-03	9.423219e-04
996           	5.644012e-04	6.709108e-01	2.728235e-01	5.183534e-03	1.493900e-03
997           	5.420086e-04	7.689662e-01	7.620594e-01	3.018626e-03	1.041926e-03
998           	3.951007e-04	6.902389e-01	2.724690e-01	3.464593e-03	5.046771e-04
999           	3.847289e-04	6.864783e-01	7.654199e-01	5.039839e-03	9.423200e-04
1000          	5.643988e-04	6.708994e-01	2.728175e-01	5.183521e-03	1.493897e-03
