/*--------------------------------*- C++ -*----------------------------------*\
  =========                 |
  \\      /  F ield         | OpenFOAM: The Open Source CFD Toolbox
   \\    /   O peration     | Website:  https://openfoam.org
    \\  /    A nd           | Version:  11
     \\/     M anipulation  |
\*---------------------------------------------------------------------------*/
FoamFile
{
    format      ascii;
    class       volScalarField;
    location    "100";
    object      k;
}
// * * * * * * * * * * * * * * * * * * * * * * * * * * * * * * * * * * * * * //

dimensions      [0 2 -2 0 0 0 0];

internalField   nonuniform List<scalar> 
5000
(
0.966417
0.966521
0.96652
0.966446
0.966346
0.966235
0.966115
0.965989
0.965865
0.965746
0.965638
0.965546
0.965474
0.965427
0.96541
0.965419
0.965449
0.965494
0.965552
0.965618
0.965688
0.965759
0.965829
0.965898
0.965965
0.966029
0.966091
0.96615
0.966204
0.966254
0.966299
0.96634
0.966376
0.966408
0.966436
0.966457
0.966472
0.966481
0.966483
0.966482
0.96648
0.966481
0.96649
0.966509
0.966542
0.96659
0.966652
0.966726
0.96681
0.966898
0.966987
0.967071
0.967147
0.967212
0.967264
0.967301
0.967325
0.967337
0.967336
0.967327
0.96731
0.967287
0.967261
0.967231
0.967201
0.96717
0.967139
0.967111
0.967085
0.967061
0.96704
0.967022
0.967006
0.966993
0.966983
0.966975
0.966968
0.966963
0.966959
0.966956
0.966954
0.966953
0.966952
0.966952
0.966952
0.966952
0.966952
0.966952
0.966952
0.966953
0.966953
0.966953
0.966953
0.966953
0.966954
0.966954
0.966953
0.966959
0.966944
0.967032
0.826735
0.826709
0.826661
0.826572
0.826459
0.826346
0.826245
0.826168
0.826119
0.826104
0.826122
0.826171
0.826246
0.826341
0.826449
0.826562
0.826672
0.826774
0.826864
0.826941
0.827005
0.827056
0.827096
0.827128
0.827155
0.827176
0.827195
0.827212
0.827225
0.827237
0.827247
0.827256
0.827263
0.827268
0.827271
0.827273
0.827272
0.827271
0.82727
0.82727
0.827274
0.827284
0.827301
0.827327
0.82736
0.827401
0.827448
0.827499
0.82755
0.827599
0.827644
0.827681
0.82771
0.82773
0.827741
0.827744
0.827739
0.827729
0.827713
0.827695
0.827674
0.827653
0.827631
0.827611
0.827592
0.827575
0.827559
0.827546
0.827535
0.827526
0.827519
0.827513
0.827509
0.827506
0.827505
0.827504
0.827503
0.827503
0.827504
0.827504
0.827505
0.827506
0.827507
0.827507
0.827508
0.827509
0.827509
0.82751
0.82751
0.827511
0.827511
0.827511
0.827511
0.827511
0.827511
0.827512
0.827511
0.827513
0.827509
0.827524
0.789447
0.789317
0.789211
0.789083
0.788944
0.788818
0.788723
0.788672
0.78867
0.78872
0.788819
0.78896
0.789133
0.789325
0.789521
0.789709
0.78988
0.790027
0.790147
0.790239
0.790305
0.790348
0.790374
0.790387
0.79039
0.790388
0.790382
0.790374
0.790364
0.790354
0.790343
0.790332
0.790321
0.79031
0.790299
0.790287
0.790276
0.790266
0.790259
0.790257
0.79026
0.790271
0.79029
0.790316
0.790349
0.790388
0.79043
0.790472
0.790511
0.790546
0.790573
0.790592
0.790603
0.790605
0.790599
0.790587
0.79057
0.79055
0.790528
0.790505
0.790483
0.790461
0.790442
0.790425
0.790411
0.790399
0.79039
0.790383
0.790378
0.790376
0.790375
0.790375
0.790376
0.790377
0.79038
0.790382
0.790385
0.790387
0.79039
0.790392
0.790394
0.790396
0.790397
0.790399
0.7904
0.790401
0.790402
0.790402
0.790403
0.790403
0.790404
0.790404
0.790404
0.790404
0.790404
0.790404
0.790404
0.790404
0.790405
0.790398
0.761499
0.76127
0.761088
0.76091
0.760741
0.760604
0.760516
0.760488
0.760527
0.760633
0.760802
0.761022
0.761279
0.761554
0.761828
0.762084
0.762311
0.762501
0.762649
0.762756
0.762827
0.762866
0.762881
0.762877
0.762862
0.762839
0.762812
0.762783
0.762754
0.762724
0.762696
0.762668
0.762642
0.762617
0.762593
0.762571
0.762551
0.762534
0.762523
0.762516
0.762517
0.762525
0.76254
0.762561
0.762588
0.762619
0.76265
0.762681
0.762708
0.762729
0.762744
0.762751
0.762751
0.762744
0.762731
0.762714
0.762694
0.762673
0.762652
0.762632
0.762613
0.762596
0.762582
0.762571
0.762563
0.762557
0.762553
0.762552
0.762552
0.762554
0.762556
0.76256
0.762563
0.762568
0.762572
0.762576
0.762579
0.762583
0.762586
0.762589
0.762591
0.762593
0.762595
0.762597
0.762598
0.762599
0.7626
0.7626
0.762601
0.762601
0.762602
0.762602
0.762602
0.762602
0.762602
0.762602
0.762602
0.762602
0.762604
0.762588
0.736383
0.736064
0.735807
0.73558
0.735389
0.735247
0.735171
0.73517
0.735249
0.735407
0.735638
0.735928
0.736258
0.736606
0.736949
0.737266
0.737543
0.73777
0.737944
0.738067
0.738142
0.738179
0.738184
0.738168
0.738136
0.738095
0.738049
0.738002
0.737954
0.737907
0.737863
0.73782
0.73778
0.737743
0.737709
0.737678
0.73765
0.737628
0.737611
0.737599
0.737594
0.737595
0.737602
0.737613
0.737629
0.737647
0.737665
0.737683
0.737697
0.737707
0.737712
0.737711
0.737706
0.737696
0.737683
0.737668
0.737652
0.737636
0.737621
0.737607
0.737596
0.737587
0.73758
0.737575
0.737573
0.737572
0.737574
0.737577
0.73758
0.737585
0.73759
0.737595
0.7376
0.737605
0.73761
0.737615
0.737619
0.737622
0.737626
0.737628
0.737631
0.737633
0.737634
0.737636
0.737637
0.737638
0.737638
0.737639
0.737639
0.73764
0.73764
0.73764
0.73764
0.73764
0.737641
0.737641
0.737641
0.73764
0.737644
0.737623
0.712409
0.712011
0.711695
0.711437
0.711237
0.711104
0.711048
0.711078
0.711196
0.711403
0.711688
0.712037
0.712428
0.712836
0.713235
0.713603
0.713921
0.714181
0.714378
0.714514
0.714595
0.714629
0.714628
0.714601
0.714555
0.714499
0.714437
0.714373
0.71431
0.714249
0.71419
0.714135
0.714083
0.714036
0.713992
0.713953
0.713919
0.71389
0.713867
0.713849
0.713836
0.713827
0.713822
0.713821
0.713823
0.713826
0.71383
0.713834
0.713837
0.713837
0.713835
0.713831
0.713825
0.713817
0.713808
0.713799
0.71379
0.713782
0.713776
0.713771
0.713768
0.713767
0.713768
0.71377
0.713773
0.713778
0.713783
0.713789
0.713796
0.713802
0.713809
0.713815
0.713821
0.713826
0.713831
0.713835
0.713839
0.713843
0.713845
0.713848
0.71385
0.713852
0.713853
0.713854
0.713855
0.713856
0.713857
0.713857
0.713858
0.713858
0.713858
0.713858
0.713858
0.713858
0.713859
0.713859
0.713859
0.713858
0.713862
0.713841
0.688369
0.687897
0.687533
0.687251
0.687047
0.686924
0.686888
0.686943
0.687095
0.687339
0.687667
0.688063
0.688504
0.688963
0.689412
0.689825
0.690184
0.690477
0.690699
0.690852
0.690943
0.690981
0.690977
0.690943
0.690887
0.690818
0.690743
0.690665
0.690588
0.690513
0.690442
0.690376
0.690314
0.690258
0.690207
0.690161
0.690122
0.690087
0.690057
0.690031
0.690008
0.689987
0.689968
0.689952
0.689937
0.689924
0.689913
0.689903
0.689895
0.689888
0.689882
0.689877
0.689874
0.689871
0.68987
0.689871
0.689873
0.689877
0.689882
0.689888
0.689895
0.689903
0.689911
0.68992
0.689929
0.689938
0.689947
0.689955
0.689963
0.68997
0.689977
0.689984
0.689989
0.689994
0.689999
0.690003
0.690006
0.690009
0.690011
0.690013
0.690015
0.690016
0.690018
0.690018
0.690019
0.69002
0.69002
0.690021
0.690021
0.690021
0.690021
0.690022
0.690022
0.690022
0.690022
0.690022
0.690022
0.690021
0.690025
0.690008
0.663079
0.662568
0.662177
0.661887
0.661688
0.661578
0.66156
0.661636
0.66181
0.66208
0.662437
0.662865
0.663341
0.663838
0.664327
0.664779
0.665174
0.665499
0.665748
0.665922
0.666028
0.666075
0.666074
0.666037
0.665976
0.665898
0.665812
0.665723
0.665635
0.665549
0.665468
0.665393
0.665323
0.66526
0.665203
0.665153
0.665108
0.665068
0.665031
0.664997
0.664963
0.664931
0.664898
0.664866
0.664835
0.664807
0.664781
0.664759
0.664741
0.664728
0.66472
0.664716
0.664717
0.664721
0.66473
0.664741
0.664755
0.664771
0.664788
0.664805
0.664822
0.664839
0.664855
0.66487
0.664884
0.664897
0.664909
0.664919
0.664929
0.664937
0.664944
0.66495
0.664955
0.66496
0.664964
0.664967
0.66497
0.664972
0.664974
0.664975
0.664977
0.664978
0.664978
0.664979
0.66498
0.66498
0.664981
0.664981
0.664981
0.664981
0.664982
0.664982
0.664982
0.664982
0.664982
0.664982
0.664982
0.664981
0.664985
0.66497
0.6355
0.634986
0.634595
0.634311
0.634124
0.634027
0.634022
0.634111
0.634297
0.634578
0.634947
0.63539
0.635886
0.636406
0.636921
0.637404
0.637832
0.638188
0.638467
0.638667
0.638793
0.638855
0.638864
0.638832
0.63877
0.638689
0.638597
0.6385
0.638403
0.63831
0.638221
0.638139
0.638064
0.637996
0.637935
0.637881
0.637832
0.637788
0.637746
0.637704
0.637662
0.637619
0.637574
0.637529
0.637484
0.637442
0.637403
0.63737
0.637343
0.637325
0.637314
0.637312
0.637317
0.637329
0.637346
0.637368
0.637394
0.637421
0.637449
0.637477
0.637505
0.63753
0.637554
0.637576
0.637595
0.637612
0.637626
0.637639
0.63765
0.637658
0.637666
0.637672
0.637677
0.637681
0.637684
0.637687
0.637689
0.63769
0.637692
0.637693
0.637694
0.637694
0.637695
0.637696
0.637696
0.637696
0.637697
0.637697
0.637697
0.637697
0.637697
0.637698
0.637698
0.637698
0.637698
0.637698
0.637698
0.637697
0.637701
0.637686
0.60471
0.604228
0.603866
0.603607
0.603441
0.603362
0.603368
0.603463
0.603649
0.603929
0.604295
0.604735
0.605231
0.605757
0.606284
0.606785
0.607236
0.607619
0.607926
0.608153
0.608304
0.608387
0.608412
0.608392
0.608337
0.608258
0.608166
0.608067
0.607966
0.607868
0.607776
0.60769
0.607611
0.607541
0.607478
0.607421
0.607371
0.607324
0.607279
0.607234
0.607187
0.607137
0.607084
0.60703
0.606975
0.606922
0.606873
0.606831
0.606797
0.606773
0.60676
0.606758
0.606765
0.606782
0.606806
0.606837
0.606871
0.606909
0.606947
0.606985
0.607021
0.607055
0.607086
0.607114
0.607139
0.60716
0.607178
0.607193
0.607205
0.607215
0.607224
0.60723
0.607235
0.607239
0.607242
0.607244
0.607246
0.607247
0.607248
0.607249
0.607249
0.60725
0.60725
0.607251
0.607251
0.607251
0.607251
0.607252
0.607252
0.607252
0.607252
0.607252
0.607252
0.607252
0.607252
0.607253
0.607253
0.607252
0.607255
0.60724
0.57012
0.569701
0.569395
0.569181
0.569047
0.568988
0.569005
0.569103
0.569285
0.569552
0.569902
0.570325
0.570803
0.571314
0.571835
0.572337
0.572797
0.573197
0.573526
0.573779
0.573956
0.574063
0.57411
0.574108
0.574067
0.573999
0.573912
0.573817
0.573718
0.573621
0.573529
0.573443
0.573364
0.573294
0.573231
0.573175
0.573124
0.573077
0.573033
0.572987
0.57294
0.572889
0.572834
0.572776
0.572717
0.572659
0.572604
0.572556
0.572516
0.572487
0.572471
0.572466
0.572474
0.572492
0.572519
0.572554
0.572595
0.572639
0.572684
0.57273
0.572774
0.572815
0.572853
0.572887
0.572917
0.572943
0.572965
0.572984
0.572999
0.573011
0.573021
0.573028
0.573034
0.573038
0.573041
0.573044
0.573046
0.573047
0.573048
0.573048
0.573049
0.573049
0.573049
0.573049
0.57305
0.57305
0.57305
0.57305
0.57305
0.57305
0.57305
0.573051
0.573051
0.573051
0.573051
0.573051
0.573051
0.573051
0.573054
0.573038
0.531469
0.531136
0.530905
0.530747
0.530652
0.530618
0.530649
0.53075
0.530925
0.531176
0.531501
0.531892
0.532337
0.532817
0.533311
0.533796
0.534249
0.534653
0.534994
0.535265
0.535466
0.535599
0.535672
0.535692
0.535672
0.53562
0.535548
0.535463
0.535373
0.535282
0.535195
0.535113
0.535038
0.534971
0.53491
0.534857
0.534809
0.534765
0.534724
0.534682
0.534638
0.534592
0.534541
0.534486
0.534429
0.534371
0.534315
0.534265
0.534222
0.53419
0.53417
0.534162
0.534167
0.534183
0.53421
0.534246
0.534288
0.534335
0.534385
0.534435
0.534484
0.534531
0.534575
0.534614
0.53465
0.534681
0.534708
0.53473
0.534749
0.534764
0.534777
0.534786
0.534793
0.534799
0.534803
0.534806
0.534808
0.53481
0.534811
0.534812
0.534812
0.534813
0.534813
0.534813
0.534813
0.534813
0.534813
0.534813
0.534813
0.534814
0.534814
0.534814
0.534814
0.534814
0.534814
0.534814
0.534814
0.534814
0.534817
0.534801
0.488713
0.488486
0.488337
0.488237
0.488183
0.488176
0.488224
0.488332
0.488502
0.488736
0.489032
0.489384
0.489784
0.490217
0.490669
0.491119
0.491548
0.49194
0.492281
0.492562
0.492781
0.492937
0.493036
0.493083
0.493088
0.49306
0.493008
0.492941
0.492865
0.492787
0.49271
0.492637
0.49257
0.492509
0.492455
0.492406
0.492364
0.492326
0.49229
0.492255
0.492219
0.492181
0.492139
0.492093
0.492043
0.491992
0.491941
0.491893
0.491851
0.491818
0.491796
0.491785
0.491786
0.491799
0.491823
0.491856
0.491896
0.491942
0.491992
0.492044
0.492096
0.492146
0.492194
0.492239
0.492279
0.492315
0.492347
0.492374
0.492397
0.492416
0.492431
0.492444
0.492454
0.492461
0.492467
0.492471
0.492475
0.492477
0.492478
0.49248
0.49248
0.492481
0.492481
0.492481
0.492481
0.492482
0.492482
0.492482
0.492482
0.492482
0.492482
0.492482
0.492482
0.492482
0.492482
0.492482
0.492483
0.492482
0.492484
0.492471
0.442043
0.44193
0.441857
0.441811
0.441795
0.44182
0.441891
0.442011
0.442181
0.442401
0.442667
0.442976
0.443324
0.443702
0.444098
0.444498
0.444888
0.445253
0.44558
0.445861
0.446089
0.446263
0.446384
0.446458
0.446491
0.44649
0.446464
0.44642
0.446366
0.446306
0.446245
0.446185
0.44613
0.446079
0.446033
0.445993
0.445958
0.445927
0.4459
0.445874
0.445848
0.445821
0.445791
0.445757
0.44572
0.445679
0.445638
0.445597
0.445561
0.445531
0.445509
0.445497
0.445496
0.445505
0.445524
0.445553
0.445589
0.445632
0.445679
0.44573
0.445781
0.445833
0.445883
0.44593
0.445974
0.446014
0.44605
0.446081
0.446109
0.446132
0.446151
0.446167
0.44618
0.44619
0.446198
0.446204
0.446209
0.446213
0.446215
0.446217
0.446218
0.446219
0.44622
0.44622
0.44622
0.446221
0.446221
0.446221
0.446221
0.446221
0.446221
0.446221
0.446221
0.446221
0.446221
0.446221
0.446221
0.446221
0.446222
0.446212
0.39215
0.392141
0.39213
0.392131
0.392158
0.39222
0.392322
0.392461
0.392636
0.392843
0.393081
0.393348
0.393641
0.393957
0.39429
0.394631
0.39497
0.395294
0.395594
0.39586
0.396087
0.396269
0.396408
0.396505
0.396564
0.396591
0.396593
0.396576
0.396546
0.396508
0.396467
0.396425
0.396384
0.396346
0.396312
0.396282
0.396257
0.396235
0.396216
0.396199
0.396184
0.396168
0.396151
0.39613
0.396107
0.396079
0.39605
0.396021
0.395993
0.395969
0.395952
0.395942
0.39594
0.395947
0.395963
0.395987
0.396018
0.396056
0.396099
0.396145
0.396194
0.396244
0.396294
0.396342
0.396387
0.39643
0.396469
0.396504
0.396535
0.396562
0.396585
0.396605
0.396621
0.396634
0.396644
0.396653
0.396659
0.396664
0.396668
0.396671
0.396673
0.396674
0.396675
0.396676
0.396677
0.396677
0.396677
0.396677
0.396677
0.396677
0.396678
0.396678
0.396678
0.396678
0.396678
0.396678
0.396678
0.396678
0.396678
0.396673
0.340538
0.340606
0.340647
0.340698
0.340775
0.340883
0.34102
0.341182
0.341362
0.341558
0.341769
0.341994
0.342234
0.342488
0.342756
0.343032
0.343312
0.343586
0.343847
0.344088
0.344301
0.344482
0.344629
0.344741
0.344821
0.344873
0.3449
0.344909
0.344904
0.344889
0.344869
0.344845
0.344821
0.344797
0.344775
0.344756
0.344739
0.344726
0.344715
0.344706
0.344699
0.344693
0.344686
0.344676
0.344664
0.34465
0.344632
0.344614
0.344596
0.344581
0.344569
0.344563
0.344563
0.34457
0.344584
0.344605
0.344632
0.344665
0.344702
0.344744
0.344789
0.344835
0.344882
0.344929
0.344974
0.345017
0.345057
0.345094
0.345128
0.345157
0.345183
0.345205
0.345224
0.34524
0.345253
0.345264
0.345272
0.345279
0.345284
0.345288
0.345291
0.345293
0.345295
0.345296
0.345297
0.345297
0.345298
0.345298
0.345298
0.345298
0.345298
0.345298
0.345298
0.345298
0.345298
0.345298
0.345298
0.345299
0.345297
0.345298
0.289683
0.289791
0.289877
0.289979
0.290106
0.290256
0.290423
0.290601
0.290782
0.290966
0.291151
0.291338
0.29153
0.29173
0.291938
0.292154
0.292376
0.292598
0.292815
0.293022
0.293211
0.293379
0.293522
0.293639
0.29373
0.293796
0.293842
0.29387
0.293884
0.293888
0.293885
0.293877
0.293867
0.293855
0.293843
0.293832
0.293823
0.293815
0.29381
0.293806
0.293804
0.293803
0.293801
0.293797
0.293792
0.293784
0.293775
0.293765
0.293754
0.293746
0.293741
0.293739
0.293742
0.293751
0.293765
0.293784
0.293808
0.293838
0.293871
0.293908
0.293949
0.293991
0.294034
0.294077
0.294119
0.29416
0.294199
0.294236
0.294269
0.294299
0.294326
0.294349
0.29437
0.294387
0.294401
0.294413
0.294423
0.294431
0.294437
0.294442
0.294445
0.294448
0.29445
0.294452
0.294453
0.294454
0.294454
0.294454
0.294455
0.294455
0.294455
0.294455
0.294455
0.294455
0.294455
0.294455
0.294455
0.294455
0.294454
0.294457
0.242397
0.242515
0.242643
0.242793
0.242961
0.243142
0.243327
0.24351
0.243686
0.243854
0.244015
0.24417
0.244324
0.244479
0.244638
0.244803
0.244974
0.245148
0.245323
0.245493
0.245654
0.245802
0.245932
0.246044
0.246136
0.246208
0.246263
0.246303
0.24633
0.246347
0.246356
0.24636
0.24636
0.246357
0.246353
0.246348
0.246344
0.24634
0.246338
0.246336
0.246335
0.246335
0.246334
0.246332
0.246328
0.246323
0.246317
0.24631
0.246304
0.246299
0.246298
0.246299
0.246305
0.246316
0.24633
0.24635
0.246373
0.246401
0.246432
0.246465
0.246502
0.24654
0.246579
0.246618
0.246657
0.246694
0.24673
0.246764
0.246796
0.246824
0.24685
0.246873
0.246892
0.24691
0.246924
0.246936
0.246946
0.246954
0.246961
0.246966
0.24697
0.246974
0.246976
0.246978
0.246979
0.24698
0.246981
0.246981
0.246981
0.246982
0.246982
0.246982
0.246982
0.246982
0.246982
0.246982
0.246982
0.246982
0.246982
0.246981
0.200369
0.200492
0.200655
0.200843
0.201043
0.201244
0.201439
0.201621
0.201788
0.20194
0.202079
0.202207
0.202329
0.202448
0.202568
0.202692
0.20282
0.202954
0.20309
0.203227
0.20336
0.203486
0.203602
0.203705
0.203794
0.203868
0.203928
0.203975
0.204012
0.20404
0.204059
0.204073
0.204082
0.204088
0.204091
0.204092
0.204093
0.204093
0.204093
0.204094
0.204095
0.204095
0.204095
0.204094
0.204092
0.204088
0.204082
0.204077
0.204072
0.204069
0.204068
0.204071
0.204078
0.204089
0.204104
0.204123
0.204146
0.204172
0.204201
0.204232
0.204266
0.204301
0.204336
0.204372
0.204408
0.204442
0.204476
0.204507
0.204536
0.204563
0.204587
0.204608
0.204627
0.204644
0.204658
0.20467
0.20468
0.204688
0.204695
0.2047
0.204704
0.204708
0.20471
0.204712
0.204714
0.204715
0.204715
0.204716
0.204716
0.204717
0.204717
0.204717
0.204717
0.204717
0.204717
0.204717
0.204717
0.204717
0.204717
0.204712
0.162264
0.162403
0.162598
0.162817
0.16304
0.163254
0.163452
0.163631
0.163788
0.163926
0.164046
0.164153
0.164249
0.16434
0.16443
0.16452
0.164615
0.164714
0.164818
0.164925
0.165033
0.165138
0.165239
0.165332
0.165416
0.16549
0.165554
0.165608
0.165653
0.165691
0.165722
0.165747
0.165767
0.165783
0.165796
0.165806
0.165814
0.165821
0.165827
0.165833
0.165839
0.165844
0.165849
0.165852
0.165854
0.165855
0.165854
0.165852
0.165851
0.165851
0.165854
0.165859
0.165867
0.165879
0.165893
0.165911
0.165932
0.165955
0.165981
0.166009
0.166039
0.16607
0.166102
0.166134
0.166166
0.166198
0.166228
0.166258
0.166285
0.166311
0.166334
0.166355
0.166374
0.166391
0.166405
0.166418
0.166428
0.166437
0.166444
0.16645
0.166455
0.166459
0.166462
0.166464
0.166466
0.166467
0.166468
0.166468
0.166469
0.166469
0.166469
0.16647
0.16647
0.16647
0.16647
0.16647
0.16647
0.16647
0.16647
0.166462
0.127061
0.127219
0.127431
0.127662
0.127891
0.128105
0.128298
0.128467
0.128613
0.128737
0.128841
0.12893
0.129008
0.129078
0.129144
0.12921
0.129278
0.12935
0.129427
0.129508
0.129591
0.129676
0.129761
0.129842
0.129919
0.129989
0.130054
0.130112
0.130164
0.13021
0.13025
0.130286
0.130317
0.130343
0.130366
0.130386
0.130403
0.130418
0.130432
0.130445
0.130457
0.130468
0.130479
0.130488
0.130496
0.130502
0.130507
0.130512
0.130516
0.130521
0.130527
0.130535
0.130545
0.130558
0.130572
0.13059
0.130609
0.13063
0.130653
0.130677
0.130703
0.13073
0.130758
0.130787
0.130816
0.130844
0.130872
0.130899
0.130925
0.13095
0.130972
0.130993
0.131012
0.131028
0.131043
0.131056
0.131067
0.131076
0.131084
0.131091
0.131096
0.1311
0.131104
0.131106
0.131108
0.13111
0.131111
0.131112
0.131112
0.131113
0.131113
0.131113
0.131113
0.131113
0.131113
0.131113
0.131113
0.131113
0.131114
0.131105
0.0947123
0.0948827
0.0950895
0.0953069
0.0955184
0.0957143
0.0958894
0.0960418
0.0961719
0.0962811
0.0963722
0.0964482
0.0965125
0.0965685
0.0966193
0.096668
0.0967171
0.0967683
0.0968231
0.0968818
0.0969443
0.0970096
0.0970764
0.0971433
0.0972088
0.097272
0.097332
0.0973885
0.0974414
0.0974907
0.0975362
0.097578
0.097616
0.0976504
0.0976812
0.0977088
0.0977336
0.0977561
0.0977767
0.0977958
0.0978136
0.0978302
0.0978456
0.0978596
0.0978722
0.0978834
0.0978935
0.0979026
0.0979112
0.09792
0.0979298
0.0979408
0.0979534
0.0979677
0.0979836
0.098001
0.0980199
0.0980401
0.0980615
0.098084
0.0981074
0.0981316
0.0981564
0.0981816
0.098207
0.0982323
0.0982572
0.0982814
0.0983046
0.0983266
0.0983472
0.0983663
0.0983838
0.0983995
0.0984136
0.0984259
0.0984367
0.0984459
0.0984537
0.0984602
0.0984656
0.09847
0.0984736
0.0984764
0.0984786
0.0984802
0.0984815
0.0984824
0.0984831
0.0984836
0.0984839
0.0984841
0.0984842
0.0984842
0.0984842
0.0984842
0.0984842
0.0984842
0.0984846
0.0984785
0.066173
0.0663354
0.0665124
0.066693
0.066868
0.0670308
0.0671774
0.0673059
0.0674162
0.0675093
0.0675871
0.0676519
0.067706
0.0677521
0.0677926
0.0678297
0.0678655
0.0679017
0.0679397
0.0679803
0.0680239
0.0680703
0.0681189
0.068169
0.0682196
0.06827
0.0683196
0.0683681
0.0684151
0.0684604
0.0685039
0.0685453
0.0685842
0.0686205
0.0686542
0.0686851
0.0687136
0.0687399
0.0687643
0.0687868
0.0688078
0.0688272
0.0688451
0.0688614
0.0688762
0.0688897
0.0689022
0.0689139
0.0689252
0.0689365
0.0689486
0.0689617
0.068976
0.0689917
0.0690086
0.0690267
0.0690459
0.0690658
0.0690865
0.0691078
0.0691294
0.0691514
0.0691735
0.0691956
0.0692176
0.0692393
0.0692605
0.069281
0.0693006
0.0693192
0.0693366
0.0693527
0.0693674
0.0693808
0.0693927
0.0694033
0.0694125
0.0694204
0.0694272
0.069433
0.0694377
0.0694417
0.0694448
0.0694474
0.0694493
0.0694509
0.069452
0.0694529
0.0694535
0.069454
0.0694542
0.0694544
0.0694545
0.0694546
0.0694546
0.0694545
0.0694545
0.0694546
0.0694543
0.0694527
0.0437386
0.0438586
0.0439872
0.0441202
0.0442515
0.044376
0.04449
0.0445915
0.0446796
0.0447548
0.0448181
0.0448709
0.0449148
0.0449515
0.0449828
0.0450103
0.0450355
0.0450597
0.045084
0.0451092
0.0451361
0.0451647
0.0451952
0.0452272
0.0452604
0.0452943
0.0453287
0.0453632
0.0453977
0.045432
0.0454658
0.0454988
0.0455307
0.0455614
0.0455904
0.0456179
0.0456437
0.0456678
0.0456904
0.0457114
0.0457308
0.0457488
0.0457654
0.0457804
0.0457942
0.0458067
0.0458185
0.0458299
0.0458412
0.0458529
0.0458652
0.0458786
0.0458931
0.0459088
0.0459256
0.0459434
0.045962
0.0459812
0.0460008
0.0460206
0.0460404
0.0460601
0.0460795
0.0460986
0.0461171
0.0461349
0.046152
0.0461683
0.0461836
0.0461979
0.0462112
0.0462233
0.0462344
0.0462442
0.046253
0.0462608
0.0462675
0.0462733
0.0462782
0.0462824
0.0462858
0.0462886
0.0462909
0.0462927
0.0462942
0.0462953
0.0462961
0.0462967
0.0462971
0.0462974
0.0462976
0.0462977
0.0462978
0.0462978
0.0462978
0.0462978
0.0462977
0.0462978
0.0462973
0.0462986
0.0305625
0.0306311
0.030719
0.0308167
0.0309167
0.0310133
0.0311029
0.0311832
0.0312531
0.0313127
0.0313625
0.0314036
0.0314371
0.0314644
0.0314866
0.031505
0.0315208
0.031535
0.0315485
0.031562
0.0315762
0.0315913
0.0316076
0.0316252
0.031644
0.0316639
0.0316848
0.0317063
0.0317283
0.0317505
0.0317728
0.0317949
0.0318167
0.0318379
0.0318585
0.0318782
0.031897
0.0319147
0.0319313
0.0319467
0.0319609
0.031974
0.031986
0.031997
0.0320071
0.0320167
0.0320261
0.0320356
0.0320458
0.0320567
0.0320687
0.0320817
0.0320959
0.0321113
0.0321276
0.0321449
0.0321628
0.0321812
0.0321999
0.0322187
0.0322373
0.0322555
0.0322732
0.0322902
0.0323065
0.0323218
0.0323362
0.0323495
0.0323617
0.0323729
0.0323829
0.0323919
0.0323999
0.032407
0.0324131
0.0324184
0.0324229
0.0324267
0.0324298
0.0324325
0.0324346
0.0324363
0.0324377
0.0324388
0.0324396
0.0324402
0.0324407
0.032441
0.0324412
0.0324414
0.0324415
0.0324415
0.0324415
0.0324415
0.0324415
0.0324414
0.0324414
0.0324414
0.0324413
0.0324411
0.0294767
0.0295405
0.0296234
0.0297161
0.0298112
0.0299029
0.0299875
0.0300627
0.0301277
0.0301823
0.0302274
0.0302637
0.0302927
0.0303155
0.0303335
0.0303479
0.0303598
0.0303704
0.0303805
0.0303908
0.0304019
0.0304143
0.030428
0.0304434
0.0304602
0.0304785
0.030498
0.0305182
0.0305387
0.0305592
0.0305794
0.0305991
0.0306182
0.0306365
0.030654
0.0306705
0.0306858
0.0307
0.0307128
0.0307242
0.0307345
0.0307436
0.030752
0.03076
0.0307681
0.0307765
0.0307858
0.0307962
0.030808
0.0308213
0.0308361
0.0308523
0.0308697
0.0308883
0.0309077
0.0309278
0.0309484
0.0309693
0.0309902
0.031011
0.0310314
0.0310514
0.0310706
0.031089
0.0311064
0.0311227
0.0311379
0.031152
0.0311648
0.0311764
0.0311868
0.0311961
0.0312043
0.0312114
0.0312176
0.031223
0.0312275
0.0312314
0.0312345
0.0312372
0.0312394
0.0312411
0.0312425
0.0312436
0.0312445
0.0312451
0.0312456
0.031246
0.0312463
0.0312465
0.0312466
0.0312467
0.0312468
0.0312468
0.0312468
0.0312468
0.0312468
0.0312469
0.0312468
0.0312469
0.0410414
0.0411602
0.0412841
0.0414104
0.041534
0.0416496
0.0417539
0.041845
0.0419222
0.0419861
0.042038
0.0420793
0.0421119
0.0421377
0.0421583
0.0421756
0.0421912
0.0422063
0.0422221
0.0422395
0.0422589
0.0422808
0.0423053
0.0423322
0.0423614
0.0423923
0.0424242
0.0424564
0.0424881
0.0425186
0.0425474
0.0425744
0.0425993
0.0426221
0.0426428
0.0426614
0.0426777
0.0426917
0.0427034
0.042713
0.0427209
0.0427276
0.0427339
0.0427407
0.0427488
0.0427589
0.0427716
0.0427869
0.0428049
0.0428251
0.0428475
0.0428717
0.0428971
0.0429234
0.0429502
0.0429774
0.0430047
0.0430318
0.0430587
0.0430852
0.0431112
0.0431364
0.0431609
0.0431845
0.0432071
0.0432285
0.0432488
0.0432677
0.0432853
0.0433016
0.0433164
0.0433298
0.0433419
0.0433527
0.0433622
0.0433705
0.0433777
0.0433839
0.0433892
0.0433936
0.0433973
0.0434004
0.0434029
0.0434049
0.0434065
0.0434078
0.0434088
0.0434096
0.0434103
0.0434107
0.0434111
0.0434113
0.0434115
0.0434117
0.0434118
0.0434119
0.0434119
0.0434121
0.0434117
0.0434139
0.0636839
0.0638544
0.0640365
0.064219
0.0643927
0.0645512
0.0646908
0.0648101
0.0649094
0.0649902
0.0650547
0.0651058
0.0651462
0.0651788
0.0652064
0.0652314
0.065256
0.0652819
0.0653104
0.0653422
0.0653777
0.065417
0.0654598
0.0655054
0.0655531
0.0656016
0.0656499
0.0656967
0.0657411
0.0657822
0.0658196
0.0658532
0.0658828
0.0659087
0.065931
0.0659499
0.0659655
0.065978
0.0659875
0.0659946
0.0659999
0.0660045
0.0660096
0.0660164
0.0660261
0.0660394
0.0660567
0.0660778
0.0661024
0.0661297
0.0661587
0.066189
0.0662202
0.0662517
0.0662832
0.0663145
0.0663456
0.0663763
0.0664068
0.0664368
0.0664666
0.0664959
0.0665247
0.0665529
0.0665804
0.0666071
0.0666326
0.066657
0.0666801
0.0667017
0.0667217
0.0667401
0.0667569
0.0667719
0.0667854
0.0667972
0.0668075
0.0668165
0.0668241
0.0668305
0.066836
0.0668405
0.0668441
0.0668471
0.0668495
0.0668515
0.066853
0.0668541
0.066855
0.0668557
0.0668562
0.0668566
0.0668569
0.0668571
0.0668573
0.0668574
0.0668574
0.0668577
0.0668575
0.0668571
0.093564
0.0937426
0.0939615
0.0941896
0.0944077
0.0946055
0.0947781
0.094924
0.0950444
0.0951418
0.0952194
0.095281
0.0953309
0.0953729
0.0954107
0.0954474
0.0954855
0.095527
0.0955728
0.0956233
0.0956782
0.095737
0.0957986
0.0958618
0.0959252
0.0959871
0.096046
0.0961006
0.09615
0.0961936
0.0962314
0.0962634
0.0962901
0.0963119
0.0963295
0.0963433
0.0963534
0.0963603
0.0963644
0.0963665
0.0963677
0.0963691
0.0963724
0.0963787
0.0963893
0.0964046
0.0964247
0.0964491
0.0964769
0.096507
0.0965385
0.0965704
0.0966023
0.096634
0.0966652
0.0966962
0.0967268
0.0967574
0.0967879
0.0968186
0.0968494
0.0968803
0.0969113
0.0969421
0.0969727
0.0970027
0.0970319
0.09706
0.0970867
0.097112
0.0971355
0.0971572
0.0971769
0.0971947
0.0972106
0.0972245
0.0972367
0.0972472
0.0972561
0.0972636
0.0972699
0.0972751
0.0972793
0.0972827
0.0972854
0.0972875
0.0972892
0.0972905
0.0972915
0.0972922
0.0972927
0.0972931
0.0972934
0.0972936
0.0972937
0.0972938
0.0972938
0.0972939
0.0972946
0.0972887
0.127339
0.127497
0.127721
0.127967
0.128207
0.128429
0.128623
0.128789
0.128927
0.12904
0.129132
0.129207
0.12927
0.129327
0.129381
0.129435
0.129493
0.129556
0.129624
0.129697
0.129773
0.129851
0.129929
0.130006
0.13008
0.130148
0.13021
0.130265
0.130311
0.130349
0.13038
0.130403
0.130421
0.130434
0.130442
0.130447
0.130449
0.130448
0.130445
0.130441
0.130437
0.130434
0.130435
0.13044
0.13045
0.130465
0.130486
0.13051
0.130538
0.130568
0.130598
0.130629
0.130659
0.130689
0.130719
0.130748
0.130778
0.130807
0.130838
0.130869
0.130901
0.130933
0.130966
0.130999
0.131032
0.131064
0.131096
0.131126
0.131155
0.131182
0.131207
0.13123
0.131251
0.13127
0.131287
0.131301
0.131313
0.131324
0.131333
0.131341
0.131347
0.131352
0.131356
0.131359
0.131362
0.131364
0.131365
0.131366
0.131367
0.131368
0.131368
0.131369
0.131369
0.131369
0.131369
0.131369
0.131369
0.131369
0.13137
0.13136
0.16361
0.163738
0.163939
0.164171
0.164408
0.164634
0.164838
0.165016
0.16517
0.1653
0.16541
0.165504
0.165588
0.165667
0.165746
0.165827
0.165912
0.166003
0.166098
0.166195
0.166294
0.16639
0.166483
0.166569
0.166648
0.166718
0.166777
0.166825
0.166862
0.16689
0.166909
0.166921
0.166927
0.166928
0.166926
0.166921
0.166913
0.166904
0.166894
0.166884
0.166875
0.166869
0.166866
0.166869
0.166878
0.166892
0.166911
0.166935
0.166961
0.166989
0.167017
0.167046
0.167074
0.167103
0.167131
0.16716
0.16719
0.167221
0.167253
0.167286
0.16732
0.167355
0.16739
0.167425
0.167461
0.167495
0.167528
0.16756
0.16759
0.167618
0.167643
0.167666
0.167687
0.167705
0.167721
0.167735
0.167746
0.167756
0.167765
0.167771
0.167777
0.167781
0.167785
0.167788
0.16779
0.167791
0.167793
0.167794
0.167794
0.167795
0.167795
0.167795
0.167795
0.167795
0.167795
0.167795
0.167795
0.167795
0.167797
0.167786
0.202278
0.202378
0.202536
0.202732
0.202944
0.203158
0.203361
0.203548
0.203716
0.203865
0.203997
0.204117
0.20423
0.20434
0.204452
0.204567
0.204688
0.204812
0.204938
0.205063
0.205184
0.205298
0.205402
0.205495
0.205575
0.205641
0.205692
0.205731
0.205757
0.205771
0.205777
0.205776
0.20577
0.20576
0.205747
0.205733
0.205718
0.205702
0.205685
0.20567
0.205657
0.205648
0.205643
0.205644
0.205651
0.205664
0.205682
0.205703
0.205727
0.205753
0.205779
0.205806
0.205834
0.205862
0.20589
0.20592
0.205952
0.205985
0.20602
0.206056
0.206093
0.206131
0.206169
0.206208
0.206245
0.206281
0.206316
0.206349
0.206379
0.206407
0.206432
0.206455
0.206475
0.206492
0.206507
0.206519
0.20653
0.206539
0.206546
0.206552
0.206557
0.20656
0.206563
0.206566
0.206567
0.206568
0.206569
0.20657
0.20657
0.206571
0.206571
0.206571
0.206571
0.206571
0.206571
0.206571
0.206571
0.206571
0.206571
0.206564
0.244324
0.244402
0.244514
0.244663
0.244841
0.245034
0.245231
0.245423
0.245604
0.245774
0.245934
0.246086
0.246235
0.246385
0.246539
0.246697
0.24686
0.247023
0.247185
0.247339
0.247484
0.247614
0.247728
0.247824
0.247902
0.247961
0.248004
0.24803
0.248043
0.248044
0.248037
0.248024
0.248006
0.247986
0.247965
0.247944
0.247922
0.247901
0.247881
0.247863
0.247849
0.247839
0.247834
0.247835
0.247842
0.247855
0.247872
0.247893
0.247916
0.24794
0.247965
0.247992
0.248018
0.248046
0.248076
0.248107
0.24814
0.248176
0.248213
0.248253
0.248293
0.248335
0.248376
0.248417
0.248457
0.248496
0.248532
0.248566
0.248597
0.248626
0.248651
0.248673
0.248692
0.248709
0.248723
0.248735
0.248745
0.248753
0.248759
0.248764
0.248768
0.248771
0.248774
0.248776
0.248777
0.248778
0.248778
0.248779
0.248779
0.248779
0.248779
0.248779
0.248779
0.248779
0.248779
0.248779
0.248779
0.248779
0.248779
0.248778
0.291386
0.291459
0.291532
0.291637
0.291778
0.291946
0.292131
0.292325
0.29252
0.292713
0.292904
0.293096
0.29329
0.293491
0.293697
0.293908
0.294121
0.294331
0.294531
0.294717
0.294884
0.295029
0.295149
0.295245
0.295317
0.295366
0.295396
0.295409
0.295407
0.295395
0.295375
0.29535
0.295323
0.295295
0.295267
0.295241
0.295215
0.295192
0.295172
0.295154
0.295141
0.295134
0.295132
0.295136
0.295146
0.295161
0.29518
0.295202
0.295225
0.29525
0.295274
0.2953
0.295326
0.295353
0.295383
0.295414
0.295449
0.295485
0.295525
0.295566
0.295609
0.295653
0.295698
0.295742
0.295784
0.295825
0.295863
0.295899
0.295931
0.295961
0.295987
0.296009
0.296029
0.296046
0.29606
0.296072
0.296081
0.296089
0.296095
0.2961
0.296104
0.296106
0.296109
0.29611
0.296111
0.296112
0.296112
0.296113
0.296113
0.296113
0.296113
0.296113
0.296113
0.296112
0.296112
0.296112
0.296112
0.296112
0.296111
0.296115
0.342274
0.342329
0.342361
0.342412
0.342499
0.342625
0.342783
0.342967
0.343169
0.343384
0.343612
0.343852
0.344104
0.344367
0.344638
0.344912
0.345182
0.345441
0.34568
0.345894
0.346076
0.346226
0.346343
0.346428
0.346484
0.346514
0.346524
0.346516
0.346494
0.346464
0.346428
0.346389
0.34635
0.346312
0.346277
0.346244
0.346214
0.346188
0.346165
0.346146
0.346131
0.346122
0.346117
0.346118
0.346124
0.346134
0.346148
0.346163
0.34618
0.346199
0.346219
0.34624
0.346263
0.34629
0.346319
0.346352
0.346388
0.346428
0.346471
0.346516
0.346562
0.34661
0.346657
0.346703
0.346747
0.346789
0.346828
0.346864
0.346895
0.346924
0.346949
0.34697
0.346988
0.347003
0.347016
0.347026
0.347034
0.347041
0.347046
0.347049
0.347052
0.347054
0.347056
0.347057
0.347058
0.347058
0.347058
0.347058
0.347058
0.347058
0.347058
0.347058
0.347058
0.347057
0.347057
0.347057
0.347057
0.347057
0.347056
0.347059
0.394063
0.394066
0.394055
0.394057
0.394091
0.39417
0.394294
0.39446
0.394664
0.3949
0.395166
0.395459
0.395774
0.396107
0.396448
0.396788
0.397115
0.397419
0.39769
0.397921
0.398109
0.398253
0.398356
0.39842
0.398451
0.398456
0.398439
0.398406
0.398362
0.398312
0.398259
0.398205
0.398154
0.398106
0.398062
0.398023
0.397987
0.397956
0.397928
0.397905
0.397885
0.397868
0.397856
0.397847
0.397842
0.39784
0.397841
0.397844
0.397851
0.39786
0.397873
0.39789
0.39791
0.397936
0.397966
0.398001
0.398041
0.398085
0.398131
0.39818
0.39823
0.39828
0.398329
0.398376
0.39842
0.398461
0.398498
0.398531
0.39856
0.398586
0.398608
0.398626
0.398641
0.398653
0.398663
0.398671
0.398677
0.398682
0.398685
0.398688
0.39869
0.398691
0.398692
0.398692
0.398692
0.398692
0.398692
0.398692
0.398692
0.398692
0.398691
0.398691
0.398691
0.398691
0.398691
0.39869
0.39869
0.398691
0.39869
0.398687
0.44411
0.444021
0.443957
0.443914
0.443905
0.443944
0.444037
0.444187
0.444391
0.444648
0.444952
0.445299
0.445678
0.446079
0.446487
0.446887
0.447263
0.447602
0.447894
0.448132
0.448314
0.448442
0.448521
0.448559
0.448561
0.448537
0.448494
0.448437
0.448372
0.448303
0.448234
0.448168
0.448106
0.448049
0.447998
0.447952
0.447911
0.447875
0.447842
0.447812
0.447784
0.447758
0.447734
0.447712
0.447692
0.447676
0.447663
0.447654
0.447649
0.44765
0.447657
0.44767
0.44769
0.447716
0.447748
0.447787
0.44783
0.447877
0.447927
0.447979
0.44803
0.448081
0.448129
0.448174
0.448216
0.448254
0.448288
0.448317
0.448343
0.448364
0.448382
0.448396
0.448408
0.448417
0.448424
0.448429
0.448433
0.448436
0.448438
0.44844
0.44844
0.448441
0.448441
0.448441
0.448441
0.44844
0.44844
0.44844
0.448439
0.448439
0.448439
0.448439
0.448438
0.448438
0.448438
0.448438
0.448438
0.448438
0.448439
0.44843
0.490744
0.490542
0.490407
0.490315
0.49027
0.490278
0.490348
0.490487
0.490696
0.490973
0.491315
0.491713
0.492151
0.492614
0.49308
0.493529
0.49394
0.494301
0.4946
0.494832
0.494999
0.495104
0.495156
0.495165
0.495139
0.495088
0.495021
0.494944
0.494861
0.494778
0.494698
0.494622
0.494552
0.494489
0.494432
0.494382
0.494338
0.494297
0.494259
0.494222
0.494186
0.49415
0.494115
0.49408
0.494047
0.494018
0.493993
0.493974
0.493962
0.493958
0.493961
0.493973
0.493993
0.494021
0.494056
0.494097
0.494143
0.494192
0.494243
0.494295
0.494346
0.494394
0.49444
0.494482
0.49452
0.494553
0.494582
0.494606
0.494627
0.494644
0.494658
0.494668
0.494677
0.494683
0.494688
0.494691
0.494693
0.494695
0.494695
0.494696
0.494696
0.494696
0.494695
0.494695
0.494695
0.494694
0.494694
0.494693
0.494693
0.494693
0.494692
0.494692
0.494692
0.494692
0.494692
0.494691
0.494691
0.494691
0.494693
0.494681
0.533249
0.532934
0.532718
0.532572
0.53249
0.532474
0.532529
0.532663
0.53288
0.533179
0.533556
0.533997
0.534486
0.534998
0.535507
0.535988
0.53642
0.536787
0.537081
0.537298
0.537443
0.537522
0.537547
0.537529
0.537478
0.537406
0.537321
0.537229
0.537135
0.537043
0.536955
0.536873
0.536799
0.536733
0.536674
0.536621
0.536574
0.536531
0.53649
0.536449
0.536407
0.536364
0.53632
0.536277
0.536235
0.536198
0.536166
0.536141
0.536125
0.536118
0.53612
0.536132
0.536152
0.536181
0.536217
0.536259
0.536305
0.536353
0.536403
0.536452
0.536499
0.536543
0.536584
0.536621
0.536654
0.536682
0.536705
0.536725
0.536741
0.536754
0.536764
0.536772
0.536778
0.536782
0.536785
0.536786
0.536787
0.536788
0.536788
0.536788
0.536787
0.536787
0.536786
0.536786
0.536785
0.536785
0.536784
0.536784
0.536784
0.536783
0.536783
0.536783
0.536783
0.536783
0.536782
0.536782
0.536782
0.536782
0.536784
0.53677
0.571475
0.571064
0.570771
0.570572
0.570455
0.570418
0.570463
0.570596
0.570822
0.571141
0.571545
0.57202
0.572544
0.573088
0.573621
0.574117
0.574552
0.574912
0.57519
0.575386
0.575506
0.575559
0.57556
0.575519
0.575451
0.575363
0.575266
0.575166
0.575066
0.57497
0.574879
0.574796
0.574721
0.574654
0.574595
0.574542
0.574496
0.574452
0.57441
0.574368
0.574325
0.57428
0.574234
0.574188
0.574144
0.574103
0.574069
0.574043
0.574025
0.574017
0.574019
0.57403
0.574049
0.574077
0.574111
0.57415
0.574192
0.574236
0.57428
0.574324
0.574365
0.574403
0.574438
0.574469
0.574495
0.574518
0.574537
0.574553
0.574565
0.574575
0.574582
0.574588
0.574592
0.574595
0.574596
0.574597
0.574598
0.574598
0.574598
0.574597
0.574597
0.574596
0.574596
0.574595
0.574595
0.574594
0.574594
0.574594
0.574593
0.574593
0.574593
0.574593
0.574592
0.574592
0.574592
0.574592
0.574592
0.574591
0.574594
0.574579
0.605526
0.605045
0.604693
0.604451
0.604306
0.604252
0.604288
0.60442
0.604652
0.604983
0.605404
0.605898
0.606438
0.606994
0.607532
0.608024
0.608447
0.608788
0.609043
0.609214
0.609309
0.60934
0.609321
0.609265
0.609184
0.609089
0.608987
0.608883
0.608783
0.608688
0.608599
0.608518
0.608445
0.60838
0.608323
0.608272
0.608228
0.608187
0.608148
0.60811
0.60807
0.608029
0.607987
0.607945
0.607905
0.607867
0.607835
0.60781
0.607793
0.607784
0.607783
0.607791
0.607807
0.60783
0.607858
0.60789
0.607924
0.60796
0.607997
0.608032
0.608065
0.608095
0.608123
0.608148
0.608169
0.608187
0.608202
0.608214
0.608224
0.608232
0.608237
0.608242
0.608245
0.608247
0.608249
0.60825
0.60825
0.60825
0.60825
0.60825
0.60825
0.608249
0.608249
0.608248
0.608248
0.608248
0.608247
0.608247
0.608247
0.608247
0.608247
0.608246
0.608246
0.608246
0.608246
0.608246
0.608246
0.608245
0.608248
0.608233
0.635725
0.635208
0.634826
0.63456
0.634395
0.634325
0.634351
0.634478
0.634708
0.63504
0.635463
0.635957
0.636495
0.637042
0.637566
0.638038
0.638437
0.638752
0.63898
0.639126
0.6392
0.639215
0.639183
0.639119
0.639033
0.638936
0.638834
0.638733
0.638636
0.638546
0.638463
0.638387
0.638319
0.638258
0.638205
0.638158
0.638118
0.638082
0.63805
0.638019
0.637989
0.637958
0.637926
0.637894
0.637863
0.637833
0.637807
0.637784
0.637768
0.637758
0.637754
0.637757
0.637765
0.637779
0.637797
0.637819
0.637843
0.637868
0.637893
0.637918
0.637942
0.637964
0.637985
0.638003
0.638019
0.638033
0.638044
0.638054
0.638062
0.638069
0.638074
0.638079
0.638082
0.638084
0.638086
0.638087
0.638088
0.638089
0.638089
0.638089
0.638089
0.638089
0.638089
0.638089
0.638089
0.638089
0.638089
0.638088
0.638088
0.638088
0.638088
0.638088
0.638088
0.638088
0.638087
0.638087
0.638087
0.638086
0.63809
0.638075
0.662716
0.662201
0.661821
0.661549
0.661372
0.661287
0.661298
0.66141
0.661627
0.661945
0.662352
0.662829
0.663344
0.663866
0.664361
0.664802
0.66517
0.665457
0.66566
0.665786
0.665844
0.665849
0.665812
0.665746
0.665661
0.665568
0.665471
0.665377
0.665287
0.665205
0.66513
0.665062
0.665001
0.664946
0.664898
0.664857
0.664823
0.664794
0.664771
0.664751
0.664734
0.664717
0.6647
0.664683
0.664664
0.664645
0.664627
0.66461
0.664595
0.664583
0.664575
0.66457
0.66457
0.664573
0.66458
0.664589
0.6646
0.664612
0.664625
0.664639
0.664653
0.664666
0.664679
0.664691
0.664702
0.664712
0.664721
0.664729
0.664736
0.664742
0.664748
0.664752
0.664756
0.664759
0.664762
0.664764
0.664765
0.664766
0.664767
0.664768
0.664769
0.664769
0.664769
0.664769
0.664769
0.664769
0.664769
0.664769
0.664769
0.664769
0.664769
0.664769
0.664769
0.664769
0.664769
0.664769
0.664769
0.664768
0.664772
0.664754
0.687459
0.686989
0.686637
0.686372
0.686186
0.686084
0.686074
0.686162
0.686352
0.686641
0.687016
0.687457
0.687935
0.688417
0.688873
0.689277
0.689612
0.689871
0.690053
0.690165
0.690215
0.690216
0.690181
0.690119
0.690041
0.689955
0.689868
0.689783
0.689703
0.689631
0.689566
0.689507
0.689455
0.689409
0.689368
0.689334
0.689306
0.689286
0.689273
0.689265
0.689261
0.689261
0.689261
0.689259
0.689256
0.68925
0.689241
0.68923
0.689217
0.689205
0.689193
0.689182
0.689173
0.689165
0.689159
0.689156
0.689154
0.689153
0.689154
0.689157
0.68916
0.689165
0.68917
0.689176
0.689182
0.689188
0.689195
0.689201
0.689207
0.689213
0.689218
0.689223
0.689227
0.689231
0.689234
0.689237
0.68924
0.689242
0.689243
0.689245
0.689246
0.689246
0.689247
0.689248
0.689248
0.689248
0.689248
0.689248
0.689248
0.689248
0.689248
0.689248
0.689248
0.689248
0.689248
0.689248
0.689248
0.689247
0.689252
0.68923
0.711004
0.710613
0.710313
0.710068
0.709881
0.709764
0.709729
0.709787
0.70994
0.710186
0.710514
0.710904
0.71133
0.71176
0.712167
0.712528
0.712829
0.713061
0.713225
0.713327
0.713374
0.713378
0.713349
0.713297
0.71323
0.713156
0.71308
0.713007
0.71294
0.712879
0.712825
0.712778
0.712736
0.712699
0.712667
0.712641
0.712621
0.712609
0.712605
0.712608
0.712618
0.712632
0.712649
0.712664
0.712676
0.712684
0.712686
0.712683
0.712676
0.712664
0.712651
0.712635
0.712619
0.712602
0.712586
0.712571
0.712557
0.712544
0.712533
0.712525
0.712518
0.712513
0.712511
0.71251
0.712511
0.712513
0.712517
0.712521
0.712526
0.71253
0.712535
0.71254
0.712545
0.712549
0.712553
0.712557
0.71256
0.712563
0.712565
0.712567
0.712568
0.71257
0.712571
0.712572
0.712572
0.712573
0.712573
0.712573
0.712573
0.712573
0.712573
0.712573
0.712574
0.712573
0.712573
0.712573
0.712574
0.712572
0.712577
0.712551
0.73455
0.734245
0.734002
0.733785
0.733602
0.733471
0.733411
0.733432
0.73354
0.733734
0.734003
0.73433
0.734693
0.735062
0.735415
0.73573
0.735995
0.736203
0.736352
0.736447
0.736496
0.736507
0.73649
0.736452
0.7364
0.736341
0.736279
0.73622
0.736166
0.736118
0.736076
0.736041
0.736011
0.735984
0.735962
0.735945
0.735933
0.735928
0.735932
0.735944
0.735965
0.735991
0.736021
0.73605
0.736077
0.736098
0.736112
0.736119
0.736119
0.736112
0.7361
0.736084
0.736064
0.736043
0.73602
0.735997
0.735974
0.735952
0.735931
0.735913
0.735898
0.735885
0.735875
0.735867
0.735863
0.73586
0.735859
0.73586
0.735863
0.735866
0.73587
0.735874
0.735878
0.735882
0.735886
0.73589
0.735894
0.735897
0.735899
0.735902
0.735904
0.735905
0.735907
0.735908
0.735908
0.735909
0.73591
0.73591
0.73591
0.73591
0.735911
0.735911
0.735911
0.735911
0.735911
0.735911
0.735911
0.73591
0.735915
0.735887
0.759265
0.759058
0.758889
0.758715
0.75855
0.758419
0.758342
0.758331
0.758394
0.758529
0.758731
0.758984
0.759269
0.759566
0.759852
0.760111
0.760333
0.760511
0.760642
0.760731
0.760783
0.760803
0.7608
0.760779
0.760746
0.760705
0.760662
0.760619
0.760579
0.760545
0.760518
0.760495
0.760477
0.760462
0.76045
0.760442
0.760438
0.760439
0.760449
0.760468
0.760495
0.76053
0.76057
0.760611
0.760651
0.760685
0.760713
0.760731
0.760741
0.760743
0.760737
0.760724
0.760706
0.760684
0.760659
0.760631
0.760603
0.760575
0.760547
0.760521
0.760498
0.760477
0.76046
0.760445
0.760434
0.760426
0.76042
0.760417
0.760416
0.760416
0.760418
0.76042
0.760423
0.760427
0.76043
0.760433
0.760437
0.76044
0.760442
0.760445
0.760447
0.760449
0.76045
0.760452
0.760453
0.760453
0.760454
0.760455
0.760455
0.760455
0.760455
0.760456
0.760456
0.760456
0.760456
0.760456
0.760456
0.760455
0.760459
0.760435
0.786845
0.786743
0.786643
0.786515
0.786376
0.786253
0.786165
0.786125
0.786141
0.786214
0.786339
0.786508
0.786707
0.786919
0.787129
0.787326
0.787499
0.787642
0.787755
0.787837
0.787892
0.787925
0.787939
0.787938
0.787927
0.787909
0.787886
0.787862
0.78784
0.787821
0.787807
0.787798
0.787792
0.78779
0.787789
0.78779
0.787793
0.787801
0.787815
0.787837
0.787868
0.787907
0.787952
0.788001
0.78805
0.788096
0.788136
0.788167
0.78819
0.788204
0.788208
0.788205
0.788195
0.788179
0.788157
0.788132
0.788104
0.788074
0.788044
0.788014
0.787986
0.78796
0.787936
0.787916
0.787898
0.787884
0.787872
0.787863
0.787857
0.787853
0.787851
0.78785
0.78785
0.787851
0.787853
0.787854
0.787857
0.787859
0.787861
0.787863
0.787864
0.787866
0.787867
0.787869
0.78787
0.78787
0.787871
0.787872
0.787872
0.787872
0.787873
0.787873
0.787873
0.787873
0.787873
0.787873
0.787873
0.787873
0.787875
0.787861
0.823703
0.823726
0.823664
0.823568
0.823456
0.823344
0.823247
0.823176
0.823139
0.823139
0.823176
0.823247
0.823345
0.823461
0.823588
0.823714
0.823834
0.823942
0.824035
0.824113
0.824175
0.824223
0.824258
0.824283
0.824299
0.824307
0.82431
0.824309
0.824307
0.824306
0.824308
0.824313
0.82432
0.82433
0.824341
0.824353
0.824365
0.82438
0.824398
0.824422
0.824453
0.824492
0.824538
0.82459
0.824644
0.824699
0.82475
0.824796
0.824834
0.824864
0.824886
0.824899
0.824904
0.824902
0.824893
0.824878
0.824859
0.824835
0.82481
0.824782
0.824754
0.824726
0.824699
0.824673
0.82465
0.824629
0.82461
0.824594
0.824581
0.82457
0.824561
0.824554
0.824549
0.824545
0.824543
0.824541
0.82454
0.82454
0.82454
0.82454
0.82454
0.824541
0.824541
0.824542
0.824543
0.824543
0.824543
0.824544
0.824544
0.824544
0.824545
0.824545
0.824545
0.824545
0.824545
0.824545
0.824545
0.824546
0.824543
0.824558
0.962052
0.96231
0.962231
0.962136
0.962037
0.961926
0.961804
0.961679
0.961557
0.961444
0.961346
0.961268
0.961216
0.961198
0.96121
0.961245
0.961299
0.961366
0.961443
0.961526
0.96161
0.961692
0.96177
0.961842
0.961906
0.96196
0.962005
0.962041
0.96207
0.962095
0.962119
0.962144
0.962171
0.962201
0.96223
0.962258
0.962283
0.962305
0.962326
0.962349
0.962378
0.962416
0.962466
0.962528
0.9626
0.96268
0.962763
0.962845
0.962924
0.962996
0.963059
0.963112
0.963155
0.963186
0.963206
0.963215
0.963215
0.963205
0.963187
0.963163
0.963133
0.963098
0.963061
0.963023
0.962984
0.962946
0.962909
0.962876
0.962845
0.962818
0.962793
0.962773
0.962755
0.96274
0.962728
0.962718
0.96271
0.962704
0.9627
0.962696
0.962694
0.962692
0.962691
0.96269
0.962689
0.962689
0.962689
0.962689
0.962689
0.962689
0.962689
0.962689
0.96269
0.96269
0.96269
0.96269
0.962689
0.962695
0.962679
0.962786
)
;

boundaryField
{
    inlet
    {
        type            cyclic;
    }
    outlet
    {
        type            cyclic;
    }
    bottomWall
    {
        type            kqRWallFunction;
        value           nonuniform List<scalar> 
100
(
0.966417
0.966521
0.96652
0.966446
0.966346
0.966235
0.966115
0.965989
0.965865
0.965746
0.965638
0.965546
0.965474
0.965427
0.96541
0.965419
0.965449
0.965494
0.965552
0.965618
0.965688
0.965759
0.965829
0.965898
0.965965
0.966029
0.966091
0.96615
0.966204
0.966254
0.966299
0.96634
0.966376
0.966408
0.966436
0.966457
0.966472
0.966481
0.966483
0.966482
0.96648
0.966481
0.96649
0.966509
0.966542
0.96659
0.966652
0.966726
0.96681
0.966898
0.966987
0.967071
0.967147
0.967212
0.967264
0.967301
0.967325
0.967337
0.967336
0.967327
0.96731
0.967287
0.967261
0.967231
0.967201
0.96717
0.967139
0.967111
0.967085
0.967061
0.96704
0.967022
0.967006
0.966993
0.966983
0.966975
0.966968
0.966963
0.966959
0.966956
0.966954
0.966953
0.966952
0.966952
0.966952
0.966952
0.966952
0.966952
0.966952
0.966953
0.966953
0.966953
0.966953
0.966953
0.966954
0.966954
0.966953
0.966959
0.966944
0.967032
)
;
    }
    topWall
    {
        type            kqRWallFunction;
        value           nonuniform List<scalar> 
100
(
0.962052
0.96231
0.962231
0.962136
0.962037
0.961926
0.961804
0.961679
0.961557
0.961444
0.961346
0.961268
0.961216
0.961198
0.96121
0.961245
0.961299
0.961366
0.961443
0.961526
0.96161
0.961692
0.96177
0.961842
0.961906
0.96196
0.962005
0.962041
0.96207
0.962095
0.962119
0.962144
0.962171
0.962201
0.96223
0.962258
0.962283
0.962305
0.962326
0.962349
0.962378
0.962416
0.962466
0.962528
0.9626
0.96268
0.962763
0.962845
0.962924
0.962996
0.963059
0.963112
0.963155
0.963186
0.963206
0.963215
0.963215
0.963205
0.963187
0.963163
0.963133
0.963098
0.963061
0.963023
0.962984
0.962946
0.962909
0.962876
0.962845
0.962818
0.962793
0.962773
0.962755
0.96274
0.962728
0.962718
0.96271
0.962704
0.9627
0.962696
0.962694
0.962692
0.962691
0.96269
0.962689
0.962689
0.962689
0.962689
0.962689
0.962689
0.962689
0.962689
0.96269
0.96269
0.96269
0.96269
0.962689
0.962695
0.962679
0.962786
)
;
    }
    frontAndBack
    {
        type            empty;
    }
}


// ************************************************************************* //
