/*--------------------------------*- C++ -*----------------------------------*\
  =========                 |
  \\      /  F ield         | OpenFOAM: The Open Source CFD Toolbox
   \\    /   O peration     | Website:  https://openfoam.org
    \\  /    A nd           | Version:  11
     \\/     M anipulation  |
\*---------------------------------------------------------------------------*/
FoamFile
{
    format      ascii;
    class       volScalarField;
    location    "100";
    object      nut;
}
// * * * * * * * * * * * * * * * * * * * * * * * * * * * * * * * * * * * * * //

dimensions      [0 2 -1 0 0 0 0];

internalField   nonuniform List<scalar> 
5000
(
7.24813e-05
7.24891e-05
7.2489e-05
7.24835e-05
7.2476e-05
7.24676e-05
7.24586e-05
7.24492e-05
7.24399e-05
7.2431e-05
7.24229e-05
7.2416e-05
7.24106e-05
7.2407e-05
7.24057e-05
7.24064e-05
7.24087e-05
7.24121e-05
7.24164e-05
7.24213e-05
7.24266e-05
7.24319e-05
7.24372e-05
7.24424e-05
7.24474e-05
7.24522e-05
7.24568e-05
7.24612e-05
7.24653e-05
7.2469e-05
7.24724e-05
7.24755e-05
7.24782e-05
7.24806e-05
7.24827e-05
7.24843e-05
7.24854e-05
7.2486e-05
7.24862e-05
7.24861e-05
7.2486e-05
7.24861e-05
7.24868e-05
7.24882e-05
7.24907e-05
7.24942e-05
7.24989e-05
7.25044e-05
7.25107e-05
7.25174e-05
7.2524e-05
7.25304e-05
7.25361e-05
7.25409e-05
7.25448e-05
7.25476e-05
7.25494e-05
7.25502e-05
7.25502e-05
7.25495e-05
7.25482e-05
7.25465e-05
7.25446e-05
7.25424e-05
7.254e-05
7.25377e-05
7.25355e-05
7.25333e-05
7.25313e-05
7.25296e-05
7.2528e-05
7.25266e-05
7.25255e-05
7.25245e-05
7.25237e-05
7.25231e-05
7.25226e-05
7.25222e-05
7.25219e-05
7.25217e-05
7.25216e-05
7.25215e-05
7.25214e-05
7.25214e-05
7.25214e-05
7.25214e-05
7.25214e-05
7.25214e-05
7.25214e-05
7.25214e-05
7.25215e-05
7.25215e-05
7.25215e-05
7.25215e-05
7.25215e-05
7.25215e-05
7.25215e-05
7.25219e-05
7.25208e-05
7.25274e-05
0.000148976
0.000148967
0.000148957
0.00014894
0.000148921
0.000148901
0.000148883
0.000148871
0.000148864
0.000148864
0.00014887
0.000148883
0.0001489
0.000148922
0.000148945
0.000148968
0.00014899
0.00014901
0.000149027
0.000149042
0.000149053
0.000149062
0.000149068
0.000149073
0.000149077
0.000149079
0.000149081
0.000149083
0.000149084
0.000149085
0.000149085
0.000149086
0.000149086
0.000149086
0.000149086
0.000149086
0.000149085
0.000149085
0.000149085
0.000149085
0.000149086
0.000149088
0.000149092
0.000149096
0.000149101
0.000149108
0.000149115
0.000149122
0.00014913
0.000149136
0.000149142
0.000149146
0.00014915
0.000149151
0.000149152
0.000149151
0.00014915
0.000149148
0.000149145
0.000149142
0.000149139
0.000149136
0.000149132
0.00014913
0.000149127
0.000149125
0.000149123
0.000149121
0.00014912
0.000149119
0.000149118
0.000149118
0.000149117
0.000149117
0.000149117
0.000149117
0.000149117
0.000149117
0.000149118
0.000149118
0.000149118
0.000149118
0.000149118
0.000149118
0.000149118
0.000149119
0.000149119
0.000149119
0.000149119
0.000149119
0.000149119
0.000149119
0.000149119
0.000149119
0.000149119
0.000149119
0.000149119
0.000149119
0.000149119
0.000149117
0.000234018
0.000233974
0.000233937
0.000233898
0.000233857
0.000233819
0.00023379
0.000233774
0.000233773
0.000233789
0.000233821
0.000233867
0.000233924
0.000233989
0.000234054
0.000234118
0.000234176
0.000234226
0.000234267
0.000234299
0.000234322
0.000234337
0.000234346
0.00023435
0.00023435
0.000234348
0.000234345
0.00023434
0.000234335
0.00023433
0.000234325
0.00023432
0.000234316
0.000234312
0.000234308
0.000234305
0.000234302
0.0002343
0.0002343
0.0002343
0.000234303
0.000234306
0.000234311
0.000234318
0.000234325
0.000234333
0.000234342
0.000234349
0.000234355
0.00023436
0.000234364
0.000234365
0.000234365
0.000234363
0.00023436
0.000234356
0.000234352
0.000234347
0.000234342
0.000234338
0.000234334
0.00023433
0.000234327
0.000234325
0.000234323
0.000234321
0.000234321
0.00023432
0.00023432
0.00023432
0.000234321
0.000234322
0.000234322
0.000234323
0.000234324
0.000234325
0.000234326
0.000234326
0.000234327
0.000234327
0.000234328
0.000234328
0.000234329
0.000234329
0.000234329
0.000234329
0.00023433
0.00023433
0.00023433
0.00023433
0.00023433
0.00023433
0.00023433
0.00023433
0.00023433
0.00023433
0.00023433
0.00023433
0.00023433
0.000234322
0.000311977
0.000311895
0.000311827
0.000311759
0.000311693
0.000311636
0.000311595
0.000311575
0.000311581
0.000311614
0.000311675
0.00031176
0.000311864
0.00031198
0.000312099
0.000312213
0.000312316
0.000312406
0.000312479
0.000312534
0.000312574
0.000312599
0.000312613
0.000312618
0.000312616
0.00031261
0.0003126
0.000312589
0.000312578
0.000312566
0.000312554
0.000312544
0.000312534
0.000312526
0.000312519
0.000312513
0.000312508
0.000312505
0.000312504
0.000312505
0.000312507
0.000312512
0.000312517
0.000312524
0.000312532
0.00031254
0.000312547
0.000312554
0.000312559
0.000312562
0.000312563
0.000312562
0.00031256
0.000312557
0.000312552
0.000312548
0.000312543
0.000312538
0.000312534
0.00031253
0.000312527
0.000312525
0.000312523
0.000312522
0.000312522
0.000312522
0.000312522
0.000312523
0.000312525
0.000312526
0.000312527
0.000312529
0.00031253
0.000312532
0.000312533
0.000312534
0.000312535
0.000312536
0.000312537
0.000312538
0.000312538
0.000312539
0.000312539
0.00031254
0.00031254
0.00031254
0.00031254
0.00031254
0.000312541
0.000312541
0.000312541
0.000312541
0.000312541
0.000312541
0.000312541
0.000312541
0.000312541
0.00031254
0.000312541
0.000312528
0.000377259
0.00037715
0.000377054
0.000376961
0.000376874
0.000376801
0.000376748
0.000376725
0.000376736
0.000376785
0.000376872
0.000376994
0.000377144
0.000377311
0.000377483
0.00037765
0.000377802
0.000377935
0.000378044
0.000378129
0.000378189
0.000378229
0.000378252
0.000378261
0.00037826
0.000378251
0.000378237
0.000378221
0.000378204
0.000378186
0.00037817
0.000378155
0.000378141
0.00037813
0.00037812
0.000378113
0.000378108
0.000378104
0.000378103
0.000378104
0.000378106
0.00037811
0.000378116
0.000378122
0.000378129
0.000378137
0.000378144
0.00037815
0.000378155
0.000378158
0.00037816
0.00037816
0.000378158
0.000378156
0.000378154
0.000378151
0.000378148
0.000378146
0.000378144
0.000378142
0.000378141
0.000378141
0.00037814
0.000378141
0.000378142
0.000378143
0.000378145
0.000378147
0.000378148
0.00037815
0.000378152
0.000378154
0.000378156
0.000378157
0.000378159
0.00037816
0.000378161
0.000378162
0.000378163
0.000378163
0.000378164
0.000378164
0.000378165
0.000378165
0.000378165
0.000378165
0.000378165
0.000378166
0.000378166
0.000378166
0.000378166
0.000378166
0.000378166
0.000378166
0.000378166
0.000378166
0.000378166
0.000378165
0.000378167
0.00037815
0.000427421
0.000427299
0.000427185
0.000427074
0.000426971
0.000426883
0.000426819
0.00042679
0.000426803
0.000426862
0.00042697
0.000427122
0.00042731
0.000427523
0.000427745
0.000427962
0.000428163
0.00042834
0.000428487
0.000428604
0.00042869
0.000428749
0.000428784
0.000428801
0.000428804
0.000428796
0.000428781
0.000428762
0.000428741
0.000428721
0.000428701
0.000428683
0.000428667
0.000428655
0.000428645
0.000428637
0.000428632
0.000428629
0.000428627
0.000428628
0.00042863
0.000428634
0.00042864
0.000428647
0.000428654
0.000428663
0.000428671
0.000428679
0.000428686
0.000428692
0.000428697
0.000428701
0.000428704
0.000428706
0.000428707
0.000428708
0.000428709
0.00042871
0.000428711
0.000428712
0.000428713
0.000428714
0.000428715
0.000428717
0.000428719
0.000428721
0.000428723
0.000428724
0.000428726
0.000428728
0.00042873
0.000428731
0.000428733
0.000428734
0.000428735
0.000428736
0.000428737
0.000428738
0.000428738
0.000428739
0.000428739
0.00042874
0.00042874
0.00042874
0.00042874
0.00042874
0.00042874
0.00042874
0.000428741
0.000428741
0.000428741
0.000428741
0.000428741
0.000428741
0.000428741
0.000428741
0.000428741
0.00042874
0.000428741
0.000428724
0.000458233
0.000457832
0.000457506
0.00045723
0.000456992
0.000456788
0.000456626
0.000456514
0.000456467
0.000456492
0.000456596
0.000456777
0.000457023
0.00045732
0.000457644
0.000457975
0.00045829
0.000458574
0.000458817
0.000459014
0.000459163
0.000459269
0.000459336
0.000459372
0.000459382
0.000459373
0.000459352
0.000459323
0.00045929
0.000459258
0.000459228
0.000459203
0.000459184
0.00045917
0.000459163
0.00045916
0.000459159
0.00045916
0.00045916
0.00045916
0.000459158
0.000459155
0.000459152
0.00045915
0.000459149
0.000459148
0.00045915
0.000459155
0.000459161
0.000459171
0.000459184
0.0004592
0.000459218
0.000459237
0.000459258
0.000459278
0.000459298
0.000459317
0.000459335
0.00045935
0.000459363
0.000459375
0.000459384
0.000459391
0.000459397
0.000459401
0.000459403
0.000459404
0.000459404
0.000459404
0.000459402
0.0004594
0.000459398
0.000459396
0.000459393
0.000459391
0.000459389
0.000459387
0.000459385
0.000459384
0.000459382
0.000459381
0.00045938
0.000459379
0.000459379
0.000459378
0.000459378
0.000459377
0.000459377
0.000459377
0.000459376
0.000459376
0.000459376
0.000459376
0.000459376
0.000459376
0.000459376
0.000459378
0.000459369
0.00045938
0.000467268
0.000466845
0.00046647
0.000466134
0.000465836
0.000465577
0.000465365
0.000465212
0.00046513
0.000465133
0.000465225
0.000465406
0.000465667
0.00046599
0.000466352
0.000466728
0.000467095
0.000467433
0.000467727
0.000467971
0.000468161
0.000468301
0.000468395
0.000468451
0.000468475
0.000468475
0.000468459
0.000468432
0.0004684
0.000468367
0.000468337
0.000468312
0.000468293
0.000468281
0.000468274
0.00046827
0.000468268
0.000468265
0.000468261
0.000468255
0.00046825
0.000468246
0.000468245
0.000468248
0.000468255
0.000468268
0.000468286
0.000468308
0.000468334
0.000468364
0.000468395
0.000468428
0.000468461
0.000468493
0.000468523
0.00046855
0.000468574
0.000468594
0.00046861
0.000468623
0.000468633
0.00046864
0.000468644
0.000468647
0.000468648
0.000468647
0.000468645
0.000468643
0.00046864
0.000468636
0.000468633
0.000468629
0.000468626
0.000468623
0.00046862
0.000468617
0.000468615
0.000468613
0.000468611
0.000468609
0.000468608
0.000468607
0.000468606
0.000468605
0.000468604
0.000468604
0.000468603
0.000468603
0.000468603
0.000468603
0.000468603
0.000468602
0.000468602
0.000468602
0.000468602
0.000468602
0.000468601
0.000468605
0.000468594
0.000468604
0.000461639
0.000461225
0.000460874
0.000460548
0.000460249
0.000459985
0.000459768
0.000459611
0.000459526
0.000459524
0.000459611
0.000459784
0.000460036
0.000460353
0.000460713
0.000461092
0.000461468
0.00046182
0.000462134
0.000462401
0.000462615
0.000462778
0.000462893
0.000462968
0.000463009
0.000463024
0.00046302
0.000463004
0.00046298
0.000462953
0.000462927
0.000462905
0.000462888
0.000462876
0.000462867
0.00046286
0.000462854
0.000462846
0.000462838
0.00046283
0.000462825
0.000462824
0.00046283
0.000462844
0.000462868
0.000462899
0.000462939
0.000462984
0.000463033
0.000463084
0.000463134
0.000463182
0.000463226
0.000463265
0.000463298
0.000463325
0.000463345
0.00046336
0.000463369
0.000463373
0.000463374
0.000463373
0.000463369
0.000463364
0.000463358
0.000463352
0.000463346
0.00046334
0.000463335
0.00046333
0.000463326
0.000463322
0.000463319
0.000463317
0.000463314
0.000463313
0.000463311
0.00046331
0.000463309
0.000463308
0.000463307
0.000463307
0.000463307
0.000463306
0.000463306
0.000463306
0.000463306
0.000463305
0.000463305
0.000463305
0.000463305
0.000463305
0.000463305
0.000463305
0.000463305
0.000463305
0.000463304
0.000463307
0.000463296
0.000463309
0.000445873
0.000445442
0.000445115
0.00044482
0.000444547
0.000444307
0.000444114
0.000443979
0.000443913
0.000443923
0.000444013
0.000444181
0.000444421
0.000444719
0.000445061
0.000445424
0.000445788
0.000446135
0.000446451
0.000446725
0.000446951
0.000447129
0.000447262
0.000447354
0.000447413
0.000447445
0.000447456
0.000447453
0.000447441
0.000447423
0.000447404
0.000447387
0.000447371
0.000447359
0.000447349
0.00044734
0.00044733
0.00044732
0.00044731
0.000447301
0.000447296
0.000447298
0.00044731
0.000447333
0.000447367
0.000447413
0.000447469
0.000447532
0.000447599
0.000447667
0.000447733
0.000447794
0.000447848
0.000447894
0.000447931
0.000447959
0.000447977
0.000447988
0.000447992
0.00044799
0.000447985
0.000447976
0.000447966
0.000447955
0.000447944
0.000447933
0.000447924
0.000447916
0.000447909
0.000447903
0.000447898
0.000447894
0.000447892
0.00044789
0.000447888
0.000447887
0.000447886
0.000447886
0.000447886
0.000447886
0.000447886
0.000447886
0.000447886
0.000447886
0.000447886
0.000447886
0.000447886
0.000447886
0.000447886
0.000447886
0.000447886
0.000447886
0.000447886
0.000447886
0.000447886
0.000447886
0.000447885
0.000447888
0.000447876
0.000447897
0.00042271
0.000422262
0.000421943
0.000421673
0.000421432
0.000421229
0.000421074
0.000420976
0.000420942
0.000420975
0.000421076
0.000421243
0.000421472
0.000421752
0.00042207
0.00042241
0.000422754
0.000423087
0.000423394
0.000423666
0.000423897
0.000424085
0.00042423
0.000424337
0.000424412
0.000424459
0.000424486
0.000424497
0.000424497
0.00042449
0.000424479
0.000424466
0.000424454
0.000424443
0.000424433
0.000424423
0.000424413
0.000424403
0.000424392
0.000424382
0.000424377
0.000424379
0.000424391
0.000424414
0.000424452
0.000424502
0.000424564
0.000424636
0.000424713
0.000424793
0.00042487
0.000424943
0.000425008
0.000425063
0.000425108
0.000425141
0.000425164
0.000425177
0.000425182
0.000425179
0.000425172
0.000425161
0.000425147
0.000425133
0.000425119
0.000425106
0.000425094
0.000425083
0.000425074
0.000425067
0.000425061
0.000425057
0.000425054
0.000425051
0.00042505
0.000425049
0.000425049
0.000425049
0.000425049
0.000425049
0.000425049
0.00042505
0.00042505
0.00042505
0.000425051
0.000425051
0.000425051
0.000425051
0.000425051
0.000425051
0.000425051
0.000425051
0.000425051
0.000425051
0.000425051
0.000425052
0.000425051
0.000425054
0.000425041
0.000425069
0.000394406
0.000393964
0.000393652
0.000393404
0.0003932
0.000393042
0.000392937
0.000392885
0.000392888
0.000392947
0.000393062
0.000393231
0.00039345
0.000393711
0.000394004
0.000394317
0.000394635
0.000394946
0.000395238
0.000395501
0.000395729
0.00039592
0.000396073
0.00039619
0.000396277
0.000396337
0.000396377
0.000396401
0.000396412
0.000396415
0.000396412
0.000396405
0.000396397
0.000396388
0.00039638
0.000396371
0.000396363
0.000396353
0.000396343
0.000396333
0.000396326
0.000396325
0.000396332
0.00039635
0.000396381
0.000396427
0.000396485
0.000396555
0.000396634
0.000396717
0.000396801
0.000396882
0.000396956
0.000397022
0.000397077
0.000397121
0.000397153
0.000397174
0.000397185
0.000397188
0.000397184
0.000397176
0.000397163
0.000397149
0.000397134
0.00039712
0.000397106
0.000397094
0.000397083
0.000397074
0.000397067
0.000397061
0.000397057
0.000397054
0.000397052
0.000397051
0.00039705
0.000397049
0.000397049
0.00039705
0.00039705
0.00039705
0.000397051
0.000397051
0.000397052
0.000397052
0.000397052
0.000397052
0.000397052
0.000397053
0.000397053
0.000397053
0.000397053
0.000397053
0.000397053
0.000397053
0.000397052
0.000397055
0.000397042
0.000397074
0.000363426
0.00036302
0.000362733
0.000362522
0.00036237
0.000362271
0.000362221
0.000362217
0.000362257
0.000362341
0.000362468
0.000362636
0.000362843
0.000363083
0.000363348
0.000363631
0.000363919
0.000364202
0.000364471
0.000364717
0.000364935
0.000365121
0.000365275
0.000365397
0.00036549
0.000365559
0.000365609
0.000365642
0.000365663
0.000365674
0.000365677
0.000365676
0.000365671
0.000365666
0.000365659
0.000365653
0.000365646
0.000365638
0.000365629
0.00036562
0.000365611
0.000365605
0.000365605
0.000365613
0.000365633
0.000365665
0.000365712
0.000365771
0.000365842
0.00036592
0.000366003
0.000366086
0.000366166
0.00036624
0.000366305
0.00036636
0.000366404
0.000366437
0.000366459
0.000366472
0.000366476
0.000366474
0.000366467
0.000366456
0.000366444
0.00036643
0.000366417
0.000366404
0.000366392
0.000366382
0.000366373
0.000366366
0.00036636
0.000366355
0.000366352
0.00036635
0.000366348
0.000366347
0.000366346
0.000366346
0.000366346
0.000366346
0.000366347
0.000366347
0.000366347
0.000366347
0.000366348
0.000366348
0.000366348
0.000366348
0.000366348
0.000366348
0.000366348
0.000366348
0.000366348
0.000366348
0.000366348
0.000366351
0.000366338
0.000366372
0.000332504
0.000332172
0.000331947
0.000331805
0.000331725
0.000331692
0.000331697
0.000331735
0.000331806
0.000331908
0.000332041
0.000332205
0.000332396
0.000332613
0.000332848
0.000333096
0.00033335
0.0003336
0.00033384
0.000334063
0.000334263
0.000334438
0.000334584
0.000334704
0.000334798
0.00033487
0.000334924
0.000334963
0.000334989
0.000335005
0.000335013
0.000335016
0.000335014
0.00033501
0.000335005
0.000335
0.000334994
0.000334987
0.000334979
0.000334969
0.000334959
0.000334948
0.000334941
0.000334938
0.000334943
0.000334959
0.000334987
0.000335029
0.000335084
0.000335149
0.000335222
0.0003353
0.000335379
0.000335455
0.000335526
0.00033559
0.000335645
0.00033569
0.000335724
0.000335749
0.000335765
0.000335773
0.000335774
0.000335771
0.000335763
0.000335753
0.000335742
0.000335731
0.000335719
0.000335708
0.000335698
0.00033569
0.000335682
0.000335676
0.000335671
0.000335668
0.000335665
0.000335663
0.000335661
0.00033566
0.000335659
0.000335659
0.000335659
0.000335659
0.000335659
0.000335659
0.000335659
0.000335659
0.000335659
0.00033566
0.00033566
0.00033566
0.00033566
0.00033566
0.00033566
0.00033566
0.00033566
0.000335662
0.000335651
0.000335682
0.000304322
0.000304126
0.000304016
0.000303973
0.000303974
0.000304001
0.000304049
0.000304118
0.000304208
0.000304319
0.000304453
0.000304607
0.000304781
0.000304972
0.000305177
0.00030539
0.000305608
0.000305823
0.000306031
0.000306226
0.000306404
0.000306561
0.000306695
0.000306806
0.000306896
0.000306965
0.000307018
0.000307057
0.000307084
0.000307101
0.000307111
0.000307114
0.000307113
0.000307109
0.000307103
0.000307096
0.000307089
0.000307081
0.000307072
0.00030706
0.000307047
0.000307032
0.000307017
0.000307003
0.000306993
0.000306991
0.000306999
0.00030702
0.000307053
0.000307099
0.000307156
0.000307221
0.000307291
0.000307364
0.000307436
0.000307504
0.000307566
0.000307621
0.000307667
0.000307704
0.000307733
0.000307752
0.000307764
0.000307769
0.000307769
0.000307765
0.000307758
0.000307749
0.000307739
0.000307729
0.000307719
0.000307709
0.000307701
0.000307693
0.000307686
0.000307681
0.000307676
0.000307673
0.00030767
0.000307668
0.000307666
0.000307665
0.000307665
0.000307664
0.000307664
0.000307664
0.000307664
0.000307664
0.000307664
0.000307664
0.000307664
0.000307664
0.000307664
0.000307664
0.000307664
0.000307664
0.000307664
0.000307665
0.000307659
0.00030768
0.000281082
0.000281101
0.00028115
0.000281209
0.000281272
0.000281337
0.000281409
0.000281493
0.000281591
0.000281705
0.000281835
0.000281978
0.000282135
0.000282302
0.000282478
0.00028266
0.000282845
0.000283029
0.000283206
0.000283374
0.000283529
0.000283667
0.000283786
0.000283886
0.000283966
0.000284029
0.000284077
0.000284111
0.000284135
0.00028415
0.000284157
0.000284158
0.000284154
0.000284146
0.000284137
0.000284126
0.000284115
0.000284102
0.000284089
0.000284074
0.000284056
0.000284035
0.000284011
0.000283987
0.000283963
0.000283943
0.000283931
0.000283929
0.00028394
0.000283964
0.000284
0.000284048
0.000284106
0.000284169
0.000284237
0.000284305
0.000284371
0.000284432
0.000284488
0.000284536
0.000284576
0.000284608
0.000284631
0.000284646
0.000284655
0.000284658
0.000284656
0.000284651
0.000284644
0.000284634
0.000284624
0.000284614
0.000284604
0.000284595
0.000284587
0.000284579
0.000284573
0.000284568
0.000284563
0.00028456
0.000284557
0.000284555
0.000284553
0.000284552
0.000284551
0.000284551
0.00028455
0.00028455
0.00028455
0.00028455
0.00028455
0.00028455
0.00028455
0.00028455
0.00028455
0.00028455
0.00028455
0.00028455
0.00028455
0.000284546
0.000264368
0.00026462
0.000264794
0.000264907
0.000264989
0.000265063
0.000265141
0.000265231
0.000265334
0.00026545
0.000265578
0.000265715
0.00026586
0.000266012
0.000266168
0.000266328
0.000266489
0.000266648
0.000266802
0.000266949
0.000267084
0.000267205
0.00026731
0.000267397
0.000267468
0.000267522
0.000267562
0.00026759
0.000267607
0.000267616
0.000267618
0.000267615
0.000267606
0.000267594
0.00026758
0.000267563
0.000267546
0.000267528
0.000267509
0.000267488
0.000267465
0.000267438
0.000267407
0.000267372
0.000267336
0.000267301
0.000267271
0.000267249
0.000267238
0.00026724
0.000267256
0.000267286
0.000267328
0.000267381
0.000267441
0.000267506
0.000267574
0.00026764
0.000267703
0.000267761
0.000267813
0.000267856
0.000267891
0.000267917
0.000267935
0.000267946
0.00026795
0.00026795
0.000267945
0.000267937
0.000267927
0.000267916
0.000267905
0.000267894
0.000267883
0.000267873
0.000267864
0.000267857
0.00026785
0.000267844
0.00026784
0.000267836
0.000267833
0.000267831
0.000267829
0.000267828
0.000267827
0.000267826
0.000267826
0.000267826
0.000267826
0.000267826
0.000267826
0.000267826
0.000267826
0.000267826
0.000267826
0.000267825
0.000267831
0.000267794
0.00025455
0.000254881
0.000255048
0.00025514
0.000255209
0.000255281
0.000255367
0.000255469
0.000255585
0.000255711
0.000255844
0.000255982
0.000256123
0.000256267
0.000256412
0.000256559
0.000256705
0.000256848
0.000256988
0.00025712
0.000257242
0.000257352
0.000257447
0.000257527
0.000257591
0.00025764
0.000257675
0.000257699
0.000257714
0.00025772
0.00025772
0.000257715
0.000257705
0.000257691
0.000257674
0.000257656
0.000257635
0.000257614
0.000257592
0.000257569
0.000257543
0.000257513
0.000257479
0.00025744
0.000257398
0.000257354
0.000257311
0.000257274
0.000257245
0.000257228
0.000257225
0.000257238
0.000257265
0.000257306
0.000257358
0.000257419
0.000257486
0.000257555
0.000257625
0.000257692
0.000257754
0.000257809
0.000257856
0.000257894
0.000257924
0.000257944
0.000257957
0.000257962
0.000257962
0.000257957
0.000257949
0.000257938
0.000257926
0.000257913
0.0002579
0.000257887
0.000257876
0.000257865
0.000257856
0.000257848
0.000257841
0.000257835
0.000257831
0.000257827
0.000257824
0.000257822
0.00025782
0.000257819
0.000257818
0.000257817
0.000257817
0.000257817
0.000257817
0.000257817
0.000257817
0.000257817
0.000257817
0.000257816
0.000257821
0.000257775
0.000246334
0.000246484
0.000246539
0.000246595
0.000246674
0.000246777
0.0002469
0.000247036
0.000247179
0.000247324
0.000247467
0.000247608
0.000247745
0.000247879
0.000248012
0.000248144
0.000248275
0.000248404
0.000248531
0.000248653
0.000248768
0.000248874
0.000248968
0.00024905
0.000249119
0.000249174
0.000249218
0.000249251
0.000249275
0.000249292
0.000249302
0.000249306
0.000249306
0.000249302
0.000249294
0.000249283
0.000249271
0.000249257
0.000249242
0.000249225
0.000249207
0.000249186
0.000249161
0.000249132
0.0002491
0.000249063
0.000249024
0.000248986
0.000248955
0.000248932
0.000248921
0.000248924
0.000248941
0.000248971
0.000249014
0.000249066
0.000249127
0.000249193
0.000249262
0.000249331
0.000249398
0.00024946
0.000249516
0.000249565
0.000249605
0.000249636
0.00024966
0.000249675
0.000249684
0.000249687
0.000249686
0.00024968
0.000249672
0.000249663
0.000249652
0.000249641
0.00024963
0.00024962
0.00024961
0.000249602
0.000249594
0.000249588
0.000249583
0.000249578
0.000249575
0.000249572
0.000249569
0.000249568
0.000249566
0.000249565
0.000249565
0.000249564
0.000249564
0.000249564
0.000249564
0.000249564
0.000249564
0.000249565
0.000249561
0.000249551
0.000219227
0.000219328
0.0002195
0.000219714
0.000219946
0.000220179
0.000220403
0.000220612
0.0002208
0.000220969
0.000221119
0.000221252
0.000221372
0.000221482
0.000221587
0.000221688
0.000221789
0.000221891
0.000221994
0.0002221
0.000222206
0.000222311
0.000222413
0.000222512
0.000222605
0.000222691
0.000222772
0.000222846
0.000222914
0.000222976
0.000223033
0.000223084
0.00022313
0.000223171
0.000223208
0.000223242
0.000223273
0.000223301
0.000223329
0.000223355
0.000223381
0.000223407
0.000223432
0.000223457
0.000223481
0.000223505
0.000223529
0.000223554
0.00022358
0.000223608
0.000223639
0.000223672
0.000223707
0.000223745
0.000223783
0.000223822
0.000223861
0.0002239
0.000223938
0.000223975
0.00022401
0.000224044
0.000224077
0.000224107
0.000224136
0.000224163
0.000224188
0.00022421
0.000224231
0.000224249
0.000224266
0.00022428
0.000224293
0.000224304
0.000224313
0.000224321
0.000224328
0.000224333
0.000224338
0.000224341
0.000224344
0.000224346
0.000224348
0.000224349
0.00022435
0.000224351
0.000224351
0.000224352
0.000224352
0.000224352
0.000224352
0.000224352
0.000224352
0.000224352
0.000224352
0.000224352
0.000224352
0.000224352
0.000224352
0.000224342
0.000186112
0.000186264
0.00018648
0.000186728
0.000186984
0.000187233
0.000187464
0.000187673
0.000187859
0.00018802
0.000188159
0.00018828
0.000188385
0.000188477
0.000188562
0.000188642
0.000188719
0.000188797
0.000188876
0.000188957
0.000189041
0.000189126
0.000189211
0.000189295
0.000189377
0.000189457
0.000189533
0.000189606
0.000189676
0.000189742
0.000189804
0.000189862
0.000189917
0.000189967
0.000190013
0.000190056
0.000190096
0.000190133
0.000190169
0.000190203
0.000190236
0.000190268
0.000190299
0.000190329
0.000190358
0.000190386
0.000190414
0.000190441
0.00019047
0.0001905
0.000190532
0.000190565
0.0001906
0.000190637
0.000190674
0.000190713
0.000190751
0.000190789
0.000190826
0.000190863
0.000190898
0.000190932
0.000190965
0.000190997
0.000191027
0.000191055
0.000191082
0.000191106
0.000191129
0.000191149
0.000191168
0.000191185
0.0001912
0.000191213
0.000191224
0.000191234
0.000191242
0.000191249
0.000191255
0.000191259
0.000191263
0.000191266
0.000191268
0.00019127
0.000191272
0.000191272
0.000191273
0.000191274
0.000191274
0.000191274
0.000191274
0.000191274
0.000191274
0.000191274
0.000191274
0.000191274
0.000191274
0.000191274
0.000191274
0.000191265
0.000153616
0.000153814
0.000154057
0.000154316
0.000154573
0.000154816
0.000155039
0.000155236
0.000155408
0.000155556
0.00015568
0.000155786
0.000155875
0.000155951
0.000156018
0.000156078
0.000156135
0.000156191
0.000156247
0.000156305
0.000156365
0.000156428
0.000156493
0.000156559
0.000156626
0.000156692
0.000156759
0.000156824
0.000156889
0.000156952
0.000157013
0.000157073
0.00015713
0.000157184
0.000157235
0.000157284
0.00015733
0.000157373
0.000157414
0.000157453
0.000157491
0.000157527
0.000157561
0.000157594
0.000157625
0.000157655
0.000157685
0.000157714
0.000157744
0.000157774
0.000157806
0.00015784
0.000157875
0.000157911
0.000157948
0.000157985
0.000158023
0.00015806
0.000158097
0.000158132
0.000158167
0.000158201
0.000158233
0.000158264
0.000158294
0.000158322
0.000158349
0.000158373
0.000158396
0.000158417
0.000158437
0.000158454
0.000158469
0.000158483
0.000158495
0.000158506
0.000158515
0.000158522
0.000158529
0.000158534
0.000158538
0.000158542
0.000158544
0.000158547
0.000158548
0.000158549
0.00015855
0.000158551
0.000158551
0.000158551
0.000158552
0.000158552
0.000158552
0.000158552
0.000158551
0.000158551
0.000158551
0.000158551
0.000158551
0.000158545
0.000124095
0.000124309
0.000124541
0.000124778
0.000125009
0.000125226
0.000125422
0.000125594
0.000125743
0.000125868
0.000125973
0.000126059
0.00012613
0.000126188
0.000126237
0.000126279
0.000126317
0.000126351
0.000126386
0.000126421
0.000126457
0.000126496
0.000126538
0.000126581
0.000126626
0.000126674
0.000126722
0.000126772
0.000126823
0.000126874
0.000126926
0.000126977
0.000127028
0.000127078
0.000127126
0.000127173
0.000127218
0.000127262
0.000127303
0.000127343
0.00012738
0.000127416
0.00012745
0.000127482
0.000127512
0.000127541
0.00012757
0.000127598
0.000127626
0.000127656
0.000127686
0.000127718
0.000127751
0.000127785
0.000127821
0.000127856
0.000127892
0.000127927
0.000127962
0.000127996
0.000128029
0.00012806
0.00012809
0.000128119
0.000128146
0.000128172
0.000128196
0.000128218
0.000128239
0.000128258
0.000128276
0.000128292
0.000128306
0.000128319
0.00012833
0.000128339
0.000128348
0.000128355
0.000128361
0.000128366
0.00012837
0.000128374
0.000128376
0.000128379
0.00012838
0.000128381
0.000128382
0.000128383
0.000128383
0.000128384
0.000128384
0.000128384
0.000128384
0.000128384
0.000128384
0.000128383
0.000128383
0.000128383
0.000128383
0.000128382
0.000101721
0.000101889
0.000102069
0.000102256
0.000102441
0.000102614
0.000102772
0.000102909
0.000103026
0.000103122
0.0001032
0.000103262
0.00010331
0.000103346
0.000103373
0.000103394
0.00010341
0.000103423
0.000103434
0.000103445
0.000103456
0.000103469
0.000103484
0.000103501
0.00010352
0.000103542
0.000103566
0.000103592
0.00010362
0.000103649
0.000103681
0.000103714
0.000103747
0.000103782
0.000103817
0.000103851
0.000103886
0.00010392
0.000103954
0.000103986
0.000104017
0.000104046
0.000104074
0.000104101
0.000104126
0.000104149
0.000104172
0.000104196
0.00010422
0.000104246
0.000104272
0.0001043
0.000104329
0.000104359
0.00010439
0.000104421
0.000104453
0.000104484
0.000104515
0.000104544
0.000104573
0.0001046
0.000104626
0.00010465
0.000104672
0.000104693
0.000104713
0.000104731
0.000104747
0.000104762
0.000104775
0.000104787
0.000104798
0.000104808
0.000104816
0.000104823
0.00010483
0.000104835
0.00010484
0.000104844
0.000104847
0.000104849
0.000104851
0.000104853
0.000104854
0.000104855
0.000104856
0.000104856
0.000104857
0.000104857
0.000104857
0.000104857
0.000104857
0.000104857
0.000104857
0.000104857
0.000104857
0.000104857
0.000104856
0.000104858
9.1013e-05
9.11196e-05
9.12488e-05
9.13891e-05
9.153e-05
9.16628e-05
9.17815e-05
9.18825e-05
9.19647e-05
9.20286e-05
9.20757e-05
9.21081e-05
9.21283e-05
9.21386e-05
9.21412e-05
9.2138e-05
9.21309e-05
9.21213e-05
9.21104e-05
9.20992e-05
9.20885e-05
9.2079e-05
9.2071e-05
9.2065e-05
9.20611e-05
9.20596e-05
9.20604e-05
9.20635e-05
9.20687e-05
9.20761e-05
9.20855e-05
9.20967e-05
9.21098e-05
9.21246e-05
9.21411e-05
9.21589e-05
9.21778e-05
9.21974e-05
9.22174e-05
9.22374e-05
9.22571e-05
9.22763e-05
9.22948e-05
9.23126e-05
9.23296e-05
9.23462e-05
9.23629e-05
9.23801e-05
9.23984e-05
9.24179e-05
9.24388e-05
9.2461e-05
9.24844e-05
9.25089e-05
9.2534e-05
9.25597e-05
9.25854e-05
9.26109e-05
9.26359e-05
9.26602e-05
9.26834e-05
9.27053e-05
9.27259e-05
9.2745e-05
9.27626e-05
9.27786e-05
9.27931e-05
9.28062e-05
9.28179e-05
9.28283e-05
9.28375e-05
9.28456e-05
9.28528e-05
9.2859e-05
9.28643e-05
9.2869e-05
9.28729e-05
9.28763e-05
9.28791e-05
9.28814e-05
9.28833e-05
9.28848e-05
9.28861e-05
9.2887e-05
9.28878e-05
9.28883e-05
9.28887e-05
9.2889e-05
9.28892e-05
9.28893e-05
9.28893e-05
9.28893e-05
9.28893e-05
9.28892e-05
9.28892e-05
9.28891e-05
9.2889e-05
9.2889e-05
9.28888e-05
9.28891e-05
8.86527e-05
8.87123e-05
8.8807e-05
8.89199e-05
8.90376e-05
8.91499e-05
8.92502e-05
8.93348e-05
8.94021e-05
8.94526e-05
8.94877e-05
8.95093e-05
8.95198e-05
8.95213e-05
8.95159e-05
8.95056e-05
8.9492e-05
8.94764e-05
8.946e-05
8.94438e-05
8.94285e-05
8.94145e-05
8.94024e-05
8.93924e-05
8.93848e-05
8.93796e-05
8.9377e-05
8.93767e-05
8.93786e-05
8.93826e-05
8.93885e-05
8.93962e-05
8.94058e-05
8.94171e-05
8.94301e-05
8.94444e-05
8.946e-05
8.94763e-05
8.94931e-05
8.951e-05
8.95269e-05
8.95434e-05
8.95594e-05
8.95749e-05
8.95901e-05
8.96052e-05
8.96205e-05
8.96365e-05
8.96538e-05
8.96725e-05
8.9693e-05
8.97149e-05
8.97384e-05
8.97629e-05
8.97883e-05
8.98142e-05
8.98402e-05
8.98659e-05
8.9891e-05
8.99153e-05
8.99384e-05
8.99602e-05
8.99804e-05
8.99991e-05
9.00161e-05
9.00315e-05
9.00453e-05
9.00576e-05
9.00685e-05
9.00781e-05
9.00866e-05
9.00939e-05
9.01003e-05
9.01058e-05
9.01106e-05
9.01147e-05
9.01181e-05
9.01211e-05
9.01235e-05
9.01256e-05
9.01273e-05
9.01287e-05
9.01298e-05
9.01307e-05
9.01314e-05
9.01319e-05
9.01323e-05
9.01326e-05
9.01328e-05
9.0133e-05
9.0133e-05
9.01331e-05
9.01331e-05
9.01331e-05
9.01331e-05
9.01331e-05
9.01331e-05
9.01332e-05
9.0133e-05
9.01336e-05
9.46546e-05
9.47693e-05
9.49016e-05
9.50451e-05
9.51898e-05
9.53266e-05
9.54491e-05
9.55539e-05
9.56397e-05
9.57071e-05
9.57579e-05
9.5794e-05
9.5818e-05
9.58322e-05
9.5839e-05
9.58404e-05
9.58386e-05
9.5835e-05
9.58311e-05
9.58281e-05
9.58269e-05
9.58282e-05
9.58325e-05
9.584e-05
9.58508e-05
9.58649e-05
9.5882e-05
9.59015e-05
9.59226e-05
9.59448e-05
9.59675e-05
9.59905e-05
9.60138e-05
9.60372e-05
9.60604e-05
9.60833e-05
9.61056e-05
9.61269e-05
9.6147e-05
9.61659e-05
9.61836e-05
9.62004e-05
9.62169e-05
9.62338e-05
9.62516e-05
9.62712e-05
9.62932e-05
9.63179e-05
9.63457e-05
9.63764e-05
9.64102e-05
9.64465e-05
9.64847e-05
9.65241e-05
9.65641e-05
9.66043e-05
9.66439e-05
9.66827e-05
9.67203e-05
9.67562e-05
9.67902e-05
9.68222e-05
9.6852e-05
9.68796e-05
9.69049e-05
9.6928e-05
9.69489e-05
9.69678e-05
9.69848e-05
9.69999e-05
9.70133e-05
9.70252e-05
9.70357e-05
9.70448e-05
9.70528e-05
9.70598e-05
9.70657e-05
9.70708e-05
9.70752e-05
9.70788e-05
9.70819e-05
9.70844e-05
9.70865e-05
9.70882e-05
9.70896e-05
9.70907e-05
9.70916e-05
9.70922e-05
9.70928e-05
9.70932e-05
9.70935e-05
9.70938e-05
9.7094e-05
9.70941e-05
9.70942e-05
9.70943e-05
9.70943e-05
9.70946e-05
9.70942e-05
9.7097e-05
0.000115444
0.000115643
0.000115858
0.000116075
0.000116283
0.000116474
0.000116642
0.000116786
0.000116904
0.000116999
0.000117074
0.000117132
0.000117175
0.000117207
0.00011723
0.000117249
0.000117265
0.00011728
0.000117296
0.000117315
0.000117336
0.000117362
0.000117392
0.000117426
0.000117463
0.000117504
0.000117546
0.00011759
0.000117633
0.000117675
0.000117715
0.000117754
0.00011779
0.000117824
0.000117855
0.000117884
0.000117911
0.000117935
0.000117956
0.000117976
0.000117993
0.000118011
0.000118029
0.000118049
0.000118072
0.0001181
0.000118132
0.000118169
0.00011821
0.000118255
0.000118303
0.000118354
0.000118405
0.000118458
0.00011851
0.000118561
0.000118611
0.00011866
0.000118706
0.000118751
0.000118793
0.000118833
0.000118871
0.000118906
0.000118938
0.000118969
0.000118996
0.000119022
0.000119045
0.000119066
0.000119085
0.000119102
0.000119117
0.00011913
0.000119142
0.000119152
0.000119161
0.000119168
0.000119174
0.00011918
0.000119184
0.000119188
0.000119191
0.000119193
0.000119195
0.000119197
0.000119198
0.000119199
0.0001192
0.000119201
0.000119201
0.000119201
0.000119202
0.000119202
0.000119202
0.000119202
0.000119202
0.000119203
0.000119202
0.000119202
0.000145874
0.000146085
0.00014634
0.000146605
0.000146862
0.000147097
0.000147306
0.000147484
0.000147634
0.000147756
0.000147855
0.000147933
0.000147996
0.000148046
0.000148089
0.000148127
0.000148163
0.0001482
0.000148239
0.000148282
0.000148328
0.000148379
0.000148433
0.000148491
0.000148551
0.000148612
0.000148672
0.000148731
0.000148786
0.000148838
0.000148886
0.00014893
0.000148969
0.000149004
0.000149035
0.000149063
0.000149088
0.000149109
0.000149128
0.000149144
0.00014916
0.000149177
0.000149197
0.000149221
0.000149249
0.000149284
0.000149325
0.000149371
0.000149421
0.000149476
0.000149532
0.000149589
0.000149647
0.000149704
0.00014976
0.000149815
0.000149868
0.000149919
0.000149968
0.000150015
0.000150059
0.000150101
0.000150141
0.000150179
0.000150214
0.000150247
0.000150278
0.000150306
0.000150332
0.000150355
0.000150376
0.000150395
0.000150412
0.000150427
0.00015044
0.000150452
0.000150462
0.00015047
0.000150477
0.000150483
0.000150488
0.000150492
0.000150495
0.000150497
0.0001505
0.000150501
0.000150502
0.000150503
0.000150504
0.000150505
0.000150505
0.000150506
0.000150506
0.000150506
0.000150506
0.000150506
0.000150506
0.000150506
0.000150507
0.000150501
0.000180155
0.000180332
0.000180576
0.000180847
0.000181118
0.000181372
0.000181601
0.0001818
0.00018197
0.000182113
0.000182231
0.000182329
0.00018241
0.000182481
0.000182544
0.000182604
0.000182664
0.000182725
0.000182789
0.000182856
0.000182927
0.000183
0.000183075
0.000183151
0.000183227
0.0001833
0.00018337
0.000183434
0.000183493
0.000183545
0.000183591
0.00018363
0.000183665
0.000183694
0.000183719
0.00018374
0.000183758
0.000183773
0.000183786
0.000183799
0.000183812
0.000183827
0.000183847
0.000183873
0.000183905
0.000183944
0.00018399
0.000184041
0.000184096
0.000184154
0.000184214
0.000184273
0.000184332
0.000184389
0.000184445
0.000184499
0.000184551
0.0001846
0.000184648
0.000184693
0.000184737
0.000184778
0.000184817
0.000184854
0.000184889
0.000184921
0.000184951
0.000184979
0.000185005
0.000185028
0.000185049
0.000185067
0.000185084
0.000185098
0.000185111
0.000185121
0.000185131
0.000185138
0.000185145
0.00018515
0.000185155
0.000185158
0.000185161
0.000185163
0.000185165
0.000185167
0.000185168
0.000185169
0.000185169
0.00018517
0.00018517
0.00018517
0.00018517
0.00018517
0.00018517
0.000185171
0.000185171
0.000185171
0.000185172
0.000185162
0.000215119
0.000215248
0.000215452
0.000215694
0.000215948
0.000216195
0.000216425
0.000216631
0.000216812
0.000216968
0.000217102
0.000217217
0.000217319
0.000217411
0.000217498
0.000217583
0.000217669
0.000217757
0.000217847
0.000217939
0.000218033
0.000218126
0.000218219
0.000218308
0.000218393
0.000218472
0.000218544
0.000218608
0.000218662
0.000218708
0.000218747
0.000218778
0.000218803
0.000218823
0.000218839
0.000218852
0.000218861
0.000218869
0.000218875
0.000218882
0.000218892
0.000218905
0.000218924
0.00021895
0.000218984
0.000219025
0.000219073
0.000219126
0.000219183
0.000219241
0.000219301
0.00021936
0.000219418
0.000219474
0.000219528
0.00021958
0.00021963
0.000219677
0.000219723
0.000219766
0.000219807
0.000219847
0.000219883
0.000219918
0.000219951
0.000219981
0.000220009
0.000220034
0.000220057
0.000220078
0.000220097
0.000220113
0.000220128
0.00022014
0.000220151
0.00022016
0.000220168
0.000220174
0.00022018
0.000220184
0.000220187
0.00022019
0.000220193
0.000220194
0.000220196
0.000220197
0.000220197
0.000220198
0.000220198
0.000220199
0.000220199
0.000220199
0.000220199
0.000220199
0.000220199
0.000220199
0.000220199
0.000220199
0.0002202
0.000220189
0.00024917
0.000249146
0.000249146
0.000249196
0.000249293
0.000249425
0.000249578
0.00024974
0.000249902
0.000250058
0.000250206
0.000250345
0.000250476
0.000250602
0.000250724
0.000250844
0.000250963
0.00025108
0.000251195
0.000251305
0.000251409
0.000251506
0.000251595
0.000251674
0.000251742
0.000251799
0.000251844
0.000251879
0.000251903
0.000251918
0.000251925
0.000251925
0.00025192
0.000251911
0.000251899
0.000251884
0.000251867
0.000251849
0.000251829
0.000251809
0.000251789
0.00025177
0.000251753
0.000251739
0.000251728
0.000251721
0.000251719
0.000251722
0.00025173
0.000251744
0.000251765
0.000251793
0.000251828
0.00025187
0.000251918
0.000251972
0.000252029
0.00025209
0.000252151
0.000252212
0.000252271
0.000252326
0.000252376
0.000252421
0.000252459
0.000252492
0.000252517
0.000252537
0.000252551
0.000252561
0.000252566
0.000252568
0.000252567
0.000252564
0.00025256
0.000252555
0.000252549
0.000252544
0.000252538
0.000252533
0.000252528
0.000252524
0.00025252
0.000252517
0.000252514
0.000252512
0.00025251
0.000252509
0.000252507
0.000252506
0.000252506
0.000252505
0.000252504
0.000252504
0.000252504
0.000252504
0.000252503
0.000252504
0.0002525
0.000252506
0.000257963
0.000258216
0.000258321
0.000258364
0.000258406
0.00025847
0.000258561
0.000258674
0.000258803
0.000258942
0.000259085
0.00025923
0.000259375
0.000259518
0.00025966
0.000259801
0.000259939
0.000260073
0.000260201
0.000260321
0.00026043
0.000260528
0.000260613
0.000260685
0.000260744
0.000260789
0.00026082
0.00026084
0.000260849
0.000260848
0.000260839
0.000260825
0.000260806
0.000260783
0.000260758
0.000260731
0.000260702
0.000260672
0.00026064
0.000260607
0.000260574
0.000260539
0.000260505
0.000260472
0.000260442
0.000260416
0.000260396
0.000260384
0.00026038
0.000260387
0.000260404
0.000260432
0.00026047
0.000260518
0.000260574
0.000260636
0.000260702
0.000260769
0.000260836
0.0002609
0.000260959
0.000261012
0.000261058
0.000261095
0.000261124
0.000261146
0.00026116
0.000261167
0.00026117
0.000261167
0.000261162
0.000261154
0.000261144
0.000261133
0.000261122
0.000261112
0.000261102
0.000261092
0.000261084
0.000261076
0.00026107
0.000261064
0.000261059
0.000261055
0.000261052
0.000261049
0.000261047
0.000261046
0.000261045
0.000261044
0.000261043
0.000261042
0.000261042
0.000261042
0.000261042
0.000261041
0.000261041
0.000261041
0.000261045
0.000260997
0.000266834
0.000267119
0.000267267
0.00026734
0.000267386
0.000267436
0.000267503
0.000267592
0.000267701
0.000267827
0.000267965
0.000268113
0.000268266
0.000268424
0.000268583
0.000268743
0.0002689
0.000269052
0.000269196
0.00026933
0.000269451
0.000269557
0.000269649
0.000269724
0.000269784
0.000269828
0.000269858
0.000269875
0.00026988
0.000269875
0.000269862
0.000269843
0.000269821
0.000269795
0.000269767
0.000269738
0.000269708
0.000269676
0.000269644
0.000269611
0.000269577
0.000269543
0.000269509
0.000269479
0.000269452
0.000269432
0.00026942
0.000269417
0.000269425
0.000269444
0.000269474
0.000269515
0.000269564
0.000269622
0.000269685
0.000269752
0.000269821
0.000269888
0.000269952
0.00027001
0.000270062
0.000270106
0.000270141
0.000270168
0.000270187
0.000270199
0.000270204
0.000270204
0.000270199
0.000270191
0.000270182
0.00027017
0.000270158
0.000270146
0.000270135
0.000270124
0.000270114
0.000270105
0.000270097
0.00027009
0.000270084
0.00027008
0.000270076
0.000270072
0.00027007
0.000270068
0.000270066
0.000270065
0.000270064
0.000270064
0.000270063
0.000270063
0.000270062
0.000270062
0.000270062
0.000270062
0.000270062
0.000270061
0.000270068
0.000270019
0.000282083
0.000282143
0.000282208
0.00028227
0.000282325
0.000282381
0.000282447
0.00028253
0.000282633
0.000282756
0.000282896
0.000283051
0.000283218
0.000283395
0.000283577
0.000283761
0.000283944
0.000284122
0.000284289
0.000284444
0.000284583
0.000284705
0.000284809
0.000284894
0.000284962
0.000285013
0.000285047
0.000285067
0.000285075
0.000285072
0.000285061
0.000285045
0.000285025
0.000285002
0.000284978
0.000284954
0.000284929
0.000284904
0.000284878
0.000284853
0.000284828
0.000284806
0.000284787
0.000284774
0.000284768
0.000284772
0.000284786
0.00028481
0.000284845
0.00028489
0.000284943
0.000285003
0.000285068
0.000285136
0.000285206
0.000285274
0.00028534
0.0002854
0.000285455
0.000285502
0.000285541
0.000285572
0.000285595
0.00028561
0.00028562
0.000285623
0.000285622
0.000285617
0.00028561
0.000285601
0.000285591
0.000285581
0.000285571
0.000285561
0.000285552
0.000285544
0.000285537
0.000285531
0.000285526
0.000285522
0.000285518
0.000285515
0.000285513
0.000285511
0.00028551
0.000285509
0.000285508
0.000285507
0.000285507
0.000285506
0.000285506
0.000285506
0.000285506
0.000285506
0.000285506
0.000285506
0.000285506
0.000285505
0.000285508
0.000285496
0.000304387
0.00030422
0.000304136
0.000304115
0.000304129
0.000304162
0.000304215
0.000304288
0.000304385
0.000304507
0.000304653
0.000304821
0.000305009
0.000305212
0.000305425
0.000305642
0.000305859
0.000306068
0.000306265
0.000306444
0.000306605
0.000306743
0.00030686
0.000306955
0.000307029
0.000307084
0.00030712
0.000307141
0.000307148
0.000307145
0.000307134
0.000307118
0.0003071
0.000307079
0.000307059
0.000307038
0.000307018
0.000306997
0.000306978
0.000306959
0.000306943
0.000306932
0.000306928
0.000306933
0.00030695
0.000306978
0.000307018
0.000307068
0.000307129
0.000307196
0.000307269
0.000307345
0.000307422
0.000307498
0.00030757
0.000307637
0.000307696
0.000307749
0.000307792
0.000307827
0.000307853
0.000307871
0.000307883
0.000307888
0.000307888
0.000307885
0.000307878
0.00030787
0.000307861
0.000307851
0.000307841
0.000307832
0.000307823
0.000307816
0.000307809
0.000307804
0.000307799
0.000307795
0.000307792
0.000307789
0.000307787
0.000307786
0.000307785
0.000307784
0.000307783
0.000307783
0.000307782
0.000307782
0.000307782
0.000307782
0.000307782
0.000307782
0.000307782
0.000307782
0.000307782
0.000307782
0.000307782
0.000307783
0.000307778
0.000307797
0.000332322
0.000332009
0.000331799
0.000331675
0.000331613
0.000331595
0.000331612
0.000331663
0.000331746
0.000331864
0.000332014
0.000332197
0.000332408
0.000332641
0.000332889
0.000333143
0.000333397
0.00033364
0.000333867
0.000334073
0.000334253
0.000334407
0.000334533
0.000334634
0.00033471
0.000334764
0.000334799
0.000334816
0.00033482
0.000334813
0.0003348
0.000334782
0.000334763
0.000334744
0.000334725
0.000334707
0.000334689
0.000334672
0.000334657
0.000334643
0.000334635
0.000334635
0.000334644
0.000334667
0.000334703
0.000334753
0.000334815
0.000334887
0.000334967
0.000335052
0.000335139
0.000335224
0.000335306
0.000335383
0.000335452
0.000335513
0.000335563
0.000335604
0.000335635
0.000335657
0.000335671
0.000335678
0.000335679
0.000335675
0.000335668
0.000335659
0.000335648
0.000335637
0.000335626
0.000335616
0.000335607
0.000335599
0.000335592
0.000335586
0.000335581
0.000335577
0.000335574
0.000335572
0.00033557
0.000335569
0.000335568
0.000335567
0.000335567
0.000335567
0.000335567
0.000335567
0.000335567
0.000335567
0.000335567
0.000335567
0.000335567
0.000335568
0.000335568
0.000335568
0.000335568
0.000335568
0.000335568
0.00033557
0.00033556
0.000335591
0.00036341
0.000363017
0.000362733
0.00036253
0.000362391
0.000362307
0.000362273
0.000362286
0.000362346
0.000362452
0.000362604
0.000362798
0.000363031
0.000363294
0.000363577
0.000363868
0.000364157
0.000364433
0.000364687
0.000364914
0.000365109
0.000365272
0.000365403
0.000365503
0.000365576
0.000365624
0.000365652
0.000365662
0.000365659
0.000365647
0.00036563
0.00036561
0.00036559
0.000365572
0.000365554
0.000365538
0.000365522
0.000365508
0.000365495
0.000365487
0.000365486
0.000365495
0.000365517
0.000365555
0.000365607
0.000365674
0.000365752
0.000365839
0.000365931
0.000366025
0.000366116
0.000366203
0.000366283
0.000366355
0.000366416
0.000366466
0.000366505
0.000366533
0.000366551
0.000366561
0.000366564
0.00036656
0.000366553
0.000366543
0.000366531
0.000366518
0.000366505
0.000366493
0.000366482
0.000366473
0.000366465
0.000366458
0.000366452
0.000366448
0.000366445
0.000366442
0.000366441
0.00036644
0.000366439
0.000366439
0.000366439
0.000366439
0.000366439
0.000366439
0.00036644
0.00036644
0.00036644
0.00036644
0.000366441
0.000366441
0.000366441
0.000366441
0.000366441
0.000366441
0.000366441
0.000366442
0.000366441
0.000366444
0.000366431
0.000366464
0.00039472
0.000394285
0.000393972
0.000393723
0.000393523
0.000393376
0.000393285
0.000393253
0.000393281
0.000393369
0.000393517
0.00039372
0.000393972
0.000394263
0.000394578
0.000394903
0.000395224
0.000395527
0.000395802
0.000396043
0.000396246
0.00039641
0.000396537
0.000396631
0.000396694
0.000396731
0.000396748
0.000396748
0.000396737
0.000396718
0.000396697
0.000396676
0.000396656
0.000396638
0.000396623
0.000396608
0.000396595
0.000396583
0.000396574
0.00039657
0.000396576
0.000396593
0.000396625
0.000396673
0.000396735
0.000396811
0.000396897
0.000396989
0.000397084
0.000397177
0.000397265
0.000397347
0.000397419
0.00039748
0.00039753
0.000397568
0.000397595
0.000397611
0.000397619
0.000397619
0.000397613
0.000397604
0.000397591
0.000397578
0.000397563
0.00039755
0.000397537
0.000397525
0.000397516
0.000397507
0.000397501
0.000397495
0.000397491
0.000397489
0.000397487
0.000397485
0.000397485
0.000397485
0.000397485
0.000397485
0.000397485
0.000397486
0.000397486
0.000397487
0.000397487
0.000397488
0.000397488
0.000397488
0.000397489
0.000397489
0.000397489
0.000397489
0.000397489
0.000397489
0.000397489
0.00039749
0.000397489
0.000397492
0.000397479
0.00039751
0.000423365
0.000422919
0.000422597
0.000422321
0.000422077
0.000421877
0.000421734
0.000421656
0.000421649
0.000421716
0.000421857
0.000422067
0.000422337
0.000422654
0.000422999
0.000423354
0.000423701
0.000424024
0.000424313
0.00042456
0.000424762
0.00042492
0.000425036
0.000425117
0.000425166
0.000425189
0.000425193
0.000425182
0.000425162
0.000425137
0.000425113
0.00042509
0.000425071
0.000425055
0.000425042
0.000425032
0.000425022
0.000425014
0.000425009
0.00042501
0.000425019
0.00042504
0.000425076
0.000425126
0.00042519
0.000425265
0.000425348
0.000425435
0.000425523
0.000425608
0.000425687
0.000425758
0.000425819
0.000425869
0.000425908
0.000425936
0.000425953
0.000425962
0.000425964
0.000425959
0.00042595
0.000425939
0.000425925
0.000425911
0.000425898
0.000425885
0.000425874
0.000425864
0.000425855
0.000425849
0.000425844
0.00042584
0.000425837
0.000425835
0.000425834
0.000425833
0.000425833
0.000425833
0.000425833
0.000425833
0.000425834
0.000425834
0.000425835
0.000425835
0.000425836
0.000425836
0.000425837
0.000425837
0.000425837
0.000425837
0.000425838
0.000425838
0.000425838
0.000425838
0.000425838
0.000425838
0.000425837
0.000425841
0.000425828
0.000425855
0.000446795
0.000446357
0.000446023
0.000445719
0.00044544
0.0004452
0.000445016
0.0004449
0.000444864
0.000444913
0.000445048
0.000445265
0.000445553
0.000445894
0.000446266
0.000446646
0.000447013
0.000447351
0.000447645
0.00044789
0.000448084
0.000448228
0.000448328
0.000448391
0.000448423
0.000448431
0.000448422
0.000448401
0.000448373
0.000448344
0.000448316
0.000448293
0.000448275
0.000448263
0.000448255
0.000448249
0.000448245
0.000448242
0.000448242
0.000448245
0.000448255
0.000448274
0.000448304
0.000448346
0.0004484
0.000448463
0.000448532
0.000448606
0.00044868
0.000448751
0.000448817
0.000448876
0.000448927
0.000448968
0.000449
0.000449023
0.000449037
0.000449045
0.000449046
0.000449042
0.000449035
0.000449026
0.000449016
0.000449005
0.000448995
0.000448985
0.000448976
0.000448968
0.000448961
0.000448956
0.000448951
0.000448948
0.000448945
0.000448943
0.000448942
0.000448941
0.000448941
0.000448941
0.00044894
0.000448941
0.000448941
0.000448941
0.000448941
0.000448941
0.000448942
0.000448942
0.000448942
0.000448942
0.000448942
0.000448943
0.000448943
0.000448943
0.000448943
0.000448943
0.000448943
0.000448943
0.000448942
0.000448946
0.000448934
0.000448954
0.0004627
0.000462265
0.0004619
0.000461563
0.000461259
0.000460998
0.000460793
0.000460656
0.000460603
0.000460643
0.000460779
0.000461006
0.000461311
0.000461672
0.000462064
0.000462461
0.000462838
0.000463178
0.000463468
0.000463701
0.000463879
0.000464004
0.000464084
0.000464127
0.000464141
0.000464135
0.000464115
0.000464086
0.000464054
0.000464021
0.000463991
0.000463968
0.000463951
0.000463942
0.000463939
0.00046394
0.000463943
0.000463947
0.000463951
0.000463955
0.000463962
0.000463973
0.00046399
0.000464015
0.000464048
0.00046409
0.000464137
0.00046419
0.000464244
0.000464298
0.000464349
0.000464397
0.000464439
0.000464475
0.000464504
0.000464527
0.000464544
0.000464556
0.000464563
0.000464566
0.000464566
0.000464564
0.00046456
0.000464555
0.000464549
0.000464543
0.000464537
0.000464532
0.000464527
0.000464522
0.000464518
0.000464514
0.000464511
0.000464509
0.000464507
0.000464505
0.000464504
0.000464502
0.000464502
0.000464501
0.0004645
0.0004645
0.0004645
0.0004645
0.000464499
0.000464499
0.000464499
0.000464499
0.000464499
0.000464499
0.000464499
0.000464499
0.0004645
0.0004645
0.0004645
0.0004645
0.000464499
0.000464502
0.000464491
0.000464505
0.000468273
0.000467816
0.000467421
0.000467077
0.00046678
0.000466531
0.000466335
0.000466205
0.000466157
0.000466203
0.000466345
0.000466581
0.000466893
0.000467259
0.000467651
0.000468042
0.000468407
0.000468729
0.000468997
0.000469206
0.000469358
0.000469459
0.000469516
0.000469539
0.000469538
0.000469521
0.000469494
0.000469461
0.000469426
0.000469393
0.000469363
0.000469339
0.000469323
0.000469316
0.000469316
0.000469323
0.000469333
0.000469343
0.000469352
0.000469358
0.000469362
0.000469364
0.000469367
0.000469372
0.000469382
0.000469397
0.000469419
0.000469446
0.000469477
0.000469511
0.000469546
0.00046958
0.000469613
0.000469644
0.000469671
0.000469696
0.000469717
0.000469735
0.000469749
0.000469761
0.00046977
0.000469776
0.00046978
0.000469783
0.000469783
0.000469782
0.000469781
0.000469778
0.000469775
0.000469772
0.000469768
0.000469764
0.000469761
0.000469758
0.000469755
0.000469752
0.00046975
0.000469748
0.000469746
0.000469744
0.000469743
0.000469742
0.000469741
0.00046974
0.00046974
0.000469739
0.000469739
0.000469739
0.000469739
0.000469739
0.000469739
0.000469738
0.000469738
0.000469738
0.000469738
0.000469739
0.000469738
0.000469741
0.000469729
0.000469745
0.000458896
0.000458459
0.000458121
0.000457846
0.000457617
0.000457428
0.000457284
0.000457197
0.000457181
0.000457246
0.000457394
0.000457621
0.000457912
0.000458244
0.000458592
0.000458931
0.000459242
0.00045951
0.000459728
0.000459893
0.000460007
0.000460077
0.000460111
0.000460118
0.000460107
0.000460083
0.000460054
0.000460023
0.000459991
0.000459961
0.000459934
0.000459912
0.000459897
0.000459889
0.000459889
0.000459896
0.000459908
0.000459922
0.000459934
0.000459944
0.00045995
0.000459951
0.000459949
0.000459945
0.000459941
0.00045994
0.000459941
0.000459947
0.000459957
0.00045997
0.000459985
0.000460003
0.000460022
0.000460041
0.00046006
0.000460079
0.000460098
0.000460115
0.000460131
0.000460145
0.000460158
0.000460169
0.000460178
0.000460185
0.00046019
0.000460194
0.000460196
0.000460197
0.000460197
0.000460196
0.000460194
0.000460192
0.00046019
0.000460188
0.000460185
0.000460183
0.000460181
0.000460179
0.000460177
0.000460175
0.000460174
0.000460172
0.000460171
0.000460171
0.00046017
0.000460169
0.000460169
0.000460168
0.000460168
0.000460168
0.000460168
0.000460168
0.000460168
0.000460168
0.000460168
0.000460168
0.000460167
0.00046017
0.00046016
0.000460177
0.000427392
0.00042728
0.000427177
0.000427076
0.000426982
0.000426905
0.000426855
0.000426843
0.000426878
0.000426964
0.000427102
0.000427284
0.0004275
0.000427733
0.000427966
0.000428186
0.000428382
0.000428547
0.000428677
0.000428773
0.000428837
0.000428873
0.000428888
0.000428886
0.000428873
0.000428852
0.000428828
0.000428803
0.00042878
0.000428759
0.000428742
0.000428728
0.000428717
0.00042871
0.000428707
0.000428707
0.00042871
0.000428717
0.000428725
0.000428736
0.000428747
0.000428759
0.00042877
0.00042878
0.000428789
0.000428796
0.000428801
0.000428805
0.000428807
0.000428809
0.00042881
0.000428811
0.000428811
0.000428811
0.000428811
0.000428811
0.000428812
0.000428812
0.000428812
0.000428813
0.000428813
0.000428814
0.000428816
0.000428817
0.000428819
0.000428821
0.000428823
0.000428825
0.000428827
0.000428828
0.00042883
0.000428831
0.000428833
0.000428834
0.000428835
0.000428836
0.000428837
0.000428837
0.000428838
0.000428838
0.000428839
0.000428839
0.000428839
0.000428839
0.000428839
0.00042884
0.00042884
0.00042884
0.00042884
0.00042884
0.00042884
0.00042884
0.00042884
0.00042884
0.00042884
0.00042884
0.00042884
0.000428839
0.000428841
0.00042882
0.000377012
0.000376913
0.000376828
0.000376743
0.000376664
0.000376599
0.000376557
0.000376547
0.000376575
0.000376645
0.000376755
0.000376901
0.000377071
0.000377253
0.000377434
0.000377603
0.000377751
0.000377875
0.000377971
0.00037804
0.000378084
0.000378108
0.000378114
0.000378109
0.000378095
0.000378075
0.000378054
0.000378033
0.000378013
0.000377996
0.000377982
0.000377971
0.000377963
0.000377957
0.000377954
0.000377953
0.000377956
0.000377961
0.000377969
0.000377979
0.000377991
0.000378002
0.000378013
0.000378023
0.00037803
0.000378035
0.000378038
0.000378038
0.000378036
0.000378034
0.00037803
0.000378026
0.000378022
0.000378017
0.000378013
0.000378008
0.000378005
0.000378001
0.000377999
0.000377997
0.000377995
0.000377994
0.000377994
0.000377995
0.000377996
0.000377997
0.000377998
0.000378
0.000378002
0.000378004
0.000378006
0.000378007
0.000378009
0.00037801
0.000378012
0.000378013
0.000378014
0.000378015
0.000378015
0.000378016
0.000378016
0.000378017
0.000378017
0.000378017
0.000378018
0.000378018
0.000378018
0.000378018
0.000378018
0.000378018
0.000378018
0.000378018
0.000378018
0.000378018
0.000378018
0.000378018
0.000378018
0.000378017
0.000378019
0.000377999
0.000311566
0.000311494
0.000311433
0.000311371
0.00031131
0.000311258
0.000311224
0.000311213
0.000311231
0.000311279
0.000311355
0.000311457
0.000311575
0.000311701
0.000311826
0.000311941
0.000312043
0.000312127
0.000312191
0.000312237
0.000312266
0.000312281
0.000312284
0.000312279
0.000312268
0.000312254
0.000312238
0.000312223
0.000312209
0.000312197
0.000312187
0.00031218
0.000312174
0.000312171
0.000312169
0.000312168
0.00031217
0.000312175
0.000312182
0.000312191
0.000312201
0.000312212
0.000312224
0.000312234
0.000312242
0.000312248
0.000312251
0.000312252
0.00031225
0.000312247
0.000312242
0.000312237
0.000312231
0.000312224
0.000312217
0.000312211
0.000312205
0.000312199
0.000312194
0.000312189
0.000312186
0.000312183
0.000312181
0.00031218
0.000312179
0.000312179
0.00031218
0.00031218
0.000312182
0.000312183
0.000312184
0.000312186
0.000312187
0.000312188
0.00031219
0.000312191
0.000312192
0.000312193
0.000312193
0.000312194
0.000312195
0.000312195
0.000312195
0.000312196
0.000312196
0.000312196
0.000312196
0.000312196
0.000312196
0.000312197
0.000312197
0.000312197
0.000312197
0.000312197
0.000312197
0.000312197
0.000312197
0.000312196
0.000312197
0.00031218
0.000233536
0.000233499
0.000233467
0.000233431
0.000233391
0.000233356
0.000233331
0.00023332
0.000233325
0.000233349
0.00023339
0.000233445
0.000233511
0.000233582
0.000233652
0.000233717
0.000233775
0.000233823
0.00023386
0.000233888
0.000233905
0.000233915
0.000233919
0.000233917
0.000233912
0.000233905
0.000233897
0.000233889
0.000233881
0.000233875
0.000233871
0.000233868
0.000233866
0.000233864
0.000233864
0.000233865
0.000233867
0.00023387
0.000233875
0.000233882
0.000233891
0.0002339
0.000233911
0.000233921
0.00023393
0.000233938
0.000233943
0.000233947
0.000233948
0.000233948
0.000233946
0.000233942
0.000233938
0.000233932
0.000233927
0.00023392
0.000233914
0.000233908
0.000233902
0.000233897
0.000233892
0.000233887
0.000233884
0.000233881
0.000233879
0.000233877
0.000233876
0.000233875
0.000233875
0.000233875
0.000233876
0.000233876
0.000233877
0.000233878
0.000233879
0.000233879
0.00023388
0.000233881
0.000233881
0.000233882
0.000233882
0.000233882
0.000233883
0.000233883
0.000233883
0.000233883
0.000233884
0.000233884
0.000233884
0.000233884
0.000233884
0.000233884
0.000233884
0.000233884
0.000233884
0.000233884
0.000233884
0.000233884
0.000233884
0.000233873
0.000148535
0.000148533
0.000148522
0.000148506
0.000148486
0.000148467
0.000148451
0.00014844
0.000148435
0.000148438
0.000148449
0.000148465
0.000148487
0.000148512
0.000148537
0.000148563
0.000148586
0.000148607
0.000148624
0.000148638
0.000148648
0.000148656
0.000148661
0.000148664
0.000148665
0.000148665
0.000148664
0.000148663
0.000148662
0.000148661
0.000148661
0.000148661
0.000148662
0.000148663
0.000148664
0.000148666
0.000148668
0.000148671
0.000148674
0.000148678
0.000148684
0.00014869
0.000148698
0.000148706
0.000148714
0.000148721
0.000148728
0.000148734
0.000148739
0.000148742
0.000148744
0.000148745
0.000148744
0.000148743
0.000148741
0.000148738
0.000148734
0.000148731
0.000148726
0.000148722
0.000148718
0.000148714
0.00014871
0.000148706
0.000148703
0.0001487
0.000148698
0.000148696
0.000148695
0.000148693
0.000148693
0.000148692
0.000148691
0.000148691
0.000148691
0.000148691
0.000148691
0.000148691
0.000148691
0.000148691
0.000148691
0.000148692
0.000148692
0.000148692
0.000148692
0.000148692
0.000148692
0.000148692
0.000148692
0.000148692
0.000148692
0.000148692
0.000148692
0.000148692
0.000148692
0.000148692
0.000148692
0.000148692
0.000148692
0.00014869
7.21539e-05
7.21733e-05
7.21674e-05
7.21602e-05
7.21528e-05
7.21444e-05
7.21353e-05
7.21259e-05
7.21167e-05
7.21083e-05
7.21009e-05
7.20951e-05
7.20912e-05
7.20899e-05
7.20907e-05
7.20934e-05
7.20974e-05
7.21025e-05
7.21083e-05
7.21144e-05
7.21207e-05
7.21269e-05
7.21327e-05
7.21381e-05
7.21429e-05
7.2147e-05
7.21504e-05
7.21531e-05
7.21552e-05
7.21571e-05
7.21589e-05
7.21608e-05
7.21629e-05
7.21651e-05
7.21673e-05
7.21694e-05
7.21712e-05
7.21729e-05
7.21745e-05
7.21762e-05
7.21784e-05
7.21812e-05
7.2185e-05
7.21896e-05
7.2195e-05
7.2201e-05
7.22072e-05
7.22134e-05
7.22193e-05
7.22247e-05
7.22294e-05
7.22334e-05
7.22366e-05
7.22389e-05
7.22405e-05
7.22411e-05
7.22411e-05
7.22404e-05
7.2239e-05
7.22372e-05
7.2235e-05
7.22324e-05
7.22296e-05
7.22267e-05
7.22238e-05
7.22209e-05
7.22182e-05
7.22157e-05
7.22134e-05
7.22113e-05
7.22095e-05
7.22079e-05
7.22066e-05
7.22055e-05
7.22046e-05
7.22039e-05
7.22033e-05
7.22028e-05
7.22025e-05
7.22022e-05
7.2202e-05
7.22019e-05
7.22018e-05
7.22017e-05
7.22017e-05
7.22017e-05
7.22017e-05
7.22017e-05
7.22017e-05
7.22017e-05
7.22017e-05
7.22017e-05
7.22017e-05
7.22017e-05
7.22017e-05
7.22017e-05
7.22017e-05
7.22021e-05
7.22009e-05
7.22089e-05
)
;

boundaryField
{
    inlet
    {
        type            cyclic;
    }
    outlet
    {
        type            cyclic;
    }
    bottomWall
    {
        type            nutkWallFunction;
        Cmu             0.09;
        kappa           0.41;
        E               9.8;
        value           uniform 0;
    }
    topWall
    {
        type            nutkWallFunction;
        Cmu             0.09;
        kappa           0.41;
        E               9.8;
        value           uniform 0;
    }
    frontAndBack
    {
        type            empty;
    }
}


// ************************************************************************* //
