/*--------------------------------*- C++ -*----------------------------------*\
  =========                 |
  \\      /  F ield         | OpenFOAM: The Open Source CFD Toolbox
   \\    /   O peration     | Website:  https://openfoam.org
    \\  /    A nd           | Version:  11
     \\/     M anipulation  |
\*---------------------------------------------------------------------------*/
FoamFile
{
    format      ascii;
    class       volScalarField;
    location    "100";
    object      omega;
}
// * * * * * * * * * * * * * * * * * * * * * * * * * * * * * * * * * * * * * //

dimensions      [0 0 -1 0 0 0 0];

internalField   nonuniform List<scalar> 
5000
(
13333.3
13333.3
13333.3
13333.3
13333.3
13333.3
13333.3
13333.3
13333.3
13333.3
13333.3
13333.3
13333.3
13333.3
13333.3
13333.3
13333.3
13333.3
13333.3
13333.3
13333.3
13333.3
13333.3
13333.3
13333.3
13333.3
13333.3
13333.3
13333.3
13333.3
13333.3
13333.3
13333.3
13333.3
13333.3
13333.3
13333.3
13333.3
13333.3
13333.3
13333.3
13333.3
13333.3
13333.3
13333.3
13333.3
13333.3
13333.3
13333.3
13333.3
13333.3
13333.3
13333.3
13333.3
13333.3
13333.3
13333.3
13333.3
13333.3
13333.3
13333.3
13333.3
13333.3
13333.3
13333.3
13333.3
13333.3
13333.3
13333.3
13333.3
13333.3
13333.3
13333.3
13333.3
13333.3
13333.3
13333.3
13333.3
13333.3
13333.3
13333.3
13333.3
13333.3
13333.3
13333.3
13333.3
13333.3
13333.3
13333.3
13333.3
13333.3
13333.3
13333.3
13333.3
13333.3
13333.3
13333.3
13333.3
13333.3
13333.3
5549.44
5549.61
5549.68
5549.68
5549.67
5549.65
5549.61
5549.56
5549.49
5549.39
5549.28
5549.14
5548.99
5548.84
5548.7
5548.6
5548.51
5548.44
5548.4
5548.38
5548.39
5548.4
5548.43
5548.47
5548.52
5548.57
5548.62
5548.68
5548.73
5548.78
5548.83
5548.87
5548.9
5548.93
5548.96
5548.98
5548.99
5548.99
5548.98
5548.97
5548.96
5548.95
5548.95
5548.95
5548.97
5549.01
5549.06
5549.13
5549.2
5549.29
5549.37
5549.46
5549.53
5549.6
5549.65
5549.69
5549.71
5549.72
5549.72
5549.71
5549.69
5549.67
5549.64
5549.61
5549.58
5549.55
5549.52
5549.49
5549.46
5549.44
5549.42
5549.4
5549.38
5549.37
5549.36
5549.35
5549.35
5549.34
5549.34
5549.34
5549.34
5549.33
5549.33
5549.33
5549.33
5549.33
5549.33
5549.34
5549.34
5549.34
5549.34
5549.34
5549.34
5549.34
5549.34
5549.34
5549.34
5549.34
5549.33
5549.48
3373.44
3373.53
3373.6
3373.62
3373.62
3373.63
3373.64
3373.65
3373.65
3373.64
3373.61
3373.55
3373.46
3373.35
3373.24
3373.12
3373.02
3372.92
3372.84
3372.78
3372.73
3372.7
3372.68
3372.68
3372.69
3372.71
3372.73
3372.76
3372.79
3372.82
3372.85
3372.87
3372.89
3372.9
3372.9
3372.9
3372.89
3372.87
3372.85
3372.83
3372.82
3372.81
3372.82
3372.84
3372.87
3372.92
3372.98
3373.05
3373.13
3373.2
3373.27
3373.34
3373.39
3373.42
3373.44
3373.45
3373.44
3373.42
3373.39
3373.36
3373.32
3373.28
3373.24
3373.21
3373.17
3373.14
3373.11
3373.09
3373.07
3373.05
3373.04
3373.03
3373.03
3373.02
3373.02
3373.02
3373.02
3373.02
3373.02
3373.02
3373.02
3373.03
3373.03
3373.03
3373.03
3373.03
3373.03
3373.04
3373.04
3373.04
3373.04
3373.04
3373.04
3373.04
3373.04
3373.04
3373.04
3373.04
3373.04
3373.13
2440.88
2440.79
2440.74
2440.7
2440.68
2440.68
2440.72
2440.79
2440.87
2440.95
2441.01
2441.05
2441.06
2441.03
2440.98
2440.91
2440.83
2440.74
2440.64
2440.55
2440.47
2440.4
2440.33
2440.29
2440.25
2440.23
2440.22
2440.21
2440.21
2440.21
2440.2
2440.2
2440.19
2440.17
2440.15
2440.13
2440.1
2440.07
2440.04
2440.01
2440
2439.99
2439.99
2440.01
2440.03
2440.07
2440.11
2440.16
2440.21
2440.25
2440.29
2440.32
2440.33
2440.34
2440.33
2440.31
2440.29
2440.26
2440.22
2440.18
2440.15
2440.11
2440.08
2440.06
2440.03
2440.01
2440
2439.98
2439.97
2439.97
2439.97
2439.96
2439.97
2439.97
2439.97
2439.97
2439.98
2439.98
2439.98
2439.99
2439.99
2439.99
2440
2440
2440
2440
2440
2440.01
2440.01
2440.01
2440.01
2440.01
2440.01
2440.01
2440.01
2440.01
2440.01
2440.01
2440.01
2440.06
1951.93
1951.65
1951.46
1951.34
1951.28
1951.29
1951.36
1951.48
1951.63
1951.8
1951.96
1952.09
1952.2
1952.25
1952.27
1952.25
1952.19
1952.11
1952.01
1951.89
1951.78
1951.67
1951.57
1951.48
1951.4
1951.34
1951.29
1951.24
1951.21
1951.17
1951.14
1951.11
1951.07
1951.03
1950.99
1950.94
1950.9
1950.86
1950.82
1950.79
1950.76
1950.74
1950.73
1950.73
1950.73
1950.74
1950.75
1950.77
1950.78
1950.79
1950.79
1950.79
1950.78
1950.77
1950.75
1950.72
1950.7
1950.67
1950.64
1950.61
1950.58
1950.56
1950.54
1950.53
1950.52
1950.51
1950.51
1950.5
1950.5
1950.51
1950.51
1950.52
1950.52
1950.53
1950.53
1950.54
1950.54
1950.55
1950.55
1950.56
1950.56
1950.56
1950.56
1950.57
1950.57
1950.57
1950.57
1950.57
1950.57
1950.57
1950.57
1950.57
1950.57
1950.57
1950.57
1950.57
1950.57
1950.58
1950.58
1950.61
1666.76
1666.31
1666.01
1665.84
1665.77
1665.81
1665.92
1666.11
1666.34
1666.59
1666.83
1667.06
1667.24
1667.36
1667.43
1667.44
1667.4
1667.32
1667.21
1667.07
1666.93
1666.78
1666.64
1666.51
1666.39
1666.29
1666.2
1666.13
1666.06
1666
1665.94
1665.88
1665.82
1665.76
1665.7
1665.64
1665.58
1665.52
1665.47
1665.43
1665.39
1665.35
1665.32
1665.29
1665.26
1665.24
1665.22
1665.19
1665.17
1665.15
1665.13
1665.1
1665.08
1665.05
1665.02
1665
1664.98
1664.95
1664.94
1664.92
1664.91
1664.9
1664.9
1664.9
1664.9
1664.9
1664.91
1664.91
1664.92
1664.93
1664.94
1664.95
1664.95
1664.96
1664.97
1664.98
1664.98
1664.99
1664.99
1665
1665
1665
1665
1665.01
1665.01
1665.01
1665.01
1665.01
1665.01
1665.01
1665.01
1665.01
1665.01
1665.01
1665.01
1665.01
1665.01
1665.01
1665.02
1665.04
1490.17
1489.55
1489.15
1488.94
1488.87
1488.92
1489.08
1489.32
1489.61
1489.93
1490.25
1490.55
1490.8
1490.98
1491.1
1491.16
1491.14
1491.07
1490.95
1490.8
1490.63
1490.46
1490.28
1490.12
1489.96
1489.83
1489.71
1489.6
1489.5
1489.41
1489.32
1489.24
1489.16
1489.08
1489
1488.92
1488.85
1488.78
1488.72
1488.66
1488.6
1488.54
1488.48
1488.42
1488.35
1488.29
1488.23
1488.17
1488.11
1488.06
1488.01
1487.97
1487.93
1487.9
1487.88
1487.86
1487.85
1487.84
1487.84
1487.85
1487.85
1487.86
1487.87
1487.88
1487.9
1487.91
1487.92
1487.94
1487.95
1487.96
1487.97
1487.98
1487.99
1488
1488.01
1488.01
1488.02
1488.03
1488.03
1488.03
1488.04
1488.04
1488.04
1488.04
1488.04
1488.04
1488.05
1488.05
1488.05
1488.05
1488.05
1488.05
1488.05
1488.05
1488.05
1488.05
1488.05
1488.05
1488.05
1488.07
1375.94
1375.18
1374.7
1374.43
1374.35
1374.41
1374.58
1374.85
1375.18
1375.54
1375.91
1376.26
1376.57
1376.82
1377
1377.1
1377.13
1377.09
1376.98
1376.84
1376.66
1376.47
1376.27
1376.08
1375.89
1375.72
1375.57
1375.43
1375.3
1375.18
1375.07
1374.96
1374.86
1374.76
1374.67
1374.58
1374.5
1374.42
1374.35
1374.27
1374.19
1374.1
1374.01
1373.9
1373.8
1373.69
1373.59
1373.49
1373.4
1373.32
1373.25
1373.19
1373.15
1373.12
1373.11
1373.1
1373.11
1373.12
1373.14
1373.16
1373.19
1373.22
1373.24
1373.27
1373.29
1373.32
1373.34
1373.36
1373.37
1373.39
1373.4
1373.41
1373.42
1373.43
1373.43
1373.44
1373.45
1373.45
1373.45
1373.46
1373.46
1373.46
1373.46
1373.46
1373.46
1373.46
1373.46
1373.47
1373.47
1373.47
1373.47
1373.47
1373.47
1373.47
1373.47
1373.47
1373.47
1373.47
1373.47
1373.48
1298.58
1297.77
1297.23
1296.94
1296.84
1296.89
1297.07
1297.33
1297.67
1298.05
1298.44
1298.83
1299.18
1299.48
1299.72
1299.87
1299.95
1299.95
1299.88
1299.76
1299.59
1299.4
1299.19
1298.97
1298.77
1298.57
1298.38
1298.21
1298.05
1297.9
1297.76
1297.64
1297.52
1297.41
1297.3
1297.21
1297.12
1297.03
1296.94
1296.85
1296.75
1296.63
1296.51
1296.37
1296.23
1296.08
1295.93
1295.8
1295.67
1295.56
1295.47
1295.41
1295.36
1295.33
1295.33
1295.34
1295.36
1295.39
1295.43
1295.47
1295.52
1295.56
1295.61
1295.65
1295.69
1295.72
1295.75
1295.77
1295.79
1295.81
1295.82
1295.83
1295.84
1295.85
1295.85
1295.86
1295.86
1295.87
1295.87
1295.87
1295.87
1295.87
1295.87
1295.88
1295.88
1295.88
1295.88
1295.88
1295.88
1295.88
1295.88
1295.88
1295.88
1295.88
1295.88
1295.88
1295.88
1295.88
1295.89
1295.89
1242.68
1241.87
1241.34
1241.05
1240.95
1241
1241.16
1241.41
1241.72
1242.09
1242.47
1242.87
1243.25
1243.58
1243.86
1244.07
1244.2
1244.25
1244.22
1244.13
1243.99
1243.81
1243.6
1243.38
1243.16
1242.94
1242.73
1242.53
1242.35
1242.18
1242.02
1241.88
1241.74
1241.62
1241.51
1241.41
1241.31
1241.22
1241.12
1241.02
1240.9
1240.77
1240.62
1240.46
1240.28
1240.1
1239.93
1239.76
1239.6
1239.47
1239.36
1239.27
1239.22
1239.19
1239.19
1239.2
1239.24
1239.29
1239.34
1239.4
1239.47
1239.53
1239.59
1239.64
1239.69
1239.73
1239.77
1239.8
1239.82
1239.84
1239.86
1239.87
1239.88
1239.89
1239.9
1239.9
1239.9
1239.9
1239.91
1239.91
1239.91
1239.91
1239.91
1239.91
1239.91
1239.91
1239.91
1239.91
1239.91
1239.91
1239.91
1239.91
1239.91
1239.91
1239.91
1239.91
1239.91
1239.91
1239.92
1239.92
1198.21
1197.46
1196.99
1196.74
1196.65
1196.69
1196.83
1197.05
1197.33
1197.66
1198.02
1198.4
1198.77
1199.12
1199.42
1199.67
1199.84
1199.94
1199.96
1199.91
1199.81
1199.65
1199.46
1199.25
1199.02
1198.79
1198.56
1198.35
1198.15
1197.96
1197.79
1197.63
1197.49
1197.37
1197.25
1197.14
1197.04
1196.95
1196.85
1196.74
1196.62
1196.48
1196.32
1196.14
1195.95
1195.76
1195.56
1195.36
1195.19
1195.03
1194.9
1194.8
1194.73
1194.69
1194.69
1194.7
1194.74
1194.8
1194.86
1194.94
1195.01
1195.09
1195.16
1195.23
1195.29
1195.34
1195.38
1195.42
1195.45
1195.48
1195.5
1195.51
1195.52
1195.53
1195.54
1195.54
1195.55
1195.55
1195.55
1195.55
1195.55
1195.55
1195.55
1195.55
1195.55
1195.55
1195.55
1195.55
1195.55
1195.55
1195.55
1195.55
1195.55
1195.55
1195.55
1195.55
1195.56
1195.55
1195.56
1195.55
1158.69
1158.05
1157.68
1157.49
1157.43
1157.46
1157.57
1157.75
1157.98
1158.26
1158.58
1158.92
1159.28
1159.62
1159.93
1160.19
1160.39
1160.53
1160.59
1160.58
1160.51
1160.39
1160.22
1160.03
1159.81
1159.58
1159.36
1159.14
1158.93
1158.73
1158.55
1158.39
1158.25
1158.12
1158
1157.89
1157.79
1157.7
1157.6
1157.49
1157.37
1157.24
1157.09
1156.91
1156.72
1156.52
1156.31
1156.11
1155.91
1155.74
1155.59
1155.48
1155.39
1155.34
1155.32
1155.33
1155.36
1155.42
1155.49
1155.56
1155.65
1155.73
1155.81
1155.89
1155.96
1156.02
1156.07
1156.12
1156.16
1156.19
1156.21
1156.23
1156.25
1156.26
1156.27
1156.27
1156.28
1156.28
1156.28
1156.28
1156.29
1156.29
1156.29
1156.29
1156.29
1156.29
1156.29
1156.29
1156.29
1156.29
1156.29
1156.29
1156.29
1156.29
1156.29
1156.29
1156.29
1156.29
1156.3
1156.29
1119.97
1119.48
1119.21
1119.08
1119.04
1119.07
1119.15
1119.28
1119.47
1119.7
1119.97
1120.27
1120.58
1120.9
1121.2
1121.46
1121.68
1121.84
1121.93
1121.96
1121.93
1121.84
1121.71
1121.54
1121.34
1121.13
1120.91
1120.69
1120.49
1120.29
1120.11
1119.95
1119.81
1119.68
1119.56
1119.46
1119.36
1119.27
1119.18
1119.08
1118.97
1118.85
1118.71
1118.55
1118.37
1118.18
1117.98
1117.78
1117.58
1117.4
1117.24
1117.11
1117.01
1116.94
1116.9
1116.9
1116.92
1116.96
1117.03
1117.1
1117.18
1117.27
1117.36
1117.44
1117.52
1117.59
1117.65
1117.71
1117.75
1117.79
1117.82
1117.85
1117.87
1117.88
1117.9
1117.9
1117.91
1117.92
1117.92
1117.92
1117.92
1117.92
1117.92
1117.92
1117.92
1117.92
1117.93
1117.93
1117.93
1117.93
1117.93
1117.93
1117.93
1117.93
1117.93
1117.93
1117.93
1117.93
1117.93
1117.92
1078.84
1078.52
1078.36
1078.28
1078.24
1078.25
1078.3
1078.4
1078.55
1078.74
1078.96
1079.21
1079.48
1079.76
1080.03
1080.28
1080.49
1080.66
1080.78
1080.85
1080.85
1080.8
1080.71
1080.57
1080.4
1080.22
1080.02
1079.82
1079.63
1079.44
1079.27
1079.12
1078.98
1078.86
1078.75
1078.65
1078.56
1078.48
1078.4
1078.31
1078.22
1078.12
1078
1077.86
1077.7
1077.53
1077.35
1077.16
1076.97
1076.79
1076.63
1076.49
1076.37
1076.29
1076.23
1076.21
1076.22
1076.25
1076.3
1076.36
1076.44
1076.52
1076.61
1076.7
1076.78
1076.86
1076.93
1076.99
1077.05
1077.09
1077.13
1077.17
1077.19
1077.21
1077.23
1077.24
1077.25
1077.26
1077.27
1077.27
1077.27
1077.27
1077.27
1077.28
1077.28
1077.28
1077.28
1077.28
1077.28
1077.28
1077.28
1077.28
1077.28
1077.28
1077.28
1077.28
1077.28
1077.28
1077.28
1077.27
1032.4
1032.28
1032.2
1032.15
1032.12
1032.12
1032.16
1032.24
1032.36
1032.52
1032.7
1032.9
1033.12
1033.35
1033.58
1033.8
1034.01
1034.18
1034.31
1034.4
1034.44
1034.44
1034.38
1034.29
1034.17
1034.02
1033.85
1033.68
1033.51
1033.35
1033.19
1033.05
1032.93
1032.82
1032.72
1032.63
1032.56
1032.48
1032.41
1032.34
1032.27
1032.19
1032.09
1031.99
1031.86
1031.72
1031.56
1031.4
1031.23
1031.06
1030.9
1030.76
1030.64
1030.54
1030.48
1030.44
1030.42
1030.44
1030.47
1030.52
1030.59
1030.67
1030.75
1030.83
1030.92
1031
1031.08
1031.15
1031.21
1031.27
1031.31
1031.35
1031.39
1031.42
1031.44
1031.46
1031.47
1031.48
1031.49
1031.5
1031.5
1031.5
1031.51
1031.51
1031.51
1031.51
1031.51
1031.51
1031.51
1031.51
1031.51
1031.51
1031.51
1031.51
1031.51
1031.51
1031.51
1031.51
1031.51
1031.51
978.603
978.668
978.669
978.653
978.651
978.676
978.734
978.819
978.926
979.05
979.19
979.343
979.508
979.685
979.869
980.056
980.237
980.402
980.544
980.655
980.728
980.762
980.756
980.713
980.638
980.536
980.416
980.284
980.147
980.012
979.884
979.766
979.659
979.564
979.48
979.405
979.339
979.279
979.223
979.168
979.112
979.052
978.983
978.903
978.809
978.7
978.576
978.44
978.296
978.15
978.008
977.875
977.758
977.659
977.582
977.53
977.501
977.497
977.513
977.55
977.602
977.667
977.742
977.822
977.904
977.986
978.065
978.14
978.209
978.272
978.327
978.376
978.417
978.452
978.481
978.505
978.524
978.539
978.551
978.56
978.567
978.572
978.575
978.578
978.58
978.581
978.582
978.583
978.583
978.584
978.584
978.584
978.584
978.584
978.584
978.584
978.584
978.585
978.584
978.598
918.035
918.24
918.321
918.371
918.426
918.497
918.582
918.677
918.777
918.879
918.984
919.094
919.211
919.339
919.478
919.627
919.78
919.932
920.073
920.197
920.295
920.363
920.398
920.4
920.371
920.315
920.238
920.145
920.043
919.938
919.835
919.737
919.647
919.565
919.492
919.428
919.37
919.317
919.269
919.224
919.178
919.131
919.078
919.017
918.946
918.862
918.764
918.656
918.538
918.416
918.293
918.176
918.068
917.974
917.897
917.839
917.802
917.785
917.789
917.811
917.849
917.901
917.965
918.035
918.111
918.189
918.266
918.34
918.411
918.476
918.535
918.587
918.633
918.673
918.706
918.734
918.757
918.776
918.791
918.802
918.812
918.818
918.824
918.828
918.83
918.832
918.834
918.835
918.835
918.836
918.836
918.836
918.836
918.836
918.837
918.837
918.837
918.837
918.835
918.86
855.369
855.642
855.809
855.937
856.052
856.162
856.266
856.363
856.451
856.533
856.61
856.687
856.77
856.863
856.969
857.089
857.221
857.358
857.495
857.624
857.737
857.827
857.89
857.924
857.929
857.907
857.861
857.798
857.722
857.638
857.552
857.466
857.385
857.309
857.239
857.175
857.117
857.063
857.013
856.966
856.919
856.871
856.82
856.762
856.696
856.622
856.537
856.443
856.342
856.237
856.131
856.029
855.934
855.85
855.779
855.723
855.685
855.664
855.661
855.674
855.702
855.743
855.795
855.855
855.921
855.989
856.059
856.127
856.193
856.254
856.311
856.362
856.408
856.447
856.481
856.51
856.535
856.555
856.571
856.584
856.594
856.602
856.608
856.613
856.616
856.619
856.621
856.622
856.623
856.623
856.624
856.624
856.624
856.624
856.624
856.625
856.624
856.625
856.623
856.644
796.028
796.324
796.573
796.782
796.957
797.105
797.226
797.326
797.405
797.469
797.523
797.574
797.627
797.689
797.766
797.859
797.967
798.089
798.218
798.348
798.47
798.577
798.664
798.726
798.761
798.77
798.754
798.718
798.665
798.601
798.529
798.454
798.378
798.304
798.232
798.164
798.1
798.039
797.98
797.924
797.869
797.812
797.753
797.689
797.619
797.542
797.459
797.368
797.273
797.176
797.079
796.986
796.899
796.823
796.758
796.707
796.67
796.649
796.642
796.65
796.671
796.704
796.747
796.797
796.854
796.913
796.975
797.036
797.095
797.151
797.204
797.252
797.295
797.333
797.366
797.394
797.418
797.438
797.455
797.469
797.479
797.488
797.495
797.5
797.504
797.507
797.509
797.51
797.512
797.512
797.513
797.513
797.514
797.514
797.514
797.514
797.514
797.514
797.515
797.522
740.167
740.46
740.764
741.04
741.272
741.459
741.605
741.715
741.795
741.852
741.894
741.927
741.961
742.002
742.055
742.126
742.216
742.323
742.444
742.573
742.702
742.825
742.935
743.025
743.092
743.135
743.154
743.15
743.127
743.089
743.039
742.981
742.918
742.852
742.785
742.718
742.652
742.587
742.525
742.463
742.402
742.341
742.277
742.211
742.139
742.062
741.979
741.891
741.799
741.706
741.615
741.528
741.447
741.375
741.314
741.264
741.227
741.204
741.194
741.196
741.211
741.237
741.272
741.315
741.363
741.416
741.471
741.526
741.581
741.634
741.684
741.73
741.772
741.81
741.843
741.872
741.897
741.918
741.935
741.95
741.962
741.971
741.979
741.985
741.99
741.993
741.996
741.998
742
742.001
742.001
742.002
742.002
742.003
742.003
742.003
742.003
742.003
742.005
742
682.712
683.004
683.347
683.677
683.965
684.201
684.385
684.525
684.626
684.696
684.745
684.781
684.812
684.846
684.891
684.951
685.031
685.13
685.248
685.38
685.521
685.663
685.8
685.924
686.031
686.117
686.181
686.222
686.244
686.248
686.236
686.212
686.178
686.137
686.089
686.038
685.984
685.929
685.873
685.818
685.763
685.707
685.651
685.591
685.529
685.461
685.389
685.311
685.23
685.148
685.067
684.988
684.916
684.85
684.792
684.745
684.708
684.683
684.669
684.667
684.676
684.695
684.724
684.76
684.804
684.852
684.904
684.957
685.011
685.064
685.115
685.163
685.208
685.248
685.285
685.317
685.345
685.369
685.39
685.407
685.422
685.433
685.443
685.45
685.456
685.461
685.465
685.468
685.47
685.471
685.472
685.473
685.474
685.474
685.474
685.475
685.475
685.475
685.477
685.464
616.552
616.866
617.237
617.61
617.95
618.243
618.486
618.681
618.833
618.949
619.038
619.108
619.167
619.223
619.284
619.357
619.445
619.553
619.68
619.826
619.986
620.154
620.325
620.49
620.644
620.783
620.904
621.005
621.087
621.15
621.197
621.227
621.244
621.248
621.242
621.226
621.203
621.175
621.143
621.11
621.075
621.039
621.001
620.961
620.917
620.87
620.817
620.759
620.697
620.633
620.569
620.508
620.451
620.399
620.354
620.318
620.29
620.272
620.263
620.265
620.276
620.297
620.327
620.364
620.409
620.458
620.512
620.568
620.624
620.681
620.736
620.788
620.837
620.883
620.924
620.961
620.993
621.022
621.046
621.067
621.084
621.098
621.11
621.119
621.127
621.133
621.138
621.141
621.144
621.146
621.147
621.148
621.149
621.15
621.15
621.15
621.15
621.15
621.152
621.138
533.245
533.635
534.061
534.492
534.904
535.28
535.612
535.9
536.144
536.349
536.522
536.668
536.796
536.912
537.025
537.14
537.265
537.404
537.559
537.731
537.92
538.121
538.33
538.541
538.747
538.944
539.129
539.3
539.455
539.594
539.716
539.823
539.913
539.987
540.046
540.091
540.124
540.147
540.162
540.171
540.176
540.176
540.172
540.165
540.153
540.136
540.114
540.087
540.054
540.019
539.985
539.952
539.924
539.902
539.886
539.878
539.877
539.884
539.899
539.922
539.953
539.991
540.037
540.089
540.146
540.206
540.27
540.336
540.401
540.465
540.527
540.586
540.641
540.692
540.738
540.779
540.815
540.847
540.874
540.898
540.917
540.934
540.947
540.958
540.966
540.973
540.979
540.983
540.986
540.988
540.99
540.991
540.992
540.992
540.993
540.993
540.993
540.993
540.993
540.987
429.986
430.454
430.954
431.467
431.973
432.455
432.902
433.309
433.674
433.997
434.282
434.535
434.759
434.962
435.149
435.328
435.505
435.685
435.873
436.071
436.282
436.504
436.736
436.974
437.213
437.449
437.681
437.905
438.119
438.324
438.517
438.697
438.862
439.011
439.144
439.261
439.362
439.45
439.526
439.592
439.648
439.696
439.737
439.771
439.797
439.818
439.833
439.843
439.849
439.855
439.861
439.872
439.888
439.911
439.942
439.981
440.026
440.078
440.137
440.202
440.271
440.345
440.423
440.503
440.585
440.667
440.749
440.829
440.907
440.981
441.051
441.116
441.176
441.23
441.278
441.321
441.359
441.391
441.419
441.442
441.462
441.478
441.491
441.501
441.51
441.516
441.521
441.525
441.528
441.53
441.531
441.532
441.533
441.533
441.533
441.533
441.533
441.534
441.532
441.536
335.803
336.164
336.651
337.203
337.776
338.342
338.88
339.381
339.838
340.249
340.617
340.943
341.232
341.49
341.721
341.933
342.131
342.32
342.507
342.696
342.889
343.089
343.296
343.51
343.728
343.951
344.174
344.396
344.615
344.829
345.036
345.234
345.421
345.596
345.758
345.905
346.038
346.156
346.261
346.353
346.433
346.503
346.563
346.615
346.661
346.703
346.742
346.781
346.822
346.867
346.918
346.976
347.041
347.115
347.198
347.288
347.385
347.489
347.597
347.708
347.821
347.936
348.05
348.162
348.271
348.376
348.476
348.57
348.658
348.739
348.813
348.88
348.939
348.991
349.037
349.076
349.11
349.138
349.162
349.181
349.197
349.21
349.22
349.228
349.234
349.239
349.242
349.245
349.247
349.248
349.249
349.249
349.249
349.249
349.249
349.249
349.249
349.249
349.248
349.245
332.497
332.992
333.57
334.19
334.816
335.422
335.993
336.517
336.99
337.412
337.782
338.107
338.391
338.64
338.861
339.061
339.247
339.424
339.599
339.776
339.958
340.149
340.349
340.558
340.776
341.001
341.229
341.456
341.678
341.892
342.096
342.287
342.463
342.625
342.771
342.9
343.012
343.107
343.186
343.249
343.299
343.338
343.37
343.4
343.432
343.468
343.513
343.567
343.632
343.709
343.796
343.892
343.997
344.11
344.229
344.353
344.483
344.617
344.753
344.891
345.03
345.168
345.304
345.436
345.565
345.687
345.803
345.911
346.012
346.104
346.187
346.262
346.328
346.387
346.437
346.481
346.518
346.549
346.575
346.596
346.614
346.628
346.639
346.648
346.655
346.66
346.664
346.667
346.669
346.671
346.672
346.673
346.673
346.674
346.674
346.674
346.674
346.674
346.674
346.673
433.591
434.32
435.02
435.692
436.328
436.915
437.447
437.92
438.335
438.694
439.003
439.269
439.499
439.703
439.887
440.061
440.232
440.406
440.589
440.784
440.992
441.214
441.45
441.697
441.952
442.208
442.462
442.708
442.941
443.157
443.353
443.527
443.679
443.809
443.917
444.004
444.071
444.118
444.147
444.16
444.16
444.152
444.141
444.134
444.136
444.151
444.181
444.226
444.284
444.353
444.429
444.512
444.6
444.691
444.785
444.881
444.98
445.083
445.188
445.297
445.408
445.522
445.638
445.755
445.871
445.986
446.098
446.207
446.311
446.408
446.5
446.583
446.66
446.729
446.79
446.843
446.89
446.93
446.965
446.994
447.018
447.037
447.054
447.067
447.077
447.085
447.092
447.097
447.101
447.104
447.106
447.107
447.108
447.109
447.11
447.11
447.11
447.112
447.11
447.119
551.642
552.168
552.715
553.253
553.756
554.211
554.609
554.95
555.236
555.474
555.67
555.834
555.975
556.102
556.224
556.349
556.484
556.633
556.799
556.982
557.182
557.395
557.618
557.846
558.074
558.295
558.503
558.695
558.867
559.016
559.142
559.245
559.325
559.384
559.424
559.446
559.453
559.445
559.424
559.392
559.353
559.309
559.267
559.229
559.201
559.183
559.177
559.181
559.194
559.211
559.23
559.249
559.268
559.286
559.306
559.328
559.353
559.384
559.42
559.463
559.514
559.573
559.639
559.711
559.789
559.871
559.955
560.04
560.125
560.208
560.287
560.362
560.432
560.496
560.554
560.606
560.651
560.691
560.725
560.754
560.779
560.799
560.815
560.829
560.84
560.848
560.855
560.86
560.864
560.867
560.869
560.871
560.872
560.873
560.873
560.874
560.874
560.874
560.874
560.871
641.404
641.698
642.078
642.47
642.834
643.149
643.411
643.621
643.785
643.911
644.007
644.082
644.147
644.21
644.279
644.361
644.461
644.58
644.719
644.875
645.044
645.221
645.399
645.574
645.741
645.893
646.026
646.138
646.228
646.295
646.342
646.368
646.377
646.372
646.354
646.325
646.287
646.241
646.188
646.129
646.067
646.003
645.94
645.881
645.828
645.78
645.739
645.703
645.67
645.638
645.605
645.57
645.535
645.499
645.466
645.437
645.413
645.397
645.391
645.394
645.408
645.433
645.467
645.511
645.563
645.621
645.684
645.75
645.817
645.884
645.949
646.011
646.07
646.124
646.173
646.217
646.256
646.29
646.319
646.344
646.365
646.382
646.396
646.407
646.417
646.424
646.429
646.434
646.437
646.439
646.441
646.442
646.443
646.443
646.444
646.444
646.444
646.444
646.447
646.431
706.833
707.014
707.298
707.597
707.869
708.095
708.274
708.408
708.503
708.569
708.615
708.648
708.678
708.714
708.763
708.83
708.916
709.023
709.146
709.282
709.425
709.567
709.703
709.828
709.938
710.028
710.097
710.144
710.17
710.176
710.165
710.14
710.104
710.059
710.008
709.953
709.893
709.829
709.763
709.693
709.62
709.547
709.474
709.402
709.332
709.265
709.2
709.137
709.075
709.013
708.951
708.888
708.827
708.768
708.714
708.666
708.627
708.599
708.581
708.575
708.581
708.598
708.626
708.663
708.707
708.758
708.813
708.871
708.929
708.987
709.043
709.096
709.146
709.192
709.233
709.269
709.301
709.329
709.353
709.373
709.389
709.403
709.414
709.423
709.43
709.435
709.439
709.442
709.445
709.446
709.447
709.448
709.449
709.449
709.449
709.449
709.449
709.449
709.452
709.435
760.554
760.694
760.907
761.129
761.332
761.503
761.638
761.74
761.813
761.863
761.9
761.929
761.96
762.001
762.056
762.13
762.222
762.331
762.451
762.576
762.7
762.815
762.917
763.001
763.064
763.106
763.126
763.125
763.106
763.071
763.025
762.969
762.908
762.844
762.779
762.712
762.645
762.577
762.508
762.436
762.363
762.287
762.211
762.133
762.055
761.977
761.899
761.821
761.743
761.666
761.589
761.515
761.444
761.379
761.322
761.274
761.236
761.211
761.199
761.199
761.211
761.234
761.267
761.308
761.355
761.407
761.462
761.518
761.573
761.627
761.679
761.726
761.77
761.81
761.845
761.876
761.902
761.925
761.944
761.96
761.973
761.984
761.992
761.999
762.004
762.008
762.01
762.013
762.014
762.015
762.016
762.016
762.016
762.016
762.016
762.016
762.016
762.016
762.019
762.009
811.807
811.937
812.086
812.239
812.387
812.522
812.638
812.734
812.811
812.873
812.924
812.973
813.024
813.086
813.163
813.256
813.363
813.481
813.603
813.722
813.83
813.923
813.995
814.044
814.07
814.074
814.057
814.022
813.972
813.912
813.844
813.773
813.701
813.629
813.56
813.493
813.428
813.364
813.299
813.232
813.163
813.091
813.017
812.939
812.86
812.778
812.695
812.61
812.525
812.44
812.357
812.278
812.204
812.139
812.083
812.039
812.008
811.99
811.986
811.996
812.018
812.05
812.092
812.141
812.195
812.252
812.311
812.369
812.426
812.48
812.53
812.576
812.618
812.655
812.687
812.715
812.738
812.758
812.774
812.787
812.798
812.807
812.813
812.818
812.822
812.825
812.827
812.828
812.829
812.83
812.83
812.83
812.83
812.83
812.83
812.83
812.83
812.83
812.831
812.836
866.79
866.929
867.026
867.125
867.235
867.351
867.466
867.573
867.669
867.755
867.833
867.91
867.991
868.082
868.185
868.3
868.424
868.552
868.675
868.786
868.879
868.949
868.994
869.012
869.006
868.978
868.932
868.872
868.802
868.725
868.646
868.567
868.492
868.42
868.354
868.292
868.234
868.177
868.121
868.063
868.003
867.939
867.871
867.798
867.722
867.641
867.556
867.469
867.38
867.291
867.204
867.121
867.045
866.978
866.922
866.88
866.852
866.84
866.843
866.86
866.89
866.932
866.982
867.04
867.103
867.168
867.233
867.297
867.359
867.416
867.469
867.517
867.56
867.597
867.63
867.657
867.68
867.699
867.715
867.728
867.737
867.745
867.751
867.756
867.759
867.761
867.763
867.764
867.765
867.765
867.765
867.765
867.765
867.765
867.765
867.764
867.764
867.764
867.763
867.785
926.629
926.772
926.817
926.855
926.917
927.005
927.111
927.227
927.345
927.462
927.578
927.696
927.82
927.951
928.09
928.235
928.379
928.516
928.637
928.736
928.806
928.846
928.855
928.835
928.79
928.726
928.648
928.56
928.467
928.374
928.283
928.196
928.117
928.045
927.98
927.922
927.868
927.817
927.766
927.713
927.657
927.594
927.526
927.451
927.368
927.279
927.184
927.086
926.985
926.884
926.786
926.695
926.612
926.542
926.485
926.445
926.421
926.415
926.425
926.451
926.491
926.543
926.603
926.67
926.741
926.814
926.885
926.955
927.02
927.08
927.135
927.185
927.228
927.265
927.297
927.324
927.346
927.364
927.378
927.39
927.399
927.406
927.411
927.415
927.417
927.419
927.421
927.421
927.422
927.422
927.422
927.422
927.421
927.421
927.421
927.421
927.42
927.421
927.418
927.447
985.754
985.835
985.826
985.8
985.8
985.84
985.92
986.032
986.167
986.318
986.48
986.652
986.832
987.018
987.204
987.385
987.552
987.696
987.81
987.886
987.922
987.919
987.879
987.809
987.715
987.605
987.486
987.364
987.243
987.127
987.018
986.919
986.829
986.75
986.68
986.618
986.561
986.506
986.451
986.391
986.325
986.249
986.162
986.064
985.955
985.837
985.712
985.584
985.456
985.333
985.217
985.113
985.023
984.95
984.897
984.863
984.85
984.856
984.88
984.92
984.974
985.037
985.108
985.184
985.26
985.336
985.41
985.479
985.543
985.6
985.651
985.696
985.734
985.767
985.794
985.817
985.835
985.849
985.86
985.869
985.875
985.88
985.884
985.886
985.888
985.889
985.889
985.889
985.889
985.889
985.889
985.889
985.888
985.888
985.888
985.887
985.887
985.887
985.885
985.905
1038.74
1038.67
1038.61
1038.55
1038.52
1038.53
1038.6
1038.71
1038.86
1039.05
1039.26
1039.48
1039.72
1039.96
1040.19
1040.4
1040.59
1040.73
1040.83
1040.87
1040.87
1040.82
1040.73
1040.61
1040.47
1040.32
1040.16
1040.01
1039.86
1039.72
1039.6
1039.48
1039.38
1039.29
1039.22
1039.15
1039.08
1039.02
1038.95
1038.88
1038.79
1038.69
1038.58
1038.44
1038.3
1038.14
1037.98
1037.82
1037.67
1037.52
1037.39
1037.28
1037.18
1037.12
1037.07
1037.05
1037.05
1037.08
1037.12
1037.17
1037.24
1037.31
1037.39
1037.47
1037.55
1037.63
1037.7
1037.76
1037.82
1037.87
1037.91
1037.95
1037.98
1038.01
1038.03
1038.04
1038.06
1038.07
1038.07
1038.08
1038.08
1038.09
1038.09
1038.09
1038.09
1038.09
1038.09
1038.09
1038.09
1038.09
1038.09
1038.09
1038.09
1038.09
1038.09
1038.09
1038.09
1038.09
1038.09
1038.09
1084.46
1084.19
1084.05
1083.97
1083.94
1083.95
1084.02
1084.15
1084.33
1084.55
1084.81
1085.09
1085.38
1085.66
1085.93
1086.16
1086.35
1086.49
1086.56
1086.57
1086.53
1086.44
1086.3
1086.14
1085.96
1085.77
1085.59
1085.41
1085.25
1085.1
1084.96
1084.84
1084.73
1084.63
1084.54
1084.47
1084.39
1084.32
1084.24
1084.15
1084.04
1083.92
1083.77
1083.61
1083.43
1083.24
1083.05
1082.86
1082.69
1082.53
1082.39
1082.28
1082.2
1082.14
1082.11
1082.1
1082.12
1082.16
1082.22
1082.29
1082.36
1082.44
1082.53
1082.61
1082.68
1082.75
1082.82
1082.88
1082.93
1082.97
1083
1083.03
1083.06
1083.07
1083.09
1083.1
1083.11
1083.11
1083.12
1083.12
1083.12
1083.12
1083.12
1083.12
1083.12
1083.12
1083.12
1083.12
1083.12
1083.12
1083.12
1083.12
1083.12
1083.12
1083.12
1083.12
1083.12
1083.12
1083.12
1083.12
1124.64
1124.18
1123.93
1123.81
1123.78
1123.81
1123.9
1124.06
1124.28
1124.54
1124.84
1125.17
1125.5
1125.82
1126.12
1126.36
1126.54
1126.66
1126.71
1126.68
1126.6
1126.47
1126.3
1126.1
1125.89
1125.69
1125.49
1125.3
1125.13
1124.97
1124.83
1124.7
1124.59
1124.48
1124.39
1124.3
1124.22
1124.14
1124.04
1123.94
1123.82
1123.67
1123.5
1123.31
1123.11
1122.9
1122.69
1122.49
1122.31
1122.15
1122.02
1121.92
1121.84
1121.8
1121.79
1121.8
1121.84
1121.89
1121.95
1122.03
1122.11
1122.19
1122.27
1122.35
1122.42
1122.49
1122.54
1122.59
1122.63
1122.67
1122.69
1122.71
1122.73
1122.74
1122.75
1122.76
1122.77
1122.77
1122.77
1122.77
1122.77
1122.77
1122.77
1122.77
1122.77
1122.77
1122.77
1122.77
1122.76
1122.76
1122.76
1122.76
1122.76
1122.76
1122.76
1122.76
1122.76
1122.76
1122.77
1122.76
1162.17
1161.53
1161.17
1161
1160.95
1161
1161.13
1161.32
1161.58
1161.89
1162.24
1162.61
1162.97
1163.31
1163.61
1163.85
1164.01
1164.1
1164.11
1164.05
1163.93
1163.77
1163.57
1163.35
1163.13
1162.91
1162.71
1162.52
1162.35
1162.19
1162.05
1161.92
1161.8
1161.69
1161.59
1161.5
1161.41
1161.32
1161.22
1161.11
1160.97
1160.81
1160.63
1160.43
1160.22
1160
1159.79
1159.59
1159.42
1159.27
1159.15
1159.06
1159
1158.97
1158.97
1158.99
1159.04
1159.1
1159.17
1159.25
1159.33
1159.4
1159.48
1159.55
1159.61
1159.67
1159.71
1159.75
1159.79
1159.81
1159.83
1159.85
1159.86
1159.87
1159.87
1159.88
1159.88
1159.88
1159.88
1159.88
1159.88
1159.88
1159.88
1159.88
1159.88
1159.87
1159.87
1159.87
1159.87
1159.87
1159.87
1159.87
1159.87
1159.87
1159.87
1159.87
1159.87
1159.87
1159.87
1159.87
1200.32
1199.57
1199.1
1198.87
1198.8
1198.86
1199.02
1199.26
1199.56
1199.91
1200.3
1200.69
1201.07
1201.41
1201.69
1201.91
1202.04
1202.09
1202.06
1201.96
1201.81
1201.61
1201.4
1201.17
1200.95
1200.73
1200.53
1200.35
1200.18
1200.03
1199.89
1199.77
1199.65
1199.54
1199.44
1199.35
1199.26
1199.16
1199.06
1198.94
1198.8
1198.64
1198.46
1198.27
1198.06
1197.85
1197.65
1197.47
1197.31
1197.17
1197.06
1196.99
1196.94
1196.92
1196.93
1196.96
1197.01
1197.07
1197.13
1197.2
1197.28
1197.34
1197.41
1197.47
1197.52
1197.57
1197.61
1197.64
1197.66
1197.68
1197.7
1197.71
1197.72
1197.72
1197.73
1197.73
1197.73
1197.73
1197.73
1197.73
1197.72
1197.72
1197.72
1197.72
1197.72
1197.72
1197.72
1197.72
1197.72
1197.72
1197.72
1197.72
1197.71
1197.71
1197.71
1197.71
1197.71
1197.71
1197.72
1197.72
1243.38
1242.56
1242.03
1241.75
1241.67
1241.74
1241.93
1242.2
1242.54
1242.92
1243.32
1243.72
1244.09
1244.41
1244.66
1244.83
1244.91
1244.91
1244.84
1244.71
1244.53
1244.32
1244.1
1243.88
1243.66
1243.46
1243.27
1243.1
1242.95
1242.81
1242.68
1242.56
1242.45
1242.34
1242.24
1242.15
1242.05
1241.96
1241.86
1241.75
1241.62
1241.48
1241.31
1241.14
1240.96
1240.77
1240.6
1240.44
1240.3
1240.18
1240.09
1240.02
1239.98
1239.97
1239.97
1240
1240.04
1240.09
1240.14
1240.2
1240.26
1240.31
1240.37
1240.41
1240.45
1240.49
1240.52
1240.54
1240.56
1240.58
1240.59
1240.6
1240.61
1240.61
1240.61
1240.61
1240.61
1240.61
1240.61
1240.61
1240.61
1240.61
1240.61
1240.61
1240.61
1240.61
1240.61
1240.61
1240.61
1240.61
1240.6
1240.6
1240.6
1240.6
1240.6
1240.6
1240.6
1240.6
1240.61
1240.61
1297.96
1297.12
1296.59
1296.3
1296.22
1296.3
1296.5
1296.79
1297.14
1297.52
1297.92
1298.3
1298.64
1298.92
1299.12
1299.23
1299.27
1299.22
1299.11
1298.96
1298.77
1298.56
1298.34
1298.13
1297.94
1297.75
1297.59
1297.44
1297.3
1297.18
1297.07
1296.96
1296.85
1296.75
1296.66
1296.57
1296.48
1296.39
1296.3
1296.2
1296.1
1295.98
1295.85
1295.72
1295.57
1295.43
1295.29
1295.16
1295.04
1294.94
1294.86
1294.8
1294.77
1294.75
1294.74
1294.76
1294.78
1294.81
1294.85
1294.88
1294.92
1294.96
1295
1295.03
1295.06
1295.09
1295.11
1295.13
1295.15
1295.16
1295.17
1295.18
1295.18
1295.19
1295.19
1295.19
1295.19
1295.2
1295.2
1295.2
1295.2
1295.2
1295.19
1295.19
1295.19
1295.19
1295.19
1295.19
1295.19
1295.19
1295.19
1295.19
1295.19
1295.19
1295.19
1295.19
1295.19
1295.19
1295.2
1295.2
1374.19
1373.42
1372.93
1372.68
1372.61
1372.68
1372.88
1373.16
1373.49
1373.86
1374.22
1374.56
1374.85
1375.07
1375.21
1375.27
1375.26
1375.18
1375.05
1374.88
1374.7
1374.5
1374.31
1374.12
1373.95
1373.8
1373.66
1373.53
1373.42
1373.31
1373.22
1373.12
1373.03
1372.94
1372.85
1372.77
1372.69
1372.61
1372.53
1372.46
1372.38
1372.3
1372.22
1372.13
1372.03
1371.93
1371.83
1371.73
1371.65
1371.57
1371.5
1371.45
1371.4
1371.38
1371.36
1371.35
1371.36
1371.37
1371.38
1371.4
1371.42
1371.44
1371.46
1371.48
1371.5
1371.51
1371.53
1371.54
1371.56
1371.57
1371.58
1371.58
1371.59
1371.59
1371.6
1371.6
1371.6
1371.61
1371.61
1371.61
1371.61
1371.61
1371.61
1371.61
1371.61
1371.61
1371.61
1371.61
1371.61
1371.61
1371.61
1371.61
1371.61
1371.61
1371.61
1371.61
1371.61
1371.61
1371.61
1371.62
1487.58
1486.93
1486.54
1486.32
1486.26
1486.32
1486.48
1486.72
1487.02
1487.33
1487.64
1487.92
1488.14
1488.3
1488.39
1488.41
1488.36
1488.26
1488.13
1487.97
1487.8
1487.63
1487.47
1487.32
1487.18
1487.05
1486.94
1486.84
1486.75
1486.67
1486.59
1486.51
1486.44
1486.36
1486.28
1486.21
1486.14
1486.07
1486.01
1485.96
1485.91
1485.87
1485.83
1485.78
1485.74
1485.68
1485.63
1485.57
1485.51
1485.45
1485.4
1485.35
1485.31
1485.27
1485.24
1485.22
1485.2
1485.18
1485.18
1485.17
1485.17
1485.17
1485.18
1485.18
1485.19
1485.2
1485.21
1485.22
1485.23
1485.23
1485.24
1485.25
1485.26
1485.26
1485.27
1485.27
1485.28
1485.28
1485.28
1485.28
1485.29
1485.29
1485.29
1485.29
1485.29
1485.29
1485.29
1485.29
1485.29
1485.29
1485.29
1485.29
1485.29
1485.29
1485.29
1485.29
1485.29
1485.29
1485.3
1485.31
1663.59
1663.11
1662.81
1662.63
1662.56
1662.58
1662.69
1662.87
1663.1
1663.34
1663.57
1663.77
1663.93
1664.03
1664.07
1664.06
1664
1663.91
1663.78
1663.65
1663.51
1663.38
1663.25
1663.14
1663.04
1662.94
1662.86
1662.78
1662.72
1662.66
1662.6
1662.54
1662.49
1662.43
1662.36
1662.3
1662.24
1662.19
1662.15
1662.11
1662.09
1662.08
1662.07
1662.07
1662.07
1662.06
1662.04
1662.02
1662
1661.96
1661.93
1661.89
1661.85
1661.81
1661.77
1661.73
1661.7
1661.67
1661.64
1661.62
1661.6
1661.59
1661.58
1661.57
1661.57
1661.56
1661.56
1661.57
1661.57
1661.57
1661.58
1661.59
1661.59
1661.6
1661.6
1661.61
1661.61
1661.62
1661.62
1661.62
1661.62
1661.63
1661.63
1661.63
1661.63
1661.63
1661.63
1661.63
1661.63
1661.63
1661.63
1661.63
1661.63
1661.63
1661.63
1661.63
1661.63
1661.63
1661.64
1661.65
1948.35
1948.05
1947.85
1947.71
1947.63
1947.62
1947.68
1947.78
1947.93
1948.08
1948.22
1948.34
1948.42
1948.46
1948.46
1948.42
1948.36
1948.27
1948.17
1948.07
1947.97
1947.88
1947.8
1947.72
1947.66
1947.6
1947.55
1947.5
1947.46
1947.42
1947.38
1947.35
1947.31
1947.27
1947.23
1947.18
1947.14
1947.1
1947.07
1947.05
1947.04
1947.05
1947.08
1947.1
1947.14
1947.17
1947.19
1947.21
1947.22
1947.21
1947.2
1947.18
1947.15
1947.12
1947.08
1947.04
1947
1946.95
1946.91
1946.88
1946.84
1946.81
1946.79
1946.77
1946.75
1946.74
1946.73
1946.72
1946.72
1946.72
1946.72
1946.72
1946.72
1946.73
1946.73
1946.73
1946.74
1946.74
1946.74
1946.75
1946.75
1946.75
1946.75
1946.76
1946.76
1946.76
1946.76
1946.76
1946.76
1946.76
1946.76
1946.76
1946.76
1946.76
1946.76
1946.76
1946.76
1946.76
1946.76
1946.8
2436.94
2436.83
2436.76
2436.69
2436.64
2436.62
2436.64
2436.69
2436.76
2436.82
2436.86
2436.88
2436.87
2436.84
2436.78
2436.71
2436.63
2436.54
2436.46
2436.39
2436.33
2436.28
2436.24
2436.22
2436.2
2436.18
2436.16
2436.14
2436.12
2436.11
2436.09
2436.08
2436.06
2436.05
2436.03
2436
2435.97
2435.94
2435.92
2435.91
2435.91
2435.94
2435.98
2436.03
2436.09
2436.16
2436.22
2436.28
2436.32
2436.35
2436.37
2436.37
2436.36
2436.34
2436.31
2436.27
2436.23
2436.19
2436.14
2436.09
2436.04
2436
2435.96
2435.92
2435.89
2435.86
2435.84
2435.83
2435.81
2435.8
2435.8
2435.79
2435.79
2435.79
2435.79
2435.8
2435.8
2435.8
2435.81
2435.81
2435.81
2435.81
2435.81
2435.82
2435.82
2435.82
2435.82
2435.82
2435.82
2435.82
2435.82
2435.82
2435.82
2435.82
2435.82
2435.82
2435.82
2435.83
2435.83
2435.89
3369.27
3369.36
3369.39
3369.37
3369.34
3369.32
3369.31
3369.31
3369.29
3369.26
3369.21
3369.13
3369.03
3368.92
3368.81
3368.71
3368.62
3368.54
3368.48
3368.44
3368.42
3368.42
3368.43
3368.45
3368.48
3368.5
3368.52
3368.53
3368.54
3368.55
3368.56
3368.56
3368.57
3368.58
3368.58
3368.57
3368.56
3368.54
3368.53
3368.52
3368.53
3368.56
3368.6
3368.66
3368.74
3368.83
3368.92
3369
3369.08
3369.15
3369.2
3369.23
3369.25
3369.26
3369.25
3369.23
3369.2
3369.16
3369.12
3369.07
3369.02
3368.97
3368.92
3368.88
3368.83
3368.8
3368.76
3368.73
3368.71
3368.69
3368.67
3368.66
3368.65
3368.64
3368.64
3368.64
3368.64
3368.64
3368.64
3368.64
3368.64
3368.64
3368.64
3368.64
3368.64
3368.65
3368.65
3368.65
3368.65
3368.65
3368.65
3368.65
3368.65
3368.65
3368.65
3368.65
3368.65
3368.65
3368.65
3368.76
5545.52
5545.76
5545.73
5545.71
5545.67
5545.64
5545.59
5545.53
5545.44
5545.33
5545.2
5545.05
5544.9
5544.76
5544.65
5544.55
5544.49
5544.45
5544.43
5544.44
5544.47
5544.51
5544.56
5544.62
5544.68
5544.74
5544.78
5544.82
5544.86
5544.88
5544.9
5544.92
5544.94
5544.96
5544.98
5545
5545
5545.01
5545.01
5545.01
5545.02
5545.03
5545.07
5545.12
5545.18
5545.26
5545.34
5545.43
5545.52
5545.6
5545.67
5545.73
5545.78
5545.81
5545.84
5545.85
5545.85
5545.84
5545.82
5545.79
5545.76
5545.73
5545.69
5545.65
5545.61
5545.57
5545.53
5545.49
5545.46
5545.43
5545.41
5545.39
5545.37
5545.35
5545.34
5545.33
5545.32
5545.32
5545.31
5545.31
5545.31
5545.31
5545.31
5545.31
5545.31
5545.31
5545.31
5545.31
5545.31
5545.31
5545.31
5545.31
5545.31
5545.31
5545.31
5545.31
5545.31
5545.31
5545.3
5545.48
13333.3
13333.3
13333.3
13333.3
13333.3
13333.3
13333.3
13333.3
13333.3
13333.3
13333.3
13333.3
13333.3
13333.3
13333.3
13333.3
13333.3
13333.3
13333.3
13333.3
13333.3
13333.3
13333.3
13333.3
13333.3
13333.3
13333.3
13333.3
13333.3
13333.3
13333.3
13333.3
13333.3
13333.3
13333.3
13333.3
13333.3
13333.3
13333.3
13333.3
13333.3
13333.3
13333.3
13333.3
13333.3
13333.3
13333.3
13333.3
13333.3
13333.3
13333.3
13333.3
13333.3
13333.3
13333.3
13333.3
13333.3
13333.3
13333.3
13333.3
13333.3
13333.3
13333.3
13333.3
13333.3
13333.3
13333.3
13333.3
13333.3
13333.3
13333.3
13333.3
13333.3
13333.3
13333.3
13333.3
13333.3
13333.3
13333.3
13333.3
13333.3
13333.3
13333.3
13333.3
13333.3
13333.3
13333.3
13333.3
13333.3
13333.3
13333.3
13333.3
13333.3
13333.3
13333.3
13333.3
13333.3
13333.3
13333.3
13333.3
)
;

boundaryField
{
    inlet
    {
        type            cyclic;
    }
    outlet
    {
        type            cyclic;
    }
    bottomWall
    {
        beta1           0.075;
        blended         false;
        type            omegaWallFunction;
        value           nonuniform List<scalar> 
100
(
13333.3
13333.3
13333.3
13333.3
13333.3
13333.3
13333.3
13333.3
13333.3
13333.3
13333.3
13333.3
13333.3
13333.3
13333.3
13333.3
13333.3
13333.3
13333.3
13333.3
13333.3
13333.3
13333.3
13333.3
13333.3
13333.3
13333.3
13333.3
13333.3
13333.3
13333.3
13333.3
13333.3
13333.3
13333.3
13333.3
13333.3
13333.3
13333.3
13333.3
13333.3
13333.3
13333.3
13333.3
13333.3
13333.3
13333.3
13333.3
13333.3
13333.3
13333.3
13333.3
13333.3
13333.3
13333.3
13333.3
13333.3
13333.3
13333.3
13333.3
13333.3
13333.3
13333.3
13333.3
13333.3
13333.3
13333.3
13333.3
13333.3
13333.3
13333.3
13333.3
13333.3
13333.3
13333.3
13333.3
13333.3
13333.3
13333.3
13333.3
13333.3
13333.3
13333.3
13333.3
13333.3
13333.3
13333.3
13333.3
13333.3
13333.3
13333.3
13333.3
13333.3
13333.3
13333.3
13333.3
13333.3
13333.3
13333.3
13333.3
)
;
    }
    topWall
    {
        beta1           0.075;
        blended         false;
        type            omegaWallFunction;
        value           nonuniform List<scalar> 
100
(
13333.3
13333.3
13333.3
13333.3
13333.3
13333.3
13333.3
13333.3
13333.3
13333.3
13333.3
13333.3
13333.3
13333.3
13333.3
13333.3
13333.3
13333.3
13333.3
13333.3
13333.3
13333.3
13333.3
13333.3
13333.3
13333.3
13333.3
13333.3
13333.3
13333.3
13333.3
13333.3
13333.3
13333.3
13333.3
13333.3
13333.3
13333.3
13333.3
13333.3
13333.3
13333.3
13333.3
13333.3
13333.3
13333.3
13333.3
13333.3
13333.3
13333.3
13333.3
13333.3
13333.3
13333.3
13333.3
13333.3
13333.3
13333.3
13333.3
13333.3
13333.3
13333.3
13333.3
13333.3
13333.3
13333.3
13333.3
13333.3
13333.3
13333.3
13333.3
13333.3
13333.3
13333.3
13333.3
13333.3
13333.3
13333.3
13333.3
13333.3
13333.3
13333.3
13333.3
13333.3
13333.3
13333.3
13333.3
13333.3
13333.3
13333.3
13333.3
13333.3
13333.3
13333.3
13333.3
13333.3
13333.3
13333.3
13333.3
13333.3
)
;
    }
    frontAndBack
    {
        type            empty;
    }
}


// ************************************************************************* //
