/*--------------------------------*- C++ -*----------------------------------*\
  =========                 |
  \\      /  F ield         | OpenFOAM: The Open Source CFD Toolbox
   \\    /   O peration     | Website:  https://openfoam.org
    \\  /    A nd           | Version:  11
     \\/     M anipulation  |
\*---------------------------------------------------------------------------*/
FoamFile
{
    format      ascii;
    class       volScalarField;
    location    "100";
    object      p;
}
// * * * * * * * * * * * * * * * * * * * * * * * * * * * * * * * * * * * * * //

dimensions      [0 2 -2 0 0 0 0];

internalField   nonuniform List<scalar> 
5000
(
2.51437e-08
-0.002599
-0.00389749
-0.00510968
-0.00654601
-0.00796235
-0.00927298
-0.0104647
-0.0114897
-0.0122927
-0.0128521
-0.0131472
-0.0131781
-0.0129402
-0.0124588
-0.0117557
-0.0108698
-0.00983356
-0.00868942
-0.00747036
-0.0062141
-0.00494739
-0.00369979
-0.00248616
-0.00132481
-0.000223939
0.00080684
0.00176278
0.00264104
0.00344199
0.00417008
0.00483051
0.00543049
0.00597314
0.00646085
0.00689139
0.00726423
0.00758022
0.00784767
0.00808213
0.00830594
0.00854951
0.00883947
0.00921054
0.00967803
0.0102633
0.0109623
0.0117751
0.0126767
0.0136511
0.0146592
0.0156687
0.0166448
0.0175488
0.0183566
0.0190354
0.0195765
0.0199576
0.020184
0.020244
0.020152
0.0199141
0.0195442
0.019059
0.0184795
0.017818
0.0171038
0.0163447
0.0155662
0.0147769
0.0139961
0.0132287
0.0124861
0.0117723
0.0110932
0.0104493
0.00984327
0.00927267
0.00873767
0.00823444
0.00776191
0.00731552
0.00689375
0.0064921
0.00610893
0.0057404
0.00538504
0.00503972
0.00470339
0.00437337
0.00404946
0.00372892
0.00341312
0.00309743
0.0027878
0.00247262
0.00216651
0.00186399
0.00148552
0.00165765
4.35682e-06
-0.00258857
-0.0038891
-0.00510364
-0.00654036
-0.0079562
-0.00926642
-0.010458
-0.0114833
-0.0122868
-0.0128472
-0.0131435
-0.0131756
-0.012939
-0.0124589
-0.0117568
-0.0108718
-0.00983628
-0.00869262
-0.00747386
-0.00621772
-0.00495099
-0.00370327
-0.00248947
-0.00132794
-0.000226877
0.00080408
0.00176019
0.00263863
0.00343976
0.00416803
0.00482863
0.00542877
0.00597155
0.00645937
0.00689003
0.007263
0.00757916
0.00784681
0.00808148
0.00830547
0.00854917
0.00883919
0.0092102
0.00967753
0.0102625
0.0109612
0.0117735
0.0126748
0.0136488
0.0146566
0.015666
0.016642
0.0175461
0.018354
0.0190331
0.0195745
0.0199559
0.0201827
0.020243
0.0201514
0.0199138
0.0195442
0.0190592
0.0184799
0.0178186
0.0171045
0.0163454
0.015567
0.0147778
0.0139969
0.0132295
0.0124869
0.011773
0.0110938
0.0104499
0.00984376
0.0092731
0.00873804
0.00823475
0.00776217
0.00731573
0.00689393
0.00649225
0.00610904
0.00574049
0.00538511
0.00503977
0.00470343
0.0043734
0.00404948
0.00372894
0.00341313
0.00309744
0.0027878
0.00247263
0.00216648
0.00186409
0.00148535
0.00165599
2.25456e-06
-0.00258119
-0.00388272
-0.00509996
-0.00653696
-0.00795206
-0.00926147
-0.0104524
-0.0114772
-0.0122805
-0.012841
-0.0131378
-0.0131707
-0.0129352
-0.0124562
-0.0117553
-0.0108715
-0.00983698
-0.00869416
-0.00747606
-0.00622035
-0.0049539
-0.00370629
-0.00249252
-0.00133091
-0.00022977
0.000801305
0.00175755
0.00263614
0.00343745
0.0041659
0.0048267
0.00542701
0.00596996
0.00645794
0.00688878
0.00726195
0.00757833
0.0078462
0.00808109
0.00830525
0.00854905
0.00883907
0.00920995
0.00967705
0.0102617
0.01096
0.0117718
0.0126727
0.0136463
0.0146539
0.0156632
0.0166392
0.0175434
0.0183515
0.0190309
0.0195727
0.0199545
0.0201817
0.0202424
0.020151
0.0199137
0.0195444
0.0190596
0.0184805
0.0178193
0.0171053
0.0163463
0.0155679
0.0147786
0.0139977
0.0132303
0.0124876
0.0117736
0.0110944
0.0104504
0.00984419
0.00927347
0.00873835
0.00823501
0.00776238
0.00731591
0.00689406
0.00649235
0.00610912
0.00574055
0.00538516
0.00503981
0.00470345
0.00437342
0.0040495
0.00372895
0.00341313
0.00309744
0.0027878
0.00247263
0.00216646
0.00186415
0.00148485
0.00164924
-6.27835e-06
-0.00257504
-0.00387751
-0.00509793
-0.00653515
-0.0079494
-0.00925779
-0.0104477
-0.0114715
-0.0122741
-0.0128342
-0.0131311
-0.0131644
-0.0129296
-0.0124517
-0.011752
-0.0108694
-0.00983607
-0.00869431
-0.0074771
-0.00622206
-0.00495611
-0.00370877
-0.00249518
-0.00133362
-0.000232483
0.000798654
0.00175499
0.00263373
0.0034352
0.00416384
0.00482482
0.00542532
0.00596846
0.00645664
0.00688769
0.00726108
0.0075777
0.00784578
0.00808085
0.00830513
0.00854894
0.00883888
0.00920955
0.00967637
0.0102606
0.0109585
0.0117699
0.0126704
0.0136438
0.0146513
0.0156605
0.0166366
0.017541
0.0183495
0.0190292
0.0195714
0.0199536
0.0201811
0.0202422
0.0201511
0.0199141
0.019545
0.0190604
0.0184813
0.0178202
0.0171062
0.0163472
0.0155688
0.0147795
0.0139985
0.0132309
0.0124882
0.0117742
0.0110948
0.0104507
0.00984451
0.00927373
0.00873856
0.00823518
0.0077625
0.00731601
0.00689413
0.00649241
0.00610915
0.00574058
0.00538517
0.00503982
0.00470345
0.00437342
0.00404949
0.00372895
0.00341313
0.00309744
0.0027878
0.00247262
0.00216647
0.00186406
0.00148457
0.00163645
-2.10761e-05
-0.0025677
-0.00387203
-0.00509645
-0.00653399
-0.00794742
-0.00925475
-0.0104436
-0.0114662
-0.012268
-0.0128274
-0.013124
-0.0131574
-0.0129233
-0.0124462
-0.0117477
-0.0108662
-0.00983418
-0.00869354
-0.00747733
-0.00622307
-0.00495774
-0.00371078
-0.00249747
-0.00133604
-0.000234974
0.000796188
0.00175259
0.00263146
0.00343309
0.0041619
0.00482308
0.00542376
0.0059671
0.00645549
0.00688677
0.0072604
0.00757725
0.00784551
0.00808071
0.00830501
0.00854874
0.00883852
0.0092089
0.00967538
0.0102592
0.0109567
0.0117678
0.012668
0.0136412
0.0146487
0.015658
0.0166344
0.0175391
0.0183479
0.0190281
0.0195706
0.0199533
0.0201812
0.0202426
0.0201517
0.0199149
0.0195459
0.0190614
0.0184824
0.0178213
0.0171072
0.0163482
0.0155696
0.0147803
0.0139992
0.0132316
0.0124887
0.0117746
0.0110951
0.010451
0.00984471
0.00927388
0.00873866
0.00823526
0.00776255
0.00731603
0.00689414
0.00649241
0.00610914
0.00574057
0.00538515
0.00503981
0.00470344
0.00437341
0.00404948
0.00372894
0.00341312
0.00309743
0.0027878
0.00247259
0.00216653
0.00186378
0.0014848
0.00161636
-4.26539e-05
-0.00255869
-0.00386612
-0.00509549
-0.00653356
-0.00794629
-0.00925263
-0.0104403
-0.0114618
-0.0122626
-0.0128211
-0.0131172
-0.0131504
-0.0129166
-0.0124401
-0.0117426
-0.0108622
-0.00983133
-0.0086918
-0.00747664
-0.00622322
-0.00495858
-0.0037121
-0.00249917
-0.00133793
-0.000237004
0.000794133
0.00175057
0.00262953
0.00343129
0.00416026
0.00482161
0.00542246
0.00596601
0.00645461
0.00688613
0.00725997
0.00757701
0.00784539
0.00808066
0.00830487
0.00854846
0.00883799
0.00920805
0.00967419
0.0102577
0.0109549
0.0117657
0.0126658
0.013639
0.0146466
0.0156561
0.0166328
0.0175378
0.0183471
0.0190277
0.0195706
0.0199537
0.0201818
0.0202434
0.0201528
0.0199161
0.0195471
0.0190626
0.0184835
0.0178225
0.0171082
0.0163492
0.0155704
0.014781
0.0139997
0.013232
0.012489
0.0117749
0.0110953
0.0104511
0.00984478
0.00927391
0.00873866
0.00823523
0.0077625
0.00731599
0.00689409
0.00649236
0.00610909
0.00574052
0.00538511
0.00503977
0.0047034
0.00437338
0.00404945
0.00372892
0.0034131
0.00309742
0.00278779
0.00247256
0.00216665
0.00186328
0.00148566
0.00158841
-6.78084e-05
-0.00255192
-0.00386297
-0.00509758
-0.00653604
-0.00794796
-0.00925312
-0.0104394
-0.0114594
-0.0122585
-0.0128155
-0.0131105
-0.0131428
-0.0129087
-0.0124325
-0.0117356
-0.0108562
-0.00982654
-0.00868822
-0.00747427
-0.00622189
-0.00495819
-0.00371239
-0.00250004
-0.00133917
-0.000238504
0.000792521
0.00174893
0.00262795
0.00342983
0.00415896
0.00482049
0.00542155
0.00596531
0.00645411
0.00688583
0.00725981
0.00757696
0.00784533
0.00808056
0.00830456
0.00854793
0.00883723
0.00920697
0.00967284
0.0102561
0.0109531
0.0117638
0.0126641
0.0136373
0.0146453
0.015655
0.0166322
0.0175376
0.0183472
0.0190282
0.0195714
0.0199548
0.020183
0.0202448
0.0201542
0.0199175
0.0195485
0.0190639
0.0184847
0.0178235
0.017109
0.0163499
0.015571
0.0147815
0.014
0.0132322
0.0124891
0.0117749
0.0110953
0.0104511
0.00984467
0.00927379
0.00873852
0.00823509
0.00776236
0.00731586
0.00689396
0.00649225
0.00610899
0.00574044
0.00538503
0.00503971
0.00470334
0.00437334
0.00404941
0.0037289
0.00341307
0.0030974
0.00278778
0.0024725
0.00216683
0.00186253
0.00148718
0.00155738
-9.41562e-05
-0.0025479
-0.00386315
-0.00510334
-0.00654201
-0.00795292
-0.00925663
-0.0104412
-0.0114591
-0.0122561
-0.012811
-0.013104
-0.0131349
-0.0128999
-0.0124233
-0.0117269
-0.0108482
-0.0098197
-0.00868268
-0.00747012
-0.006219
-0.00495648
-0.0037116
-0.00250003
-0.00133969
-0.000239434
0.00079138
0.00174768
0.00262673
0.0034287
0.00415799
0.00481972
0.00542098
0.00596495
0.00645392
0.00688577
0.00725981
0.00757694
0.00784521
0.00808035
0.00830406
0.00854725
0.00883637
0.0092059
0.00967164
0.0102548
0.0109519
0.0117627
0.0126631
0.0136366
0.014645
0.015655
0.0166326
0.0175383
0.0183483
0.0190295
0.0195729
0.0199564
0.0201846
0.0202465
0.0201558
0.019919
0.0195498
0.0190652
0.0184857
0.0178244
0.0171097
0.0163505
0.0155713
0.0147817
0.0140001
0.0132322
0.012489
0.0117747
0.0110951
0.0104508
0.00984441
0.00927354
0.00873826
0.00823486
0.00776214
0.00731566
0.00689378
0.0064921
0.00610885
0.00574033
0.00538493
0.00503963
0.00470328
0.00437329
0.00404937
0.00372887
0.00341304
0.00309739
0.00278778
0.00247242
0.00216709
0.00186153
0.00148924
0.00152494
-0.000123759
-0.00254288
-0.00386313
-0.00510995
-0.00654909
-0.00795908
-0.00926131
-0.0104441
-0.0114598
-0.0122546
-0.0128072
-0.0130982
-0.0131274
-0.0128914
-0.0124142
-0.0117178
-0.0108397
-0.00981216
-0.00867633
-0.00746509
-0.00621523
-0.0049539
-0.00371
-0.00249926
-0.00133952
-0.000239713
0.00079083
0.00174697
0.00262597
0.00342796
0.00415735
0.00481921
0.00542061
0.00596472
0.00645379
0.00688572
0.00725976
0.00757685
0.00784502
0.00808009
0.00830358
0.0085467
0.00883575
0.00920522
0.00967099
0.0102542
0.0109514
0.0117624
0.0126631
0.0136368
0.0146455
0.0156558
0.0166336
0.0175396
0.0183497
0.019031
0.0195745
0.0199581
0.0201862
0.0202481
0.0201572
0.0199204
0.019551
0.0190662
0.0184866
0.0178251
0.0171102
0.0163509
0.0155715
0.0147818
0.014
0.0132321
0.0124888
0.0117745
0.0110948
0.0104505
0.00984411
0.00927324
0.00873797
0.00823459
0.00776189
0.00731544
0.00689358
0.00649193
0.0061087
0.00574021
0.00538482
0.00503955
0.0047032
0.00437324
0.00404932
0.00372883
0.00341301
0.00309737
0.00278777
0.00247234
0.00216739
0.00186036
0.00149176
0.00148705
-0.000157785
-0.00253682
-0.00386168
-0.00511594
-0.00655583
-0.00796495
-0.00926573
-0.0104466
-0.0114604
-0.0122532
-0.0128036
-0.0130929
-0.0131205
-0.0128834
-0.0124056
-0.0117092
-0.0108314
-0.00980469
-0.00866984
-0.00745977
-0.00621104
-0.00495082
-0.00370783
-0.00249785
-0.00133873
-0.000239391
0.000790844
0.00174675
0.00262563
0.00342756
0.00415694
0.00481884
0.00542031
0.00596449
0.00645361
0.00688558
0.0072596
0.00757666
0.00784475
0.00807979
0.00830317
0.00854631
0.00883542
0.00920496
0.0096709
0.0102542
0.0109517
0.0117628
0.0126639
0.0136377
0.0146466
0.015657
0.0166349
0.017541
0.0183512
0.0190326
0.019576
0.0199596
0.0201876
0.0202495
0.0201585
0.0199215
0.019552
0.0190671
0.0184872
0.0178257
0.0171105
0.0163512
0.0155716
0.0147819
0.0139999
0.013232
0.0124886
0.0117742
0.0110945
0.0104502
0.0098438
0.00927295
0.00873768
0.00823433
0.00776164
0.00731522
0.00689338
0.00649176
0.00610855
0.00574008
0.00538471
0.00503946
0.00470313
0.00437318
0.00404927
0.0037288
0.00341298
0.00309735
0.00278777
0.00247225
0.00216773
0.00185901
0.00149482
0.0014426
-0.000195547
-0.00253126
-0.00385939
-0.00512097
-0.0065618
-0.00796991
-0.00926921
-0.0104483
-0.0114604
-0.0122513
-0.0127999
-0.0130877
-0.0131139
-0.012876
-0.0123976
-0.0117011
-0.0108236
-0.00979748
-0.00866346
-0.00745441
-0.00620669
-0.00494748
-0.0037053
-0.00249603
-0.00133747
-0.000238566
0.000791318
0.00174695
0.00262562
0.0034274
0.00415669
0.00481855
0.00542001
0.00596422
0.00645335
0.00688532
0.00725932
0.00757634
0.00784436
0.00807939
0.00830274
0.00854594
0.00883519
0.00920494
0.00967116
0.0102548
0.0109526
0.0117639
0.0126652
0.0136391
0.0146481
0.0156586
0.0166366
0.0175426
0.0183527
0.0190341
0.0195774
0.019961
0.0201889
0.0202507
0.0201595
0.0199224
0.0195528
0.0190677
0.0184877
0.0178261
0.0171107
0.0163514
0.0155716
0.0147819
0.0139998
0.0132318
0.0124884
0.011774
0.0110942
0.01045
0.0098435
0.00927266
0.0087374
0.00823408
0.0077614
0.00731502
0.00689319
0.0064916
0.0061084
0.00573997
0.00538461
0.00503938
0.00470306
0.00437313
0.00404922
0.00372877
0.00341295
0.00309733
0.00278776
0.00247215
0.0021681
0.00185753
0.00149842
0.00139231
-0.000235505
-0.00252729
-0.00385705
-0.00512481
-0.00656676
-0.00797381
-0.00927155
-0.0104488
-0.0114593
-0.0122488
-0.0127958
-0.0130823
-0.0131074
-0.0128688
-0.0123899
-0.0116934
-0.0108161
-0.0097906
-0.0086573
-0.00744915
-0.00620231
-0.00494401
-0.00370257
-0.00249404
-0.00133591
-0.000237407
0.000792094
0.00174743
0.00262583
0.00342738
0.0041565
0.00481826
0.00541966
0.00596387
0.00645299
0.00688497
0.00725891
0.00757589
0.00784383
0.00807882
0.00830216
0.00854545
0.00883491
0.00920493
0.00967154
0.0102555
0.0109537
0.0117653
0.0126669
0.0136409
0.0146501
0.0156605
0.0166384
0.0175444
0.0183544
0.0190357
0.0195788
0.0199623
0.02019
0.0202518
0.0201604
0.0199232
0.0195534
0.0190683
0.0184881
0.0178265
0.0171109
0.0163515
0.0155716
0.0147819
0.0139996
0.0132317
0.0124881
0.0117737
0.011094
0.0104497
0.00984322
0.0092724
0.00873714
0.00823384
0.00776118
0.00731482
0.00689301
0.00649145
0.00610827
0.00573986
0.00538451
0.00503931
0.00470299
0.00437308
0.00404918
0.00372874
0.00341292
0.00309732
0.00278775
0.00247207
0.00216848
0.00185595
0.00150241
0.00133718
-0.000277175
-0.00252443
-0.00385434
-0.00512756
-0.00657039
-0.00797634
-0.00927252
-0.0104482
-0.0114573
-0.0122454
-0.0127911
-0.0130767
-0.0131009
-0.0128618
-0.0123826
-0.0116862
-0.0108091
-0.00978411
-0.00865145
-0.00744411
-0.00619805
-0.00494055
-0.00369977
-0.00249189
-0.00133419
-0.000236072
0.000793064
0.00174807
0.00262616
0.00342741
0.00415629
0.00481791
0.00541923
0.00596342
0.00645253
0.0068845
0.00725839
0.0075753
0.00784314
0.00807806
0.00830139
0.00854477
0.00883446
0.00920479
0.00967185
0.0102562
0.0109549
0.0117668
0.0126688
0.0136428
0.0146521
0.0156625
0.0166404
0.0175462
0.0183561
0.0190373
0.0195802
0.0199637
0.0201912
0.0202528
0.0201613
0.019924
0.0195541
0.0190688
0.0184885
0.0178268
0.0171111
0.0163516
0.0155715
0.0147818
0.0139995
0.0132315
0.0124879
0.0117735
0.0110937
0.0104494
0.00984296
0.00927215
0.00873691
0.00823363
0.00776097
0.00731465
0.00689285
0.00649131
0.00610815
0.00573976
0.00538442
0.00503924
0.00470293
0.00437304
0.00404913
0.00372872
0.00341289
0.0030973
0.00278775
0.00247199
0.00216885
0.00185437
0.00150652
0.00127832
-0.000321881
-0.00252061
-0.0038502
-0.00512898
-0.00657232
-0.00797726
-0.00927211
-0.0104465
-0.0114544
-0.0122415
-0.0127862
-0.013071
-0.0130946
-0.0128552
-0.0123758
-0.0116795
-0.0108026
-0.00977813
-0.00864605
-0.00743943
-0.00619407
-0.00493728
-0.00369705
-0.00248969
-0.0013324
-0.000234616
0.000794152
0.00174877
0.00262648
0.00342739
0.00415599
0.00481743
0.00541866
0.00596283
0.00645193
0.0068839
0.00725774
0.00757458
0.00784229
0.00807714
0.00830044
0.0085439
0.00883382
0.00920448
0.00967203
0.0102569
0.010956
0.0117683
0.0126706
0.0136446
0.014654
0.0156646
0.0166422
0.017548
0.0183578
0.0190388
0.0195817
0.019965
0.0201923
0.0202539
0.0201622
0.0199248
0.0195547
0.0190694
0.0184889
0.0178271
0.0171112
0.0163517
0.0155715
0.0147818
0.0139994
0.0132314
0.0124877
0.0117733
0.0110935
0.0104492
0.00984273
0.00927194
0.00873669
0.00823344
0.00776079
0.00731449
0.0068927
0.00649119
0.00610804
0.00573967
0.00538434
0.00503918
0.00470287
0.004373
0.0040491
0.00372869
0.00341287
0.00309729
0.00278774
0.00247192
0.00216919
0.00185286
0.0015105
0.00121707
-0.000370102
-0.00251361
-0.00384367
-0.00512825
-0.00657238
-0.00797679
-0.0092707
-0.0104442
-0.011451
-0.0122373
-0.0127813
-0.0130655
-0.0130887
-0.0128491
-0.0123696
-0.0116734
-0.0107968
-0.00977278
-0.00864121
-0.00743523
-0.00619046
-0.00493429
-0.00369452
-0.0024876
-0.00133063
-0.000233166
0.000795233
0.00174943
0.00262673
0.00342725
0.00415554
0.00481679
0.0054179
0.00596206
0.00645117
0.00688315
0.00725695
0.00757371
0.0078413
0.00807607
0.00829933
0.00854287
0.00883304
0.00920403
0.00967207
0.0102574
0.010957
0.0117695
0.0126722
0.0136461
0.0146556
0.0156665
0.0166438
0.0175494
0.0183592
0.0190402
0.0195829
0.0199663
0.0201935
0.0202551
0.0201631
0.0199257
0.0195554
0.01907
0.0184893
0.0178276
0.0171115
0.0163519
0.0155716
0.0147819
0.0139993
0.0132313
0.0124876
0.0117731
0.0110933
0.010449
0.00984253
0.00927175
0.00873651
0.00823327
0.00776063
0.00731435
0.00689257
0.00649109
0.00610794
0.00573959
0.00538427
0.00503913
0.00470282
0.00437297
0.00404906
0.00372867
0.00341284
0.00309729
0.00278772
0.00247186
0.00216949
0.0018515
0.00151412
0.00115519
-0.000418495
-0.00250247
-0.00383432
-0.00512532
-0.00657112
-0.00797561
-0.00926897
-0.0104417
-0.0114477
-0.0122334
-0.0127766
-0.0130605
-0.0130833
-0.0128436
-0.0123641
-0.0116681
-0.0107917
-0.0097681
-0.00863698
-0.00743154
-0.00618728
-0.00493163
-0.00369222
-0.00248567
-0.00132896
-0.000231831
0.000796218
0.00174998
0.00262682
0.00342692
0.00415487
0.00481591
0.00541693
0.00596107
0.00645019
0.0068822
0.00725595
0.00757264
0.00784013
0.00807481
0.00829807
0.0085417
0.00883213
0.00920346
0.009672
0.0102577
0.0109578
0.0117706
0.0126736
0.0136474
0.0146569
0.0156679
0.0166449
0.0175506
0.0183603
0.0190414
0.019584
0.0199675
0.0201945
0.0202561
0.0201641
0.0199266
0.0195562
0.0190707
0.0184899
0.017828
0.0171118
0.0163521
0.0155716
0.0147819
0.0139992
0.0132312
0.0124875
0.011773
0.0110931
0.0104488
0.00984235
0.00927158
0.00873634
0.00823311
0.00776048
0.00731422
0.00689245
0.00649099
0.00610785
0.00573952
0.00538421
0.00503908
0.00470277
0.00437293
0.00404903
0.00372865
0.00341282
0.00309728
0.00278771
0.00247182
0.00216975
0.00185035
0.00151707
0.00109538
-0.000460174
-0.00248852
-0.00382352
-0.00512151
-0.00656974
-0.00797466
-0.00926757
-0.0104395
-0.0114448
-0.0122298
-0.0127725
-0.0130561
-0.0130786
-0.0128389
-0.0123593
-0.0116635
-0.0107873
-0.00976403
-0.00863329
-0.00742833
-0.00618449
-0.00492929
-0.00369017
-0.00248392
-0.00132744
-0.000230628
0.000797057
0.00175036
0.0026267
0.00342634
0.00415394
0.00481477
0.00541568
0.00595982
0.00644896
0.00688098
0.00725468
0.00757131
0.00783869
0.00807331
0.00829657
0.00854032
0.00883105
0.00920275
0.00967182
0.010258
0.0109585
0.0117715
0.0126747
0.0136484
0.0146579
0.0156689
0.0166458
0.0175514
0.0183611
0.0190423
0.0195849
0.0199685
0.0201955
0.0202572
0.0201651
0.0199275
0.019557
0.0190714
0.0184904
0.0178285
0.0171121
0.0163524
0.0155717
0.014782
0.0139992
0.0132311
0.0124873
0.0117728
0.0110929
0.0104487
0.00984214
0.00927139
0.00873615
0.00823295
0.00776033
0.00731409
0.00689233
0.00649089
0.00610775
0.00573945
0.00538414
0.00503903
0.00470273
0.0043729
0.004049
0.00372863
0.0034128
0.00309727
0.0027877
0.00247178
0.00216997
0.00184938
0.00151925
0.00104144
-0.000491189
-0.00247605
-0.00381408
-0.00511826
-0.00656884
-0.00797409
-0.0092665
-0.0104377
-0.0114422
-0.0122267
-0.0127689
-0.0130522
-0.0130745
-0.0128348
-0.0123552
-0.0116595
-0.0107835
-0.00976047
-0.00863005
-0.0074255
-0.00618203
-0.0049272
-0.00368832
-0.00248231
-0.00132602
-0.000229498
0.000797819
0.00175063
0.00262646
0.00342562
0.00415284
0.00481345
0.00541425
0.0059584
0.00644755
0.0068796
0.00725324
0.0075698
0.00783707
0.00807163
0.00829492
0.00853881
0.00882987
0.00920198
0.00967161
0.0102582
0.0109592
0.0117723
0.0126757
0.0136493
0.0146587
0.0156696
0.0166464
0.017552
0.0183617
0.0190429
0.0195856
0.0199694
0.0201964
0.0202582
0.020166
0.0199285
0.0195579
0.0190721
0.018491
0.017829
0.0171124
0.0163526
0.0155718
0.014782
0.0139991
0.013231
0.0124871
0.0117726
0.0110927
0.0104484
0.00984191
0.00927117
0.00873594
0.00823276
0.00776015
0.00731394
0.00689219
0.00649077
0.00610765
0.00573937
0.00538407
0.00503897
0.00470268
0.00437287
0.00404897
0.00372861
0.00341278
0.00309726
0.00278768
0.00247175
0.00217018
0.0018485
0.00152104
0.000994907
-0.000520891
-0.00246823
-0.00380644
-0.00511477
-0.00656703
-0.0079725
-0.00926457
-0.0104353
-0.0114392
-0.0122234
-0.0127653
-0.0130486
-0.0130709
-0.0128313
-0.0123517
-0.0116561
-0.0107802
-0.00975748
-0.0086273
-0.00742309
-0.00617989
-0.00492532
-0.00368656
-0.0024807
-0.00132449
-0.00022819
0.0007988
0.00175114
0.00262644
0.0034251
0.00415192
0.00481231
0.00541301
0.00595717
0.00644634
0.0068784
0.007252
0.00756848
0.00783565
0.00807017
0.00829351
0.0085376
0.00882905
0.00920162
0.00967178
0.0102587
0.0109601
0.0117733
0.0126767
0.0136501
0.0146593
0.0156699
0.0166466
0.0175521
0.0183618
0.0190432
0.019586
0.01997
0.020197
0.0202591
0.0201669
0.0199294
0.0195588
0.019073
0.0184917
0.0178297
0.0171129
0.0163531
0.0155721
0.0147823
0.0139992
0.013231
0.0124871
0.0117725
0.0110926
0.0104483
0.00984174
0.009271
0.00873577
0.0082326
0.00776
0.0073138
0.00689206
0.00649067
0.00610755
0.00573929
0.005384
0.00503892
0.00470263
0.00437283
0.00404893
0.00372859
0.00341275
0.00309725
0.00278767
0.00247172
0.00217038
0.00184761
0.0015232
0.000949517
-0.00055877
-0.0024626
-0.00379829
-0.00510954
-0.00656318
-0.00796893
-0.00926107
-0.0104318
-0.0114356
-0.0122197
-0.0127617
-0.0130452
-0.0130677
-0.0128283
-0.0123488
-0.0116534
-0.0107777
-0.00975516
-0.00862518
-0.00742122
-0.00617818
-0.00492376
-0.00368498
-0.00247911
-0.00132286
-0.000226668
0.000800068
0.00175198
0.00262675
0.0034249
0.00415132
0.00481148
0.00541209
0.00595626
0.00644547
0.00687755
0.00725109
0.0075675
0.00783456
0.00806904
0.00829248
0.00853681
0.00882873
0.00920182
0.00967259
0.01026
0.0109616
0.0117748
0.0126782
0.0136512
0.01466
0.0156702
0.0166466
0.0175519
0.0183615
0.019043
0.0195858
0.0199701
0.0201972
0.0202595
0.0201675
0.0199302
0.0195596
0.019074
0.0184926
0.0178307
0.0171137
0.0163539
0.0155727
0.0147829
0.0139997
0.0132315
0.0124874
0.0117728
0.0110927
0.0104484
0.00984181
0.00927104
0.00873577
0.00823259
0.00775996
0.00731376
0.00689201
0.00649062
0.0061075
0.00573925
0.00538395
0.00503889
0.0047026
0.00437281
0.00404891
0.00372858
0.00341273
0.00309725
0.00278765
0.00247169
0.00217056
0.00184676
0.00152575
0.000898911
-0.000602481
-0.00245548
-0.00378845
-0.00510287
-0.00655816
-0.00796429
-0.00925677
-0.0104278
-0.0114318
-0.0122162
-0.0127583
-0.0130422
-0.013065
-0.0128259
-0.0123466
-0.0116514
-0.0107758
-0.00975346
-0.00862365
-0.00741988
-0.00617693
-0.00492256
-0.00368365
-0.00247765
-0.00132126
-0.000225092
0.000801438
0.00175294
0.00262717
0.0034248
0.0041508
0.00481073
0.00541125
0.00595547
0.00644471
0.00687683
0.00725031
0.00756663
0.00783355
0.00806799
0.00829152
0.00853614
0.00882859
0.00920231
0.00967382
0.0102617
0.0109638
0.0117771
0.0126802
0.0136527
0.0146611
0.0156707
0.0166466
0.0175515
0.0183609
0.0190423
0.0195852
0.0199697
0.0201969
0.0202595
0.0201676
0.0199306
0.0195602
0.0190747
0.0184934
0.0178316
0.0171146
0.0163548
0.0155736
0.0147837
0.0140004
0.0132321
0.012488
0.0117733
0.0110932
0.0104487
0.00984209
0.00927127
0.00873595
0.00823272
0.00776006
0.00731383
0.00689206
0.00649065
0.00610751
0.00573925
0.00538394
0.00503888
0.00470258
0.0043728
0.00404889
0.00372857
0.00341272
0.00309724
0.00278764
0.00247168
0.00217071
0.00184604
0.00152816
0.000846934
-0.000644651
-0.00244796
-0.00377804
-0.00509572
-0.00655311
-0.00795968
-0.00925259
-0.0104241
-0.0114285
-0.0122131
-0.0127555
-0.0130398
-0.0130628
-0.0128241
-0.0123449
-0.01165
-0.0107744
-0.00975228
-0.00862259
-0.00741896
-0.00617605
-0.00492165
-0.00368254
-0.00247632
-0.00131972
-0.000223519
0.000802822
0.0017539
0.00262757
0.00342464
0.0041502
0.00480989
0.00541035
0.00595462
0.00644393
0.00687608
0.0072495
0.00756569
0.00783247
0.00806683
0.00829047
0.0085354
0.00882847
0.0092029
0.00967527
0.0102638
0.0109664
0.0117797
0.0126827
0.0136546
0.0146623
0.0156713
0.0166466
0.0175511
0.0183602
0.0190415
0.0195843
0.019969
0.0201963
0.0202592
0.0201675
0.0199307
0.0195605
0.0190752
0.018494
0.0178323
0.0171153
0.0163556
0.0155743
0.0147845
0.0140011
0.0132328
0.0124886
0.0117738
0.0110937
0.0104492
0.00984245
0.00927157
0.00873619
0.00823292
0.00776022
0.00731396
0.00689215
0.00649072
0.00610756
0.00573928
0.00538396
0.00503889
0.00470258
0.0043728
0.00404888
0.00372856
0.00341271
0.00309724
0.00278762
0.00247167
0.00217082
0.00184553
0.00153002
0.000800853
-0.000678064
-0.00244273
-0.00376911
-0.00508914
-0.00654881
-0.00795587
-0.00924916
-0.0104212
-0.0114259
-0.0122109
-0.0127535
-0.0130382
-0.0130614
-0.0128229
-0.0123439
-0.0116491
-0.0107736
-0.00975155
-0.00862194
-0.00741842
-0.00617549
-0.004921
-0.00368162
-0.00247513
-0.00131826
-0.000222002
0.000804149
0.00175478
0.00262785
0.00342433
0.00414942
0.00480886
0.00540926
0.00595361
0.00644301
0.00687522
0.00724856
0.00756463
0.00783124
0.00806551
0.00828927
0.00853455
0.0088283
0.00920352
0.00967685
0.0102662
0.0109693
0.0117827
0.0126855
0.0136568
0.0146639
0.0156721
0.0166467
0.0175508
0.0183594
0.0190407
0.0195834
0.0199681
0.0201955
0.0202587
0.0201671
0.0199305
0.0195605
0.0190754
0.0184943
0.0178328
0.0171158
0.0163562
0.0155749
0.0147852
0.0140017
0.0132334
0.0124892
0.0117744
0.0110941
0.0104496
0.00984281
0.00927188
0.00873645
0.00823314
0.00776039
0.0073141
0.00689226
0.00649081
0.00610763
0.00573934
0.005384
0.00503892
0.0047026
0.00437281
0.00404888
0.00372857
0.0034127
0.00309724
0.00278761
0.00247167
0.00217088
0.00184525
0.0015311
0.000766237
-0.000697323
-0.00243987
-0.00376306
-0.00508404
-0.0065456
-0.00795317
-0.00924683
-0.0104193
-0.0114243
-0.0122096
-0.0127525
-0.0130374
-0.0130608
-0.0128225
-0.0123435
-0.0116487
-0.0107732
-0.00975128
-0.00862171
-0.00741824
-0.00617526
-0.00492064
-0.00368096
-0.00247415
-0.00131699
-0.000220658
0.000805287
0.00175544
0.00262787
0.00342371
0.0041483
0.00480749
0.00540784
0.00595229
0.00644181
0.00687408
0.00724737
0.00756331
0.00782974
0.00806392
0.00828779
0.00853343
0.00882793
0.00920401
0.00967837
0.0102685
0.0109723
0.0117858
0.0126885
0.0136591
0.0146655
0.0156728
0.0166468
0.0175503
0.0183585
0.0190396
0.0195821
0.019967
0.0201944
0.0202579
0.0201664
0.0199301
0.0195602
0.0190753
0.0184943
0.017833
0.017116
0.0163566
0.0155753
0.0147856
0.0140022
0.0132339
0.0124897
0.0117748
0.0110945
0.01045
0.00984314
0.00927218
0.00873671
0.00823337
0.00776058
0.00731426
0.00689239
0.00649091
0.0061077
0.0057394
0.00538404
0.00503895
0.00470262
0.00437282
0.00404889
0.00372857
0.0034127
0.00309724
0.00278761
0.00247167
0.0021709
0.00184516
0.00153141
0.000746953
-0.000702709
-0.00243771
-0.00375978
-0.00508096
-0.00654359
-0.00795156
-0.00924557
-0.0104183
-0.0114236
-0.0122091
-0.0127522
-0.0130374
-0.0130608
-0.0128226
-0.0123435
-0.0116487
-0.0107732
-0.00975127
-0.0086217
-0.00741825
-0.0061752
-0.00492042
-0.00368043
-0.00247328
-0.00131584
-0.000219435
0.000806281
0.00175591
0.00262765
0.00342283
0.00414688
0.00480581
0.00540611
0.00595069
0.00644035
0.00687271
0.00724596
0.00756177
0.00782803
0.00806211
0.0082861
0.00853212
0.00882737
0.00920433
0.00967975
0.0102707
0.0109751
0.0117887
0.0126912
0.0136613
0.0146669
0.0156734
0.0166466
0.0175495
0.0183573
0.0190383
0.0195807
0.0199657
0.0201932
0.0202569
0.0201656
0.0199295
0.0195598
0.0190751
0.0184942
0.017833
0.0171161
0.0163568
0.0155756
0.014786
0.0140025
0.0132343
0.01249
0.0117751
0.0110948
0.0104503
0.0098434
0.00927241
0.00873691
0.00823354
0.00776073
0.00731439
0.00689249
0.006491
0.00610777
0.00573945
0.00538408
0.00503898
0.00470263
0.00437284
0.00404889
0.00372857
0.0034127
0.00309724
0.0027876
0.00247167
0.0021709
0.00184519
0.00153131
0.000740737
-0.000704058
-0.00243801
-0.00375964
-0.00508073
-0.00654318
-0.00795118
-0.00924539
-0.0104182
-0.0114235
-0.0122092
-0.0127524
-0.0130377
-0.0130612
-0.0128229
-0.0123438
-0.0116489
-0.0107732
-0.0097512
-0.00862154
-0.00741804
-0.00617486
-0.00491987
-0.00367953
-0.00247202
-0.00131427
-0.000217801
0.000807687
0.00175677
0.0026278
0.00342227
0.00414576
0.00480438
0.00540461
0.00594929
0.00643907
0.00687149
0.00724466
0.00756029
0.00782633
0.00806025
0.00828432
0.00853069
0.00882669
0.00920458
0.00968112
0.010273
0.0109781
0.011792
0.0126944
0.013664
0.0146689
0.0156747
0.0166472
0.0175496
0.018357
0.0190378
0.0195801
0.0199652
0.0201926
0.0202564
0.0201652
0.0199291
0.0195593
0.0190746
0.0184937
0.0178326
0.0171157
0.0163566
0.0155753
0.0147858
0.0140024
0.0132342
0.01249
0.0117751
0.0110949
0.0104503
0.00984343
0.00927245
0.00873696
0.00823359
0.00776077
0.00731443
0.00689253
0.00649103
0.0061078
0.00573947
0.00538409
0.00503899
0.00470264
0.00437284
0.00404889
0.00372857
0.00341269
0.00309724
0.0027876
0.00247168
0.00217087
0.00184519
0.00153105
0.000739331
-0.000702065
-0.0024408
-0.00376302
-0.0050835
-0.00654449
-0.00795235
-0.0092466
-0.0104192
-0.0114243
-0.01221
-0.0127533
-0.0130386
-0.0130619
-0.0128235
-0.0123441
-0.011649
-0.010773
-0.0097509
-0.0086211
-0.00741749
-0.00617413
-0.0049189
-0.00367819
-0.0024703
-0.00131225
-0.00021571
0.000809553
0.00175807
0.00262836
0.00342212
0.00414501
0.00480329
0.00540342
0.00594817
0.00643803
0.00687047
0.00724352
0.00755894
0.00782472
0.00805845
0.00828258
0.0085293
0.0088261
0.00920496
0.0096827
0.0102756
0.0109815
0.0117957
0.0126982
0.0136674
0.0146718
0.0156769
0.0166488
0.0175507
0.0183576
0.0190382
0.0195802
0.0199652
0.0201925
0.0202564
0.0201649
0.0199286
0.0195586
0.0190739
0.0184929
0.0178318
0.0171149
0.0163558
0.0155745
0.0147851
0.0140017
0.0132336
0.0124894
0.0117746
0.0110944
0.0104499
0.00984308
0.00927215
0.00873671
0.00823338
0.00776061
0.0073143
0.00689242
0.00649095
0.00610773
0.00573942
0.00538405
0.00503896
0.00470261
0.00437282
0.00404888
0.00372856
0.00341268
0.00309723
0.00278759
0.00247167
0.00217087
0.00184522
0.00153132
0.000742205
-0.00068706
-0.00244458
-0.0037698
-0.00508844
-0.00654727
-0.00795506
-0.00924925
-0.0104214
-0.0114262
-0.0122119
-0.0127551
-0.0130402
-0.0130631
-0.0128244
-0.0123446
-0.0116492
-0.0107729
-0.00975065
-0.00862069
-0.00741697
-0.00617344
-0.00491797
-0.00367691
-0.00246868
-0.00131034
-0.000213755
0.000811261
0.00175923
0.0026288
0.00342185
0.00414416
0.00480211
0.00540214
0.00594696
0.00643692
0.00686939
0.00724234
0.00755757
0.00782311
0.00805668
0.00828088
0.00852796
0.00882552
0.00920532
0.00968421
0.010278
0.0109848
0.0117993
0.0127018
0.0136706
0.0146745
0.0156789
0.0166501
0.0175515
0.0183579
0.0190382
0.01958
0.019965
0.0201921
0.020256
0.0201644
0.0199281
0.019558
0.0190732
0.0184921
0.017831
0.017114
0.0163548
0.0155736
0.0147842
0.0140008
0.0132327
0.0124886
0.0117739
0.0110937
0.0104493
0.00984253
0.00927166
0.00873628
0.00823302
0.0077603
0.00731405
0.00689221
0.00649078
0.00610759
0.00573931
0.00538396
0.00503889
0.00470256
0.00437278
0.00404884
0.00372854
0.00341266
0.00309722
0.00278758
0.00247166
0.00217091
0.00184541
0.00153204
0.000757759
-0.000656339
-0.00245095
-0.00378032
-0.00509532
-0.00655179
-0.0079594
-0.00925322
-0.0104247
-0.011429
-0.0122146
-0.0127577
-0.0130426
-0.013065
-0.0128258
-0.0123456
-0.0116498
-0.0107733
-0.00975077
-0.00862062
-0.00741676
-0.00617305
-0.00491736
-0.00367597
-0.0024674
-0.0013088
-0.000212147
0.000812635
0.00176011
0.00262903
0.00342141
0.00414318
0.00480084
0.00540079
0.0059457
0.00643576
0.00686829
0.00724115
0.0075562
0.00782151
0.0080549
0.00827913
0.0085265
0.00882471
0.00920537
0.00968529
0.01028
0.0109874
0.0118023
0.0127049
0.0136733
0.0146767
0.0156805
0.0166511
0.017552
0.0183581
0.0190381
0.0195796
0.0199645
0.0201915
0.0202554
0.0201637
0.0199274
0.0195572
0.0190723
0.0184911
0.01783
0.0171129
0.0163538
0.0155726
0.0147832
0.0139999
0.0132319
0.0124878
0.0117731
0.011093
0.0104487
0.009842
0.00927121
0.0087359
0.0082327
0.00776003
0.00731382
0.00689203
0.00649063
0.00610747
0.00573922
0.00538389
0.00503884
0.00470251
0.00437275
0.00404882
0.00372852
0.00341265
0.00309721
0.00278758
0.00247165
0.00217093
0.00184579
0.00153203
0.000790086
-0.000614168
-0.0024601
-0.00379327
-0.00510347
-0.00655786
-0.00796511
-0.00925825
-0.010429
-0.0114329
-0.0122183
-0.0127611
-0.0130456
-0.0130675
-0.0128278
-0.0123471
-0.011651
-0.0107741
-0.00975133
-0.00862096
-0.00741692
-0.00617301
-0.00491708
-0.00367536
-0.00246646
-0.00130757
-0.000210841
0.000813777
0.00176084
0.00262918
0.00342096
0.00414225
0.00479966
0.00539956
0.00594456
0.00643473
0.00686731
0.0072401
0.00755498
0.00782004
0.00805325
0.00827747
0.00852507
0.00882385
0.00920524
0.0096861
0.0102816
0.0109897
0.0118049
0.0127076
0.0136758
0.0146788
0.015682
0.0166521
0.0175525
0.0183582
0.019038
0.0195792
0.019964
0.0201907
0.0202546
0.0201628
0.0199264
0.0195561
0.0190712
0.0184899
0.0178288
0.0171117
0.0163527
0.0155714
0.0147821
0.0139988
0.0132309
0.0124869
0.0117723
0.0110924
0.0104481
0.00984149
0.00927078
0.00873553
0.0082324
0.00775979
0.00731363
0.00689187
0.00649051
0.00610738
0.00573915
0.00538383
0.0050388
0.00470248
0.00437273
0.0040488
0.00372851
0.00341264
0.0030972
0.00278758
0.00247164
0.00217091
0.00184634
0.00153111
0.000836635
-0.000567744
-0.00246894
-0.00380588
-0.00511154
-0.00656453
-0.0079713
-0.00926371
-0.0104339
-0.0114375
-0.0122227
-0.0127651
-0.0130492
-0.0130705
-0.0128304
-0.0123492
-0.0116527
-0.0107755
-0.0097524
-0.00862177
-0.00741751
-0.00617338
-0.00491718
-0.00367512
-0.00246587
-0.00130667
-0.000209813
0.000814712
0.00176144
0.00262928
0.00342055
0.00414144
0.00479864
0.0053985
0.00594358
0.00643386
0.00686649
0.0072392
0.00755391
0.00781874
0.00805175
0.00827591
0.00852368
0.00882292
0.00920496
0.00968663
0.0102829
0.0109917
0.0118072
0.01271
0.013678
0.0146806
0.0156834
0.016653
0.017553
0.0183582
0.0190378
0.0195788
0.0199634
0.0201899
0.0202536
0.0201617
0.0199252
0.0195549
0.0190699
0.0184886
0.0178275
0.0171103
0.0163514
0.0155702
0.014781
0.0139978
0.01323
0.0124861
0.0117716
0.0110917
0.0104475
0.00984105
0.00927042
0.00873524
0.00823217
0.00775961
0.0073135
0.00689177
0.00649044
0.00610732
0.00573911
0.00538381
0.00503878
0.00470247
0.00437272
0.0040488
0.00372851
0.00341264
0.0030972
0.00278759
0.00247165
0.00217085
0.00184705
0.00152951
0.000891752
-0.000521438
-0.00247504
-0.00381685
-0.00511879
-0.00657085
-0.00797709
-0.00926893
-0.0104388
-0.0114422
-0.0122273
-0.0127694
-0.0130531
-0.0130739
-0.0128334
-0.0123519
-0.011655
-0.0107774
-0.00975408
-0.00862315
-0.00741865
-0.00617425
-0.00491776
-0.00367532
-0.0024657
-0.00130616
-0.000209119
0.000815383
0.00176186
0.0026293
0.00342015
0.0041407
0.00479774
0.00539758
0.00594276
0.00643313
0.00686581
0.00723846
0.007553
0.0078176
0.0080504
0.00827448
0.00852236
0.00882198
0.00920457
0.00968696
0.0102839
0.0109932
0.0118091
0.0127121
0.0136799
0.0146822
0.0156845
0.0166536
0.0175532
0.0183581
0.0190374
0.0195781
0.0199626
0.0201889
0.0202525
0.0201605
0.0199239
0.0195535
0.0190685
0.0184871
0.0178261
0.017109
0.0163502
0.0155691
0.01478
0.0139969
0.0132292
0.0124854
0.011771
0.0110913
0.0104472
0.00984074
0.00927018
0.00873506
0.00823204
0.00775951
0.00731343
0.00689173
0.00649042
0.00610731
0.00573911
0.00538381
0.00503879
0.00470248
0.00437273
0.00404881
0.00372852
0.00341265
0.00309721
0.0027876
0.00247168
0.00217074
0.0018479
0.00152766
0.000950201
-0.000484146
-0.00248156
-0.00382604
-0.00512363
-0.00657472
-0.00798072
-0.00927261
-0.0104427
-0.0114464
-0.0122317
-0.0127737
-0.0130573
-0.0130778
-0.0128371
-0.0123552
-0.0116581
-0.0107801
-0.00975641
-0.00862513
-0.0074203
-0.00617555
-0.00491868
-0.00367579
-0.00246572
-0.00130577
-0.000208493
0.000816057
0.00176237
0.0026295
0.00342001
0.00414029
0.0047972
0.00539704
0.00594233
0.00643281
0.00686555
0.00723816
0.00755258
0.007817
0.00804965
0.00827369
0.0085217
0.00882169
0.00920479
0.00968781
0.0102853
0.0109951
0.0118112
0.0127142
0.0136816
0.0146835
0.0156853
0.0166539
0.017553
0.0183575
0.0190365
0.019577
0.0199613
0.0201875
0.0202511
0.020159
0.0199224
0.019552
0.0190671
0.0184859
0.017825
0.0171079
0.0163493
0.0155683
0.0147794
0.0139963
0.0132288
0.0124851
0.0117708
0.0110911
0.010447
0.00984067
0.00927015
0.00873506
0.00823206
0.00775954
0.00731348
0.00689177
0.00649046
0.00610736
0.00573916
0.00538385
0.00503883
0.00470251
0.00437276
0.00404882
0.00372854
0.00341266
0.00309722
0.00278761
0.00247172
0.0021706
0.0018488
0.00152621
0.00100235
-0.000452537
-0.00249251
-0.00383571
-0.00512681
-0.00657633
-0.00798227
-0.00927476
-0.0104457
-0.0114501
-0.0122359
-0.0127782
-0.0130618
-0.0130823
-0.0128414
-0.0123593
-0.0116619
-0.0107835
-0.00975936
-0.00862763
-0.00742234
-0.00617714
-0.00491977
-0.00367635
-0.00246577
-0.00130536
-0.00020777
0.00081689
0.0017631
0.00263
0.00342022
0.00414029
0.0047971
0.00539695
0.00594234
0.00643292
0.00686573
0.00723832
0.00755268
0.00781697
0.00804953
0.00827359
0.00852179
0.00882214
0.00920571
0.0096893
0.0102872
0.0109974
0.0118135
0.0127163
0.0136834
0.0146847
0.0156859
0.0166539
0.0175524
0.0183565
0.0190352
0.0195754
0.0199597
0.0201857
0.0202494
0.0201574
0.0199209
0.0195507
0.0190659
0.0184848
0.0178241
0.0171072
0.0163488
0.0155679
0.0147791
0.0139961
0.0132287
0.012485
0.0117708
0.0110912
0.0104471
0.0098408
0.00927029
0.0087352
0.0082322
0.00775968
0.0073136
0.00689188
0.00649056
0.00610744
0.00573923
0.00538391
0.00503888
0.00470255
0.00437279
0.00404885
0.00372856
0.00341268
0.00309723
0.00278762
0.00247176
0.00217044
0.00184971
0.00152524
0.00104961
-0.000410995
-0.00250676
-0.00384776
-0.00513079
-0.00657813
-0.0079838
-0.00927683
-0.0104486
-0.0114538
-0.0122402
-0.012783
-0.0130669
-0.0130874
-0.0128464
-0.0123641
-0.0116663
-0.0107875
-0.00976288
-0.00863061
-0.0074248
-0.00617908
-0.00492115
-0.00367715
-0.00246602
-0.00130511
-0.000207183
0.000817631
0.0017638
0.00263051
0.00342051
0.00414039
0.00479711
0.00539698
0.00594245
0.00643312
0.00686599
0.00723856
0.00755283
0.00781701
0.00804948
0.00827354
0.00852187
0.00882252
0.00920647
0.00969052
0.0102888
0.0109992
0.0118153
0.012718
0.0136847
0.0146855
0.015686
0.0166535
0.0175516
0.0183552
0.0190337
0.0195737
0.019958
0.020184
0.0202478
0.0201558
0.0199195
0.0195494
0.0190648
0.0184839
0.0178234
0.0171066
0.0163483
0.0155675
0.0147789
0.013996
0.0132286
0.0124851
0.0117709
0.0110913
0.0104473
0.00984095
0.00927045
0.00873535
0.00823235
0.00775981
0.00731373
0.006892
0.00649066
0.00610753
0.0057393
0.00538397
0.00503893
0.00470259
0.00437283
0.00404887
0.00372858
0.00341269
0.00309724
0.00278763
0.00247181
0.00217027
0.00185068
0.00152397
0.00110363
-0.000361049
-0.00251982
-0.00385944
-0.00513458
-0.00658009
-0.00798561
-0.00927918
-0.0104517
-0.0114577
-0.0122449
-0.0127882
-0.0130726
-0.0130932
-0.0128523
-0.0123697
-0.0116716
-0.0107922
-0.00976702
-0.00863414
-0.00742772
-0.00618139
-0.00492285
-0.00367823
-0.00246652
-0.00130508
-0.000206788
0.000818222
0.0017644
0.00263099
0.00342081
0.00414053
0.00479717
0.00539703
0.00594256
0.0064333
0.0068662
0.00723873
0.00755292
0.00781697
0.00804933
0.00827334
0.00852173
0.00882258
0.00920679
0.0096912
0.0102898
0.0110004
0.0118165
0.012719
0.0136853
0.0146857
0.0156857
0.0166528
0.0175505
0.0183538
0.0190321
0.0195721
0.0199563
0.0201823
0.0202463
0.0201543
0.0199182
0.0195482
0.0190638
0.018483
0.0178228
0.0171061
0.0163479
0.0155673
0.0147788
0.0139959
0.0132286
0.0124851
0.011771
0.0110914
0.0104474
0.0098411
0.00927061
0.00873551
0.0082325
0.00775995
0.00731385
0.00689211
0.00649077
0.00610761
0.00573938
0.00538403
0.00503898
0.00470263
0.00437286
0.0040489
0.0037286
0.00341271
0.00309725
0.00278765
0.00247186
0.00217007
0.00185181
0.00152187
0.00116466
-0.000310462
-0.00252912
-0.00386832
-0.00513646
-0.00658098
-0.00798688
-0.00928129
-0.0104548
-0.0114617
-0.0122499
-0.0127939
-0.0130788
-0.0130998
-0.0128589
-0.0123761
-0.0116776
-0.0107976
-0.00977184
-0.00863825
-0.00743115
-0.00618412
-0.00492491
-0.00367961
-0.00246728
-0.00130529
-0.000206594
0.00081866
0.00176491
0.00263143
0.00342113
0.00414072
0.00479728
0.00539713
0.00594268
0.00643346
0.00686637
0.00723886
0.00755298
0.0078169
0.00804913
0.00827304
0.00852141
0.00882236
0.00920668
0.00969134
0.0102901
0.0110008
0.0118169
0.0127193
0.0136852
0.0146853
0.0156849
0.0166517
0.0175491
0.0183522
0.0190304
0.0195704
0.0199547
0.0201808
0.0202448
0.020153
0.0199171
0.0195473
0.019063
0.0184823
0.0178222
0.0171057
0.0163476
0.0155671
0.0147787
0.0139959
0.0132287
0.0124852
0.0117711
0.0110915
0.0104476
0.00984128
0.00927079
0.00873568
0.00823267
0.0077601
0.00731399
0.00689223
0.00649088
0.00610771
0.00573946
0.0053841
0.00503904
0.00470267
0.0043729
0.00404893
0.00372863
0.00341273
0.00309726
0.00278766
0.00247193
0.00216983
0.00185315
0.00151898
0.00122863
-0.000263709
-0.00253492
-0.00387432
-0.00513598
-0.00657997
-0.00798681
-0.00928248
-0.0104572
-0.0114654
-0.0122546
-0.0127996
-0.0130853
-0.0131068
-0.0128661
-0.0123832
-0.0116843
-0.0108038
-0.00977729
-0.00864291
-0.00743504
-0.00618722
-0.00492734
-0.00368125
-0.00246827
-0.00130571
-0.000206581
0.00081896
0.00176533
0.00263184
0.00342145
0.00414094
0.00479743
0.00539724
0.00594281
0.0064336
0.00686652
0.00723899
0.00755302
0.00781682
0.0080489
0.00827268
0.00852095
0.00882188
0.0092062
0.00969102
0.0102898
0.0110005
0.0118166
0.0127189
0.0136846
0.0146844
0.0156838
0.0166503
0.0175475
0.0183506
0.0190288
0.0195687
0.0199531
0.0201793
0.0202436
0.0201519
0.0199161
0.0195464
0.0190623
0.0184818
0.0178218
0.0171054
0.0163475
0.015567
0.0147787
0.0139959
0.0132288
0.0124853
0.0117713
0.0110917
0.0104478
0.0098415
0.009271
0.00873588
0.00823286
0.00776028
0.00731416
0.00689237
0.006491
0.00610781
0.00573955
0.00538417
0.0050391
0.00470272
0.00437294
0.00404896
0.00372865
0.00341275
0.00309728
0.00278767
0.002472
0.00216953
0.00185467
0.00151561
0.00129233
-0.000220801
-0.00253927
-0.00387853
-0.00513378
-0.00657701
-0.007985
-0.00928227
-0.0104586
-0.0114683
-0.0122589
-0.0128052
-0.0130919
-0.0131141
-0.0128737
-0.0123908
-0.0116916
-0.0108105
-0.00978324
-0.008648
-0.00743932
-0.0061905
-0.00493006
-0.003683
-0.00246938
-0.00130625
-0.000206671
0.000819178
0.00176569
0.00263223
0.00342178
0.00414118
0.00479759
0.00539737
0.00594291
0.00643372
0.00686664
0.0072391
0.00755304
0.00781671
0.00804864
0.00827225
0.00852036
0.0088212
0.00920544
0.00969034
0.0102891
0.0109998
0.0118159
0.0127181
0.0136836
0.0146833
0.0156825
0.0166488
0.017546
0.018349
0.0190272
0.0195672
0.0199517
0.020178
0.0202424
0.0201508
0.0199152
0.0195457
0.0190618
0.0184813
0.0178215
0.0171052
0.0163473
0.0155669
0.0147787
0.013996
0.0132289
0.0124855
0.0117715
0.011092
0.0104481
0.00984175
0.00927125
0.00873611
0.00823308
0.00776048
0.00731434
0.00689253
0.00649114
0.00610793
0.00573966
0.00538426
0.00503917
0.00470278
0.00437299
0.004049
0.00372868
0.00341277
0.0030973
0.00278768
0.00247208
0.0021692
0.00185627
0.00151204
0.00135392
-0.000180056
-0.00254453
-0.00388189
-0.00513042
-0.00657245
-0.0079817
-0.00928051
-0.0104589
-0.0114702
-0.0122626
-0.0128104
-0.0130984
-0.0131215
-0.0128816
-0.0123988
-0.0116993
-0.0108176
-0.00978957
-0.00865338
-0.00744375
-0.00619379
-0.00493282
-0.0036847
-0.00247046
-0.00130676
-0.000206748
0.000819398
0.00176606
0.00263263
0.00342212
0.00414144
0.00479776
0.00539749
0.00594299
0.00643379
0.0068667
0.00723913
0.007553
0.00781656
0.00804835
0.00827179
0.00851974
0.00882047
0.00920459
0.00968951
0.0102883
0.0109989
0.011815
0.0127171
0.0136825
0.0146821
0.0156811
0.0166474
0.0175445
0.0183474
0.0190257
0.0195658
0.0199504
0.0201767
0.0202413
0.0201498
0.0199143
0.0195449
0.0190611
0.0184808
0.0178212
0.0171049
0.0163472
0.0155669
0.0147788
0.0139961
0.0132291
0.0124857
0.0117718
0.0110923
0.0104484
0.00984202
0.00927151
0.00873637
0.00823332
0.00776069
0.00731453
0.0068927
0.00649129
0.00610806
0.00573977
0.00538435
0.00503925
0.00470284
0.00437304
0.00404904
0.00372871
0.00341279
0.00309731
0.00278769
0.00247217
0.00216886
0.00185788
0.00150846
0.00141216
-0.000141358
-0.00255147
-0.00388494
-0.00512566
-0.00656663
-0.00797725
-0.00927728
-0.0104581
-0.0114712
-0.0122656
-0.0128152
-0.0131049
-0.013129
-0.0128899
-0.0124073
-0.0117075
-0.0108251
-0.00979619
-0.00865891
-0.00744819
-0.00619709
-0.00493535
-0.00368624
-0.00247134
-0.00130709
-0.00020669
0.000819715
0.0017665
0.00263308
0.00342251
0.00414174
0.00479795
0.00539759
0.00594302
0.00643378
0.00686666
0.00723906
0.00755289
0.00781637
0.00804808
0.00827142
0.00851927
0.00881993
0.00920395
0.00968886
0.0102876
0.0109981
0.0118142
0.0127162
0.0136815
0.0146809
0.0156799
0.016646
0.0175431
0.018346
0.0190243
0.0195643
0.019949
0.0201754
0.0202401
0.0201487
0.0199133
0.0195441
0.0190605
0.0184802
0.0178207
0.0171046
0.016347
0.0155668
0.0147788
0.0139962
0.0132293
0.012486
0.011772
0.0110925
0.0104486
0.00984231
0.0092718
0.00873664
0.00823357
0.00776092
0.00731474
0.00689289
0.00649145
0.0061082
0.00573989
0.00538445
0.00503933
0.00470291
0.00437309
0.00404908
0.00372875
0.00341282
0.00309733
0.0027877
0.00247226
0.00216851
0.00185942
0.00150511
0.00146603
-0.000106009
-0.00255905
-0.00388729
-0.00511951
-0.00655991
-0.00797168
-0.0092731
-0.0104563
-0.0114715
-0.0122682
-0.01282
-0.0131115
-0.013137
-0.0128987
-0.0124163
-0.0117162
-0.010833
-0.00980299
-0.00866445
-0.00745251
-0.00620018
-0.00493744
-0.00368741
-0.00247184
-0.00130711
-0.000206386
0.00082021
0.00176707
0.00263363
0.003423
0.00414211
0.00479818
0.0053977
0.00594301
0.00643368
0.00686651
0.00723888
0.00755271
0.00781622
0.00804796
0.00827132
0.0085192
0.00881988
0.00920388
0.00968877
0.0102874
0.0109979
0.0118138
0.0127157
0.0136807
0.01468
0.0156788
0.0166448
0.0175417
0.0183445
0.0190227
0.0195628
0.0199475
0.020174
0.0202387
0.0201475
0.0199122
0.0195431
0.0190596
0.0184795
0.0178202
0.0171042
0.0163468
0.0155667
0.0147788
0.0139963
0.0132294
0.0124862
0.0117723
0.0110928
0.0104489
0.00984261
0.0092721
0.00873692
0.00823383
0.00776116
0.00731496
0.00689308
0.00649162
0.00610834
0.00574001
0.00538455
0.00503942
0.00470297
0.00437315
0.00404912
0.00372878
0.00341284
0.00309735
0.0027877
0.00247236
0.00216818
0.00186085
0.00150216
0.00151445
-7.45991e-05
-0.00256559
-0.0038882
-0.00511269
-0.00655295
-0.0079658
-0.00926889
-0.0104543
-0.0114718
-0.0122709
-0.0128251
-0.0131186
-0.0131456
-0.0129081
-0.0124258
-0.0117252
-0.010841
-0.00980971
-0.00866971
-0.00745638
-0.0062027
-0.00493887
-0.00368798
-0.00247181
-0.00130668
-0.000205736
0.000820964
0.00176783
0.00263436
0.00342363
0.00414261
0.00479852
0.00539786
0.00594299
0.00643352
0.00686626
0.00723861
0.00755251
0.00781615
0.00804808
0.00827165
0.00851972
0.00882055
0.00920461
0.0096895
0.010288
0.0109983
0.011814
0.0127156
0.0136804
0.0146794
0.0156779
0.0166436
0.0175403
0.018343
0.0190211
0.0195611
0.0199458
0.0201723
0.0202371
0.0201459
0.0199108
0.0195419
0.0190585
0.0184786
0.0178195
0.0171036
0.0163464
0.0155664
0.0147787
0.0139963
0.0132295
0.0124863
0.0117725
0.0110931
0.0104492
0.00984291
0.00927239
0.0087372
0.0082341
0.00776141
0.00731518
0.00689327
0.00649179
0.00610848
0.00574013
0.00538465
0.0050395
0.00470304
0.0043732
0.00404916
0.00372881
0.00341287
0.00309737
0.00278771
0.00247245
0.00216788
0.00186214
0.00149962
0.00155664
-4.59144e-05
-0.00257135
-0.00388899
-0.00510695
-0.00654732
-0.00796132
-0.00926601
-0.0104533
-0.0114731
-0.0122745
-0.0128309
-0.0131262
-0.0131545
-0.0129176
-0.0124351
-0.0117337
-0.0108484
-0.00981558
-0.00867401
-0.00745923
-0.00620424
-0.00493936
-0.00368772
-0.00247107
-0.00130567
-0.000204649
0.00082204
0.00176884
0.00263527
0.00342444
0.00414329
0.00479904
0.00539818
0.00594311
0.00643345
0.00686606
0.00723838
0.00755236
0.0078162
0.00804844
0.00827236
0.0085208
0.00882192
0.00920617
0.00969111
0.0102895
0.0109997
0.011815
0.0127163
0.0136807
0.0146793
0.0156774
0.0166429
0.0175392
0.0183416
0.0190195
0.0195593
0.019944
0.0201704
0.0202352
0.0201442
0.0199092
0.0195404
0.0190572
0.0184775
0.0178186
0.0171029
0.0163459
0.015566
0.0147784
0.0139962
0.0132295
0.0124864
0.0117727
0.0110933
0.0104495
0.00984315
0.00927263
0.00873744
0.00823433
0.00776162
0.00731537
0.00689344
0.00649194
0.00610861
0.00574024
0.00538474
0.00503958
0.0047031
0.00437326
0.0040492
0.00372885
0.00341289
0.00309739
0.00278771
0.00247253
0.00216763
0.00186325
0.00149745
0.00159364
-1.83603e-05
-0.00258078
-0.00389352
-0.00510512
-0.00654528
-0.00796017
-0.00926612
-0.0104549
-0.0114763
-0.0122794
-0.0128373
-0.0131337
-0.0131625
-0.0129256
-0.0124425
-0.0117402
-0.0108535
-0.00981932
-0.00867637
-0.00746036
-0.00620434
-0.00493865
-0.00368649
-0.00246954
-0.00130406
-0.000203097
0.000823451
0.00177008
0.00263635
0.00342539
0.00414412
0.00479977
0.00539879
0.00594357
0.00643374
0.00686619
0.00723842
0.00755241
0.00781637
0.00804886
0.00827314
0.00852198
0.0088235
0.00920806
0.00969322
0.0102917
0.0110017
0.0118169
0.0127179
0.0136819
0.0146802
0.0156778
0.0166429
0.0175388
0.0183409
0.0190185
0.0195581
0.0199425
0.0201688
0.0202336
0.0201425
0.0199075
0.0195388
0.0190558
0.0184762
0.0178174
0.0171019
0.016345
0.0155654
0.0147779
0.0139958
0.0132293
0.0124863
0.0117726
0.0110933
0.0104495
0.00984323
0.00927274
0.00873756
0.00823446
0.00776175
0.0073155
0.00689356
0.00649205
0.00610871
0.00574032
0.00538481
0.00503964
0.00470315
0.0043733
0.00404923
0.00372887
0.00341291
0.00309741
0.00278771
0.00247259
0.00216744
0.00186411
0.00149581
0.00162948
5.12547e-06
-0.00259317
-0.00390106
-0.00510641
-0.00654611
-0.00796173
-0.00926873
-0.0104587
-0.0114813
-0.0122855
-0.0128441
-0.0131409
-0.0131696
-0.0129321
-0.0124481
-0.0117445
-0.0108566
-0.00982108
-0.00867694
-0.00745993
-0.00620312
-0.00493686
-0.00368436
-0.00246729
-0.00130184
-0.000201056
0.000825246
0.00177161
0.00263764
0.00342651
0.00414513
0.00480071
0.00539967
0.00594438
0.00643444
0.00686675
0.00723884
0.00755275
0.00781672
0.00804934
0.00827389
0.00852309
0.00882502
0.00920998
0.00969546
0.0102941
0.0110042
0.0118193
0.0127201
0.0136839
0.0146818
0.015679
0.0166437
0.0175393
0.0183409
0.0190182
0.0195574
0.0199416
0.0201676
0.0202323
0.020141
0.019906
0.0195373
0.0190543
0.0184748
0.0178161
0.0171007
0.016344
0.0155644
0.0147772
0.0139951
0.0132288
0.0124859
0.0117723
0.011093
0.0104493
0.00984313
0.00927269
0.00873754
0.00823447
0.00776177
0.00731553
0.0068936
0.00649209
0.00610875
0.00574037
0.00538485
0.00503967
0.00470318
0.00437332
0.00404925
0.00372889
0.00341293
0.00309742
0.00278771
0.00247263
0.00216733
0.00186468
0.00149487
0.0016621
2.12206e-05
-0.00260375
-0.00390803
-0.00510814
-0.00654758
-0.00796403
-0.00927214
-0.0104633
-0.011487
-0.012292
-0.0128512
-0.0131481
-0.0131764
-0.012938
-0.0124529
-0.011748
-0.0108587
-0.00982188
-0.00867658
-0.00745861
-0.00620111
-0.00493437
-0.00368162
-0.00246448
-0.00129914
-0.000198591
0.000827408
0.00177344
0.00263919
0.00342783
0.00414631
0.00480181
0.00540073
0.00594539
0.00643538
0.00686758
0.00723954
0.00755334
0.00781728
0.00804998
0.00827471
0.00852422
0.00882653
0.00921188
0.00969771
0.0102966
0.0110069
0.0118219
0.0127226
0.0136862
0.0146838
0.0156807
0.016645
0.0175402
0.0183415
0.0190184
0.0195573
0.0199412
0.020167
0.0202314
0.02014
0.0199048
0.019536
0.019053
0.0184735
0.0178149
0.0170995
0.0163429
0.0155634
0.0147763
0.0139943
0.0132281
0.0124853
0.0117718
0.0110927
0.010449
0.00984289
0.00927251
0.00873741
0.00823437
0.0077617
0.00731549
0.00689357
0.00649208
0.00610875
0.00574037
0.00538485
0.00503968
0.00470319
0.00437333
0.00404926
0.0037289
0.00341293
0.00309743
0.00278771
0.00247266
0.00216726
0.00186502
0.00149459
0.00168616
3.02873e-05
-0.00261274
-0.00391446
-0.00511029
-0.00654956
-0.00796688
-0.00927606
-0.0104683
-0.0114929
-0.0122986
-0.012858
-0.0131547
-0.0131824
-0.012943
-0.0124566
-0.0117505
-0.0108598
-0.00982172
-0.00867538
-0.0074566
-0.00619853
-0.00493143
-0.00367852
-0.0024614
-0.00129621
-0.000195927
0.000829742
0.00177543
0.00264085
0.00342924
0.00414755
0.00480297
0.00540185
0.0059465
0.00643644
0.00686858
0.00724044
0.00755414
0.007818
0.00805071
0.00827556
0.00852529
0.0088279
0.00921359
0.00969976
0.0102989
0.0110094
0.0118245
0.0127252
0.0136886
0.014686
0.0156827
0.0166467
0.0175416
0.0183426
0.0190192
0.0195577
0.0199413
0.0201668
0.0202309
0.0201393
0.019904
0.019535
0.0190519
0.0184723
0.0178137
0.0170983
0.0163418
0.0155624
0.0147753
0.0139935
0.0132273
0.0124846
0.0117712
0.0110921
0.0104486
0.00984253
0.00927221
0.00873716
0.00823418
0.00776155
0.00731537
0.00689348
0.00649202
0.0061087
0.00574034
0.00538483
0.00503967
0.00470318
0.00437333
0.00404926
0.0037289
0.00341293
0.00309743
0.00278771
0.00247267
0.00216725
0.00186514
0.00149488
0.00170186
3.17737e-05
-0.00262261
-0.00392148
-0.0051138
-0.00655296
-0.00797103
-0.00928105
-0.010474
-0.0114991
-0.0123048
-0.0128639
-0.01316
-0.0131866
-0.0129461
-0.0124584
-0.011751
-0.0108591
-0.00982006
-0.00867294
-0.00745362
-0.00619523
-0.00492799
-0.0036751
-0.00245812
-0.00129317
-0.000193189
0.000832135
0.00177747
0.00264257
0.00343071
0.00414885
0.00480419
0.00540306
0.00594772
0.00643769
0.00686981
0.00724163
0.00755526
0.00781906
0.00805173
0.00827661
0.00852646
0.00882927
0.00921521
0.00970165
0.0103011
0.0110117
0.0118269
0.0127276
0.0136909
0.0146882
0.0156848
0.0166485
0.0175432
0.0183439
0.0190203
0.0195585
0.0199418
0.020167
0.0202309
0.020139
0.0199035
0.0195344
0.0190511
0.0184714
0.0178127
0.0170973
0.0163407
0.0155613
0.0147743
0.0139925
0.0132264
0.0124838
0.0117705
0.0110915
0.010448
0.00984204
0.0092718
0.00873682
0.00823389
0.00776131
0.00731518
0.00689333
0.00649189
0.0061086
0.00574026
0.00538477
0.00503962
0.00470315
0.0043733
0.00404924
0.00372889
0.00341292
0.00309743
0.0027877
0.00247267
0.00216727
0.00186509
0.00149542
0.00171014
2.55942e-05
-0.00263503
-0.00392983
-0.00511935
-0.00655841
-0.00797699
-0.00928738
-0.0104803
-0.0115051
-0.0123101
-0.0128681
-0.0131629
-0.0131881
-0.0129462
-0.0124573
-0.0117488
-0.0108561
-0.00981651
-0.00866905
-0.0074496
-0.00619126
-0.00492418
-0.00367154
-0.00245487
-0.00129024
-0.000190603
0.000834392
0.00177942
0.00264425
0.00343217
0.00415018
0.00480546
0.00540435
0.00594908
0.00643915
0.00687136
0.00724323
0.00755687
0.00782064
0.00805327
0.00827813
0.00852799
0.00883084
0.00921687
0.00970343
0.010303
0.0110137
0.0118289
0.0127297
0.013693
0.0146902
0.0156866
0.0166503
0.0175448
0.0183453
0.0190214
0.0195595
0.0199425
0.0201675
0.0202311
0.020139
0.0199032
0.0195339
0.0190505
0.0184707
0.0178119
0.0170964
0.0163398
0.0155604
0.0147733
0.0139916
0.0132255
0.0124829
0.0117697
0.0110908
0.0104474
0.0098415
0.00927133
0.00873641
0.00823354
0.00776102
0.00731494
0.00689313
0.00649173
0.00610847
0.00574016
0.00538469
0.00503956
0.0047031
0.00437327
0.00404922
0.00372887
0.00341291
0.00309742
0.0027877
0.00247266
0.00216729
0.00186497
0.00149558
0.00171189
)
;

boundaryField
{
    inlet
    {
        type            cyclic;
    }
    outlet
    {
        type            cyclic;
    }
    bottomWall
    {
        type            zeroGradient;
    }
    topWall
    {
        type            zeroGradient;
    }
    frontAndBack
    {
        type            empty;
    }
}


// ************************************************************************* //
