/*--------------------------------*- C++ -*----------------------------------*\
  =========                 |
  \\      /  F ield         | OpenFOAM: The Open Source CFD Toolbox
   \\    /   O peration     | Website:  https://openfoam.org
    \\  /    A nd           | Version:  11
     \\/     M anipulation  |
\*---------------------------------------------------------------------------*/
FoamFile
{
    format      ascii;
    class       volVectorField;
    location    "100";
    object      wallShearStress;
}
// * * * * * * * * * * * * * * * * * * * * * * * * * * * * * * * * * * * * * //

dimensions      [0 2 -2 0 0 0 0];

internalField   uniform (0 0 0);

boundaryField
{
    inlet
    {
        type            cyclic;
    }
    outlet
    {
        type            cyclic;
    }
    bottomWall
    {
        type            calculated;
        value           nonuniform List<vector> 
100
(
(-0.265729 -1.38757e-06 0)
(-0.265692 -1.51748e-06 0)
(-0.265663 -1.13678e-06 0)
(-0.265638 -9.60352e-07 0)
(-0.265613 -9.80114e-07 0)
(-0.265586 -1.04267e-06 0)
(-0.265557 -1.07458e-06 0)
(-0.265527 -1.05959e-06 0)
(-0.265499 -9.86973e-07 0)
(-0.265474 -8.60351e-07 0)
(-0.265452 -6.84713e-07 0)
(-0.265436 -4.80596e-07 0)
(-0.265425 -2.59473e-07 0)
(-0.26542 -5.05804e-08 0)
(-0.26542 1.35105e-07 0)
(-0.265425 2.94583e-07 0)
(-0.265435 4.21053e-07 0)
(-0.265447 5.14823e-07 0)
(-0.265462 5.74601e-07 0)
(-0.265478 6.02027e-07 0)
(-0.265494 6.05673e-07 0)
(-0.26551 5.89369e-07 0)
(-0.265526 5.62758e-07 0)
(-0.265541 5.29213e-07 0)
(-0.265555 4.95493e-07 0)
(-0.265568 4.63165e-07 0)
(-0.26558 4.33943e-07 0)
(-0.265592 4.06838e-07 0)
(-0.265602 3.79929e-07 0)
(-0.265612 3.52123e-07 0)
(-0.265622 3.2247e-07 0)
(-0.26563 2.92688e-07 0)
(-0.265637 2.63877e-07 0)
(-0.265644 2.38511e-07 0)
(-0.26565 2.16369e-07 0)
(-0.265656 1.9765e-07 0)
(-0.265661 1.79832e-07 0)
(-0.265665 1.60839e-07 0)
(-0.265668 1.39561e-07 0)
(-0.265671 1.17248e-07 0)
(-0.265673 9.86847e-08 0)
(-0.265675 8.5024e-08 0)
(-0.265677 8.35996e-08 0)
(-0.265679 9.20458e-08 0)
(-0.265682 1.17027e-07 0)
(-0.265687 1.5311e-07 0)
(-0.265693 2.02692e-07 0)
(-0.265701 2.54052e-07 0)
(-0.265711 3.08306e-07 0)
(-0.265722 3.55455e-07 0)
(-0.265734 3.9232e-07 0)
(-0.265747 4.14577e-07 0)
(-0.26576 4.20808e-07 0)
(-0.265772 4.12515e-07 0)
(-0.265783 3.8769e-07 0)
(-0.265793 3.54421e-07 0)
(-0.265801 3.09051e-07 0)
(-0.265808 2.61601e-07 0)
(-0.265813 2.05639e-07 0)
(-0.265816 1.53366e-07 0)
(-0.265818 1.06729e-07 0)
(-0.265819 5.82431e-08 0)
(-0.265818 1.54521e-08 0)
(-0.265817 -1.91578e-08 0)
(-0.265814 -4.91884e-08 0)
(-0.265812 -7.18643e-08 0)
(-0.265808 -9.19251e-08 0)
(-0.265805 -1.03986e-07 0)
(-0.265801 -1.14118e-07 0)
(-0.265797 -1.17668e-07 0)
(-0.265794 -1.19163e-07 0)
(-0.26579 -1.16809e-07 0)
(-0.265787 -1.12456e-07 0)
(-0.265784 -1.05998e-07 0)
(-0.265782 -9.83287e-08 0)
(-0.265779 -8.9579e-08 0)
(-0.265777 -8.05591e-08 0)
(-0.265775 -7.12296e-08 0)
(-0.265774 -6.22287e-08 0)
(-0.265772 -5.35317e-08 0)
(-0.265771 -4.565e-08 0)
(-0.26577 -3.83018e-08 0)
(-0.26577 -3.19138e-08 0)
(-0.265769 -2.61097e-08 0)
(-0.265769 -2.12645e-08 0)
(-0.265768 -1.69475e-08 0)
(-0.265768 -1.34825e-08 0)
(-0.265768 -1.0412e-08 0)
(-0.265767 -8.08599e-09 0)
(-0.265767 -6.04231e-09 0)
(-0.265767 -4.6051e-09 0)
(-0.265767 -3.34923e-09 0)
(-0.265767 -2.41488e-09 0)
(-0.265767 -1.81824e-09 0)
(-0.265767 -6.70271e-10 0)
(-0.265767 -1.95538e-09 0)
(-0.265767 2.93938e-09 0)
(-0.265767 -1.45805e-08 0)
(-0.265765 -3.02008e-08 0)
(-0.265771 -4.97525e-07 0)
)
;
    }
    topWall
    {
        type            calculated;
        value           nonuniform List<vector> 
100
(
(-0.264933 1.72384e-06 0)
(-0.264888 1.67682e-06 0)
(-0.26486 1.07364e-06 0)
(-0.264836 9.18129e-07 0)
(-0.264811 9.56269e-07 0)
(-0.264784 1.01688e-06 0)
(-0.264756 1.03913e-06 0)
(-0.264728 1.00635e-06 0)
(-0.264701 9.10775e-07 0)
(-0.264678 7.54497e-07 0)
(-0.26466 5.51596e-07 0)
(-0.264647 3.20026e-07 0)
(-0.264641 8.90423e-08 0)
(-0.264641 -1.2176e-07 0)
(-0.264646 -3.08884e-07 0)
(-0.264656 -4.60178e-07 0)
(-0.26467 -5.75404e-07 0)
(-0.264687 -6.48273e-07 0)
(-0.264705 -6.82331e-07 0)
(-0.264723 -6.84066e-07 0)
(-0.264741 -6.61371e-07 0)
(-0.264759 -6.2082e-07 0)
(-0.264775 -5.69125e-07 0)
(-0.26479 -5.11436e-07 0)
(-0.264803 -4.52006e-07 0)
(-0.264814 -3.94488e-07 0)
(-0.264824 -3.41276e-07 0)
(-0.264832 -2.94347e-07 0)
(-0.264839 -2.55494e-07 0)
(-0.264846 -2.25878e-07 0)
(-0.264851 -2.06393e-07 0)
(-0.264857 -1.97046e-07 0)
(-0.264862 -1.97179e-07 0)
(-0.264868 -2.04772e-07 0)
(-0.264874 -2.17614e-07 0)
(-0.264881 -2.32798e-07 0)
(-0.264887 -2.48103e-07 0)
(-0.264894 -2.61777e-07 0)
(-0.264901 -2.73204e-07 0)
(-0.264908 -2.83183e-07 0)
(-0.264915 -2.9267e-07 0)
(-0.264923 -3.03055e-07 0)
(-0.264931 -3.13999e-07 0)
(-0.26494 -3.25305e-07 0)
(-0.26495 -3.35154e-07 0)
(-0.26496 -3.4168e-07 0)
(-0.26497 -3.42405e-07 0)
(-0.264981 -3.37469e-07 0)
(-0.264991 -3.25981e-07 0)
(-0.265001 -3.09461e-07 0)
(-0.26501 -2.89338e-07 0)
(-0.265019 -2.66624e-07 0)
(-0.265026 -2.42248e-07 0)
(-0.265033 -2.16011e-07 0)
(-0.265038 -1.89214e-07 0)
(-0.265043 -1.59774e-07 0)
(-0.265046 -1.26651e-07 0)
(-0.265048 -9.09339e-08 0)
(-0.265049 -5.83251e-08 0)
(-0.265049 -2.34875e-08 0)
(-0.265048 9.13589e-09 0)
(-0.265046 3.81678e-08 0)
(-0.265043 6.45445e-08 0)
(-0.26504 8.7867e-08 0)
(-0.265036 1.0682e-07 0)
(-0.265031 1.22359e-07 0)
(-0.265027 1.33199e-07 0)
(-0.265022 1.4055e-07 0)
(-0.265018 1.44067e-07 0)
(-0.265014 1.44302e-07 0)
(-0.265009 1.41412e-07 0)
(-0.265005 1.35995e-07 0)
(-0.265002 1.28593e-07 0)
(-0.264998 1.19876e-07 0)
(-0.264995 1.10044e-07 0)
(-0.264993 9.9852e-08 0)
(-0.26499 8.92701e-08 0)
(-0.264988 7.89517e-08 0)
(-0.264987 6.87427e-08 0)
(-0.264985 5.93041e-08 0)
(-0.264984 5.04621e-08 0)
(-0.264983 4.26045e-08 0)
(-0.264982 3.54559e-08 0)
(-0.264981 2.92953e-08 0)
(-0.264981 2.38591e-08 0)
(-0.26498 1.92899e-08 0)
(-0.26498 1.53647e-08 0)
(-0.26498 1.21503e-08 0)
(-0.26498 9.42717e-09 0)
(-0.264979 7.29503e-09 0)
(-0.264979 5.47558e-09 0)
(-0.264979 4.18914e-09 0)
(-0.264979 2.99735e-09 0)
(-0.264979 2.48124e-09 0)
(-0.264979 1.08068e-09 0)
(-0.264979 2.57071e-09 0)
(-0.264979 -2.28323e-09 0)
(-0.264979 1.84676e-08 0)
(-0.264977 3.84651e-08 0)
(-0.264983 6.27762e-07 0)
)
;
    }
    frontAndBack
    {
        type            empty;
    }
}


// ************************************************************************* //
