0.0505 	-1.886640829e-16 	0.05 	-3.762553501e-18 	0
0.0515 	-1.887856909e-16 	0.05 	2.551279182e-18 	0
0.0525 	-1.898792933e-16 	0.05 	6.806354525e-18 	0
0.0535 	-1.91946248e-16 	0.05 	7.120984804e-18 	0
0.0545 	-1.931322359e-16 	0.05 	9.839617891e-18 	0
0.0555 	-1.936559198e-16 	0.05 	1.212051609e-17 	0
0.0565 	-1.942500061e-16 	0.05 	3.925074892e-18 	0
0.0575 	-1.945923456e-16 	0.05 	-6.043175145e-18 	0
0.0585 	-1.949545911e-16 	0.05 	-7.701501773e-18 	0
0.0595 	-1.952761812e-16 	0.05 	-7.713960748e-18 	0
0.0605 	-1.953844552e-16 	0.05 	-1.062918119e-17 	0
0.0615 	-1.950116455e-16 	0.05 	-1.754507177e-17 	0
0.0625 	-1.942273182e-16 	0.05 	-3.096700473e-17 	0
0.0635 	-1.939409439e-16 	0.05 	-4.47824299e-17 	0
0.0645 	-1.940303767e-16 	0.05 	-5.106270403e-17 	0
0.0655 	-1.942066321e-16 	0.05 	-5.283518609e-17 	0
0.0665 	-1.954077888e-16 	0.05 	-5.419002654e-17 	0
0.0675 	-1.975814653e-16 	0.05 	-5.03914234e-17 	0
0.0685 	-1.992645166e-16 	0.05 	-3.697853148e-17 	0
0.0695 	-1.999075007e-16 	0.05 	-2.143130473e-17 	0
0.0705 	-2.005581086e-16 	0.05 	-1.543841384e-17 	0
0.0715 	-2.022366955e-16 	0.05 	-1.637965375e-17 	0
0.0725 	-2.044984922e-16 	0.05 	-1.34142609e-17 	0
0.0735 	-2.068507791e-16 	0.05 	-1.083728169e-17 	0
0.0745 	-2.085167633e-16 	0.05 	-1.199827318e-17 	0
0.0755 	-2.091993897e-16 	0.05 	-5.108868703e-18 	0
0.0765 	-2.098116878e-16 	0.05 	7.421306526e-18 	0
0.0775 	-2.104885231e-16 	0.05 	1.240584287e-17 	0
0.0785 	-2.11787659e-16 	0.05 	1.300375615e-17 	0
0.0795 	-2.137403004e-16 	0.05 	1.92879302e-17 	0
0.0805 	-2.152084553e-16 	0.05 	2.628205518e-17 	0
0.0815 	-2.158599442e-16 	0.05 	2.567492126e-17 	0
0.0825 	-2.164211672e-16 	0.05 	2.118404502e-17 	0
0.0835 	-2.173748711e-16 	0.05 	2.016378717e-17 	0
0.0845 	-2.181424303e-16 	0.05 	2.144770941e-17 	0
0.0855 	-2.184557838e-16 	0.05 	1.643075789e-17 	0
0.0865 	-2.18779077e-16 	0.05 	1.03453291e-17 	0
0.0875 	-2.200565861e-16 	0.05 	1.189630495e-17 	0
0.0885 	-2.217589925e-16 	0.05 	1.327665689e-17 	0
0.0895 	-2.226180257e-16 	0.05 	9.730208836e-18 	0
0.0905 	-2.230680358e-16 	0.05 	6.610065613e-18 	0
0.0915 	-2.23872932e-16 	0.05 	5.701808891e-18 	0
0.0925 	-2.255350452e-16 	0.05 	5.050496677e-18 	0
0.0935 	-2.270896454e-16 	0.05 	6.892159459e-18 	0
0.0945 	-2.278952651e-16 	0.05 	9.854121084e-18 	0
0.0955 	-2.294316898e-16 	0.05 	5.299098582e-18 	0
0.0965 	-2.315021513e-16 	0.05 	-2.848633496e-18 	0
0.0975 	-2.327112924e-16 	0.05 	-7.103026021e-18 	0
0.0985 	-2.333610834e-16 	0.05 	-9.568959925e-18 	0
0.0995 	-2.336658309e-16 	0.05 	-1.031090386e-17 	0
0.1005 	-2.333914724e-16 	0.05 	-1.193368629e-17 	0
0.1015 	-2.337475496e-16 	0.05 	-1.821381463e-17 	0
0.1025 	-2.350102998e-16 	0.05 	-2.691555527e-17 	0
0.1035 	-2.358630183e-16 	0.05 	-2.962549834e-17 	0
0.1045 	-2.369414008e-16 	0.05 	-2.040005479e-17 	0
0.1055 	-2.392336562e-16 	0.05 	-9.329643115e-18 	0
0.1065 	-2.411042375e-16 	0.05 	-5.168477243e-18 	0
0.1075 	-2.418948043e-16 	0.05 	-3.212452442e-18 	0
0.1085 	-2.4267134e-16 	0.05 	-3.667490188e-18 	0
0.1095 	-2.433553939e-16 	0.05 	-9.538319007e-18 	0
0.1105 	-2.442725352e-16 	0.05 	-1.420607113e-17 	0
0.1115 	-2.45455078e-16 	0.05 	-1.277993066e-17 	0
0.1125 	-2.464758322e-16 	0.05 	-1.330040356e-17 	0
0.1135 	-2.475585449e-16 	0.05 	-2.021284102e-17 	0
0.1145 	-2.4814937e-16 	0.05 	-2.672711102e-17 	0
0.1155 	-2.48649471e-16 	0.05 	-2.930046022e-17 	0
0.1165 	-2.50138195e-16 	0.05 	-2.579243961e-17 	0
0.1175 	-2.522667544e-16 	0.05 	-1.509296995e-17 	0
0.1185 	-2.535070496e-16 	0.05 	-2.497819024e-18 	0
0.1195 	-2.534236893e-16 	0.05 	6.725012451e-18 	0
0.1205 	-2.543052217e-16 	0.05 	1.253277617e-17 	0
0.1215 	-2.56236692e-16 	0.05 	1.775645528e-17 	0
0.1225 	-2.57461614e-16 	0.05 	2.354331765e-17 	0
0.1235 	-2.58803372e-16 	0.05 	3.042252755e-17 	0
0.1245 	-2.603233131e-16 	0.05 	3.614502407e-17 	0
0.1255 	-2.610786538e-16 	0.05 	3.411284488e-17 	0
0.1265 	-2.614683131e-16 	0.05 	2.647675494e-17 	0
0.1275 	-2.617474052e-16 	0.05 	1.884034563e-17 	0
0.1285 	-2.617845977e-16 	0.05 	5.199576968e-18 	0
0.1295 	-2.61778855e-16 	0.05 	-1.001476038e-17 	0
0.1305 	-2.618155299e-16 	0.05 	-1.319043839e-17 	0
0.1315 	-2.61566027e-16 	0.05 	-1.49860733e-17 	0
0.1325 	-2.615348969e-16 	0.05 	-2.498358494e-17 	0
0.1335 	-2.629364886e-16 	0.05 	-2.804973903e-17 	0
0.1345 	-2.652358043e-16 	0.05 	-1.69728256e-17 	0
0.1355 	-2.66738109e-16 	0.05 	-5.138214743e-18 	0
0.1365 	-2.668692336e-16 	0.05 	1.890503224e-19 	0
0.1375 	-2.668169657e-16 	0.05 	7.467599541e-18 	0
0.1385 	-2.673258064e-16 	0.05 	1.743051103e-17 	0
0.1395 	-2.677632006e-16 	0.05 	2.2781989e-17 	0
0.1405 	-2.682713074e-16 	0.05 	2.34649777e-17 	0
0.1415 	-2.68178496e-16 	0.05 	2.118978743e-17 	0
0.1425 	-2.674800021e-16 	0.05 	1.601199643e-17 	0
0.1435 	-2.678434921e-16 	0.05 	7.002805952e-18 	0
0.1445 	-2.685104668e-16 	0.05 	-1.014038657e-17 	0
0.1455 	-2.686871395e-16 	0.05 	-2.56698853e-17 	0
0.1465 	-2.690102125e-16 	0.05 	-2.557348054e-17 	0
0.1475 	-2.698754192e-16 	0.05 	-1.955370656e-17 	0
0.1485 	-2.716003851e-16 	0.05 	-1.732346166e-17 	0
0.1495 	-2.738524884e-16 	0.05 	-1.404481616e-17 	0
0.1505 	-2.758136381e-16 	0.05 	-2.579232353e-18 	0
0.1515 	-2.769009741e-16 	0.05 	1.623864385e-17 	0
0.1525 	-2.779043767e-16 	0.05 	2.753463675e-17 	0
0.1535 	-2.790897193e-16 	0.05 	2.219731396e-17 	0
0.1545 	-2.799038119e-16 	0.05 	8.967543621e-18 	0
0.1555 	-2.809753375e-16 	0.05 	2.847439486e-18 	0
0.1565 	-2.821730115e-16 	0.05 	9.090397378e-18 	0
0.1575 	-2.831334903e-16 	0.05 	1.390042156e-17 	0
0.1585 	-2.836484853e-16 	0.05 	1.312183765e-17 	0
0.1595 	-2.839759662e-16 	0.05 	1.95933612e-17 	0
0.1605 	-2.852300149e-16 	0.05 	2.407428907e-17 	0
0.1615 	-2.866041371e-16 	0.05 	1.772391905e-17 	0
0.1625 	-2.87077072e-16 	0.05 	1.501318105e-17 	0
0.1635 	-2.871341436e-16 	0.05 	1.464378932e-17 	0
0.1645 	-2.878260755e-16 	0.05 	1.284795605e-17 	0
0.1655 	-2.890984703e-16 	0.05 	2.083953663e-17 	0
0.1665 	-2.895931507e-16 	0.05 	3.493950846e-17 	0
0.1675 	-2.894926744e-16 	0.05 	3.926677552e-17 	0
0.1685 	-2.89425952e-16 	0.05 	3.410325504e-17 	0
0.1695 	-2.899247445e-16 	0.05 	3.089708404e-17 	0
0.1705 	-2.911136477e-16 	0.05 	3.122307411e-17 	0
0.1715 	-2.915024762e-16 	0.05 	2.873569854e-17 	0
0.1725 	-2.914536479e-16 	0.05 	2.334374811e-17 	0
0.1735 	-2.920075439e-16 	0.05 	2.059351947e-17 	0
0.1745 	-2.9206857e-16 	0.05 	1.587336896e-17 	0
0.1755 	-2.913135708e-16 	0.05 	1.199092565e-17 	0
0.1765 	-2.910443791e-16 	0.05 	1.450628439e-17 	0
0.1775 	-2.916899535e-16 	0.05 	1.177714629e-17 	0
0.1785 	-2.920803185e-16 	0.05 	2.864228406e-18 	0
0.1795 	-2.919494014e-16 	0.05 	-8.582730952e-19 	0
0.1805 	-2.921117614e-16 	0.05 	1.883117895e-18 	0
0.1815 	-2.925322861e-16 	0.05 	3.589034167e-18 	0
0.1825 	-2.929482865e-16 	0.05 	3.350074693e-18 	0
0.1835 	-2.932299379e-16 	0.05 	2.996817594e-18 	0
0.1845 	-2.93476203e-16 	0.05 	1.485710894e-18 	0
0.1855 	-2.939829502e-16 	0.05 	6.094990289e-18 	0
0.1865 	-2.940063388e-16 	0.05 	1.597056608e-17 	0
0.1875 	-2.93501866e-16 	0.05 	1.618398497e-17 	0
0.1885 	-2.935732425e-16 	0.05 	1.217869184e-17 	0
0.1895 	-2.939983033e-16 	0.05 	2.212481967e-17 	0
0.1905 	-2.942908137e-16 	0.05 	3.223793663e-17 	0
0.1915 	-2.940247857e-16 	0.05 	2.11958054e-17 	0
0.1925 	-2.926236554e-16 	0.05 	8.270671028e-19 	0
0.1935 	-2.917926033e-16 	0.05 	-7.603618865e-18 	0
0.1945 	-2.930720984e-16 	0.05 	-5.069393358e-19 	0
0.1955 	-2.944332455e-16 	0.05 	9.037026288e-18 	0
0.1965 	-2.94621687e-16 	0.05 	9.981602043e-18 	0
0.1975 	-2.949263207e-16 	0.05 	1.387380835e-18 	0
0.1985 	-2.954473173e-16 	0.05 	-6.102300318e-18 	0
0.1995 	-2.955533006e-16 	0.05 	-4.123759931e-18 	0
0.2005 	-2.955466583e-16 	0.05 	-7.568340394e-18 	0
0.2015 	-2.952800318e-16 	0.05 	-1.528211373e-17 	0
0.2025 	-2.946365699e-16 	0.05 	-1.287209273e-17 	0
0.2035 	-2.943070903e-16 	0.05 	-9.467617142e-18 	0
0.2045 	-2.943039344e-16 	0.05 	-1.204076818e-17 	0
0.2055 	-2.944563462e-16 	0.05 	-1.981477103e-17 	0
0.2065 	-2.942431444e-16 	0.05 	-2.652545035e-17 	0
0.2075 	-2.937244683e-16 	0.05 	-2.735517334e-17 	0
0.2085 	-2.937601218e-16 	0.05 	-2.791616915e-17 	0
0.2095 	-2.935938162e-16 	0.05 	-2.726517455e-17 	0
0.2105 	-2.92959131e-16 	0.05 	-2.498349033e-17 	0
0.2115 	-2.923585919e-16 	0.05 	-2.043737455e-17 	0
0.2125 	-2.922711325e-16 	0.05 	-8.53758872e-18 	0
0.2135 	-2.926367239e-16 	0.05 	1.012209309e-19 	0
0.2145 	-2.922219463e-16 	0.05 	-3.777275357e-18 	0
0.2155 	-2.917979372e-16 	0.05 	-1.822658684e-18 	0
0.2165 	-2.924246188e-16 	0.05 	1.369617654e-17 	0
0.2175 	-2.931361803e-16 	0.05 	1.687508096e-17 	0
0.2185 	-2.933563172e-16 	0.05 	2.253276901e-18 	0
0.2195 	-2.931685569e-16 	0.05 	-7.764875219e-18 	0
0.2205 	-2.923030813e-16 	0.05 	-9.982076726e-18 	0
0.2215 	-2.912007938e-16 	0.05 	-8.920079966e-18 	0
0.2225 	-2.90965836e-16 	0.05 	-9.54936501e-18 	0
0.2235 	-2.912292442e-16 	0.05 	-1.830568077e-17 	0
0.2245 	-2.912232489e-16 	0.05 	-2.402411042e-17 	0
0.2255 	-2.911185404e-16 	0.05 	-2.156254113e-17 	0
0.2265 	-2.910337485e-16 	0.05 	-2.111504657e-17 	0
0.2275 	-2.910036036e-16 	0.05 	-2.14352846e-17 	0
0.2285 	-2.909965939e-16 	0.05 	-5.630762635e-18 	0
0.2295 	-2.915441152e-16 	0.05 	1.970492967e-17 	0
0.2305 	-2.932280772e-16 	0.05 	2.618481656e-17 	0
0.2315 	-2.944790037e-16 	0.05 	1.858992239e-17 	0
0.2325 	-2.943745913e-16 	0.05 	1.696394216e-17 	0
0.2335 	-2.945229146e-16 	0.05 	2.388143828e-17 	0
0.2345 	-2.94643063e-16 	0.05 	3.539088704e-17 	0
0.2355 	-2.93540192e-16 	0.05 	3.47618559e-17 	0
0.2365 	-2.923516445e-16 	0.05 	1.973710607e-17 	0
0.2375 	-2.915496167e-16 	0.05 	5.520052982e-18 	0
0.2385 	-2.902810388e-16 	0.05 	-1.527103794e-17 	0
0.2395 	-2.893367127e-16 	0.05 	-3.05412314e-17 	0
0.2405 	-2.894230415e-16 	0.05 	-1.950927489e-17 	0
0.2415 	-2.900004052e-16 	0.05 	-2.02259601e-18 	0
0.2425 	-2.911012189e-16 	0.05 	7.203279808e-18 	0
0.2435 	-2.91563748e-16 	0.05 	1.460816934e-17 	0
0.2445 	-2.904352471e-16 	0.05 	1.957119683e-17 	0
0.2455 	-2.892549018e-16 	0.05 	2.023930611e-17 	0
0.2465 	-2.890454954e-16 	0.05 	1.995322741e-17 	0
0.2475 	-2.891846856e-16 	0.05 	1.635871354e-17 	0
0.2485 	-2.893030628e-16 	0.05 	1.498998974e-17 	0
0.2495 	-2.889511767e-16 	0.05 	1.84662106e-17 	0
0.2505 	-2.877644626e-16 	0.05 	1.187050607e-17 	0
0.2515 	-2.866274361e-16 	0.05 	1.052690939e-18 	0
0.2525 	-2.860064813e-16 	0.05 	-2.589174602e-19 	0
0.2535 	-2.856805576e-16 	0.05 	3.390493472e-18 	0
0.2545 	-2.853734719e-16 	0.05 	7.497931187e-18 	0
0.2555 	-2.846126749e-16 	0.05 	1.150598854e-17 	0
0.2565 	-2.832579553e-16 	0.05 	1.867636745e-17 	0
0.2575 	-2.818895445e-16 	0.05 	2.426839965e-17 	0
0.2585 	-2.810456348e-16 	0.05 	2.114344491e-17 	0
0.2595 	-2.804926909e-16 	0.05 	1.220748944e-17 	0
0.2605 	-2.794886658e-16 	0.05 	3.55993414e-19 	0
0.2615 	-2.78147717e-16 	0.05 	3.29346984e-18 	0
0.2625 	-2.776951311e-16 	0.05 	1.257112115e-17 	0
0.2635 	-2.776895101e-16 	0.05 	6.66962672e-19 	0
0.2645 	-2.766687768e-16 	0.05 	-1.203842308e-17 	0
0.2655 	-2.751028443e-16 	0.05 	-1.129539508e-17 	0
0.2665 	-2.739572509e-16 	0.05 	-8.684560199e-18 	0
0.2675 	-2.730337738e-16 	0.05 	-6.24697375e-18 	0
0.2685 	-2.719824923e-16 	0.05 	8.162850633e-18 	0
0.2695 	-2.702105444e-16 	0.05 	2.610418199e-17 	0
0.2705 	-2.678348984e-16 	0.05 	1.682552851e-17 	0
0.2715 	-2.661388853e-16 	0.05 	4.62643609e-19 	0
0.2725 	-2.649199228e-16 	0.05 	2.972778498e-18 	0
0.2735 	-2.638301189e-16 	0.05 	1.825810546e-18 	0
0.2745 	-2.634366697e-16 	0.05 	-5.216093059e-18 	0
0.2755 	-2.633816937e-16 	0.05 	-5.736842056e-18 	0
0.2765 	-2.633737781e-16 	0.05 	-9.165719667e-18 	0
0.2775 	-2.62844529e-16 	0.05 	-1.271331017e-17 	0
0.2785 	-2.616377555e-16 	0.05 	-1.066787423e-17 	0
0.2795 	-2.605854593e-16 	0.05 	-2.633352815e-18 	0
0.2805 	-2.592005235e-16 	0.05 	4.47886353e-18 	0
0.2815 	-2.577497899e-16 	0.05 	-4.85817681e-18 	0
0.2825 	-2.573374452e-16 	0.05 	-6.110797111e-18 	0
0.2835 	-2.569848339e-16 	0.05 	8.555671767e-18 	0
0.2845 	-2.556927041e-16 	0.05 	4.585426532e-18 	0
0.2855 	-2.539572895e-16 	0.05 	-8.846877841e-18 	0
0.2865 	-2.525635572e-16 	0.05 	-1.237814153e-17 	0
0.2875 	-2.522524531e-16 	0.05 	-2.034209396e-18 	0
0.2885 	-2.519304933e-16 	0.05 	1.238180414e-17 	0
0.2895 	-2.498281276e-16 	0.05 	-2.152282638e-18 	0
0.2905 	-2.473307845e-16 	0.05 	-3.422018792e-17 	0
0.2915 	-2.462773016e-16 	0.05 	-4.686623404e-17 	0
0.2925 	-2.457719402e-16 	0.05 	-3.631470244e-17 	0
0.2935 	-2.45117069e-16 	0.05 	-2.028715499e-17 	0
0.2945 	-2.451222298e-16 	0.05 	-1.185292636e-17 	0
0.2955 	-2.451029359e-16 	0.05 	-5.361675333e-18 	0
0.2965 	-2.438262047e-16 	0.05 	4.733089879e-18 	0
0.2975 	-2.421495608e-16 	0.05 	1.064083391e-17 	0
0.2985 	-2.410232374e-16 	0.05 	9.365988207e-18 	0
0.2995 	-2.402524178e-16 	0.05 	5.920605569e-18 	0
0.3005 	-2.39932363e-16 	0.05 	1.671017478e-19 	0
0.3015 	-2.399794705e-16 	0.05 	-6.945628024e-18 	0
0.3025 	-2.400696526e-16 	0.05 	-6.6537251e-18 	0
0.3035 	-2.397551621e-16 	0.05 	4.862079258e-19 	0
0.3045 	-2.386199417e-16 	0.05 	7.336888358e-19 	0
0.3055 	-2.379849368e-16 	0.05 	2.248604394e-18 	0
0.3065 	-2.384202252e-16 	0.05 	6.778068863e-18 	0
0.3075 	-2.386803424e-16 	0.05 	1.243971662e-18 	0
0.3085 	-2.383934233e-16 	0.05 	5.977051497e-18 	0
0.3095 	-2.377748191e-16 	0.05 	1.799455148e-17 	0
0.3105 	-2.363952863e-16 	0.05 	1.280808946e-17 	0
0.3115 	-2.343359064e-16 	0.05 	3.799205419e-18 	0
0.3125 	-2.325368371e-16 	0.05 	5.379167476e-18 	0
0.3135 	-2.310725037e-16 	0.05 	1.202402662e-17 	0
0.3145 	-2.296771545e-16 	0.05 	7.433543776e-18 	0
0.3155 	-2.285043348e-16 	0.05 	-5.767576625e-18 	0
0.3165 	-2.28041543e-16 	0.05 	-7.763375117e-18 	0
0.3175 	-2.28311795e-16 	0.05 	-2.41151813e-18 	0
0.3185 	-2.281178879e-16 	0.05 	1.02235457e-17 	0
0.3195 	-2.269992086e-16 	0.05 	2.49067236e-17 	0
0.3205 	-2.253815193e-16 	0.05 	1.661806561e-17 	0
0.3215 	-2.232901147e-16 	0.05 	-6.572169237e-19 	0
0.3225 	-2.209858147e-16 	0.05 	-1.173542716e-17 	0
0.3235 	-2.189328497e-16 	0.05 	-3.496173636e-17 	0
0.3245 	-2.179960276e-16 	0.05 	-5.207729974e-17 	0
0.3255 	-2.179308789e-16 	0.05 	-4.193011142e-17 	0
0.3265 	-2.169334499e-16 	0.05 	-2.750880558e-17 	0
0.3275 	-2.161447659e-16 	0.05 	-1.604725818e-17 	0
0.3285 	-2.169455844e-16 	0.05 	-3.908269934e-18 	0
0.3295 	-2.170367542e-16 	0.05 	1.137484262e-19 	0
0.3305 	-2.159754093e-16 	0.05 	-3.432068422e-18 	0
0.3315 	-2.148969201e-16 	0.05 	-1.09460357e-17 	0
0.3325 	-2.136468293e-16 	0.05 	-2.320075841e-17 	0
0.3335 	-2.128332827e-16 	0.05 	-3.060885701e-17 	0
0.3345 	-2.12100773e-16 	0.05 	-1.774631565e-17 	0
0.3355 	-2.115017827e-16 	0.05 	3.420941135e-18 	0
0.3365 	-2.119060914e-16 	0.05 	1.332817355e-17 	0
0.3375 	-2.115682738e-16 	0.05 	1.193251753e-17 	0
0.3385 	-2.100654032e-16 	0.05 	5.567436895e-18 	0
0.3395 	-2.091254403e-16 	0.05 	1.067189776e-17 	0
0.3405 	-2.086248286e-16 	0.05 	2.570795271e-17 	0
0.3415 	-2.079929389e-16 	0.05 	2.567476579e-17 	0
0.3425 	-2.065133988e-16 	0.05 	1.994839106e-17 	0
0.3435 	-2.044989663e-16 	0.05 	3.190686264e-17 	0
0.3445 	-2.041871477e-16 	0.05 	4.903374474e-17 	0
0.3455 	-2.043368578e-16 	0.05 	3.926717368e-17 	0
0.3465 	-2.028911141e-16 	0.05 	1.835815741e-17 	0
0.3475 	-2.014868183e-16 	0.05 	3.471382021e-17 	0
0.3485 	-2.011729214e-16 	0.05 	4.95198528e-17 	0
0.3495 	-2.006032487e-16 	0.05 	1.553315904e-17 	0
0.3505 	-1.990116772e-16 	0.05 	-1.534460019e-17 	0
0.3515 	-1.974511672e-16 	0.05 	-8.401434536e-18 	0
0.3525 	-1.968638729e-16 	0.05 	3.931893956e-18 	0
0.3535 	-1.958438983e-16 	0.05 	-8.189798475e-18 	0
0.3545 	-1.931284218e-16 	0.05 	-3.299607421e-17 	0
0.3555 	-1.914245179e-16 	0.05 	-2.842211457e-17 	0
0.3565 	-1.916234305e-16 	0.05 	-5.168575279e-18 	0
0.3575 	-1.91191173e-16 	0.05 	-1.006438305e-17 	0
0.3585 	-1.894981408e-16 	0.05 	-1.932567126e-17 	0
0.3595 	-1.875559026e-16 	0.05 	2.437221316e-18 	0
0.3605 	-1.869567726e-16 	0.05 	2.682791725e-17 	0
0.3615 	-1.874256759e-16 	0.05 	2.58100496e-17 	0
0.3625 	-1.869847532e-16 	0.05 	1.921727037e-17 	0
0.3635 	-1.857426871e-16 	0.05 	2.88258322e-17 	0
0.3645 	-1.85418113e-16 	0.05 	3.584662247e-17 	0
0.3655 	-1.860174987e-16 	0.05 	1.652229498e-17 	0
0.3665 	-1.853735535e-16 	0.05 	4.689679032e-18 	0
0.3675 	-1.833668937e-16 	0.05 	2.781806266e-17 	0
0.3685 	-1.822296219e-16 	0.05 	3.725835251e-17 	0
0.3695 	-1.815197112e-16 	0.05 	6.305941534e-18 	0
0.3705 	-1.798828664e-16 	0.05 	-2.278864841e-17 	0
0.3715 	-1.781361544e-16 	0.05 	-1.538638406e-17 	0
0.3725 	-1.765265682e-16 	0.05 	3.142756388e-18 	0
0.3735 	-1.745643392e-16 	0.05 	-8.58491583e-19 	0
0.3745 	-1.722521084e-16 	0.05 	-1.30506012e-17 	0
0.3755 	-1.706463041e-16 	0.05 	-7.457365141e-18 	0
0.3765 	-1.703000207e-16 	0.05 	-1.238390425e-19 	0
0.3775 	-1.692912914e-16 	0.05 	-2.025667017e-17 	0
0.3785 	-1.666936726e-16 	0.05 	-3.801474975e-17 	0
0.3795 	-1.644007261e-16 	0.05 	-2.090745719e-17 	0
0.3805 	-1.642074421e-16 	0.05 	-6.215245527e-18 	0
0.3815 	-1.647838595e-16 	0.05 	-1.803472678e-17 	0
0.3825 	-1.636161545e-16 	0.05 	-2.496327931e-17 	0
0.3835 	-1.612640537e-16 	0.05 	-1.01774658e-17 	0
0.3845 	-1.596791723e-16 	0.05 	7.131396574e-18 	0
0.3855 	-1.586321268e-16 	0.05 	-2.453065087e-19 	0
0.3865 	-1.563784494e-16 	0.05 	-1.385316293e-17 	0
0.3875 	-1.538156582e-16 	0.05 	1.921534683e-18 	0
0.3885 	-1.532187291e-16 	0.05 	1.888132991e-17 	0
0.3895 	-1.52824049e-16 	0.05 	4.615883534e-18 	0
0.3905 	-1.511375135e-16 	0.05 	-1.639517487e-17 	0
0.3915 	-1.501995099e-16 	0.05 	-1.115435544e-17 	0
0.3925 	-1.502787965e-16 	0.05 	1.008845661e-18 	0
0.3935 	-1.49539868e-16 	0.05 	-5.504779229e-18 	0
0.3945 	-1.477879846e-16 	0.05 	2.824036792e-18 	0
0.3955 	-1.460472936e-16 	0.05 	3.026158108e-17 	0
0.3965 	-1.448334233e-16 	0.05 	3.188593957e-17 	0
0.3975 	-1.439797442e-16 	0.05 	6.200201721e-18 	0
0.3985 	-1.426314639e-16 	0.05 	-1.033111168e-17 	0
0.3995 	-1.412128292e-16 	0.05 	3.393669823e-18 	0
0.4005 	-1.403403388e-16 	0.05 	1.103420255e-17 	0
0.4015 	-1.388422257e-16 	0.05 	-2.201862732e-17 	0
0.4025 	-1.367901274e-16 	0.05 	-4.882203761e-17 	0
0.4035 	-1.358030257e-16 	0.05 	-3.158463451e-17 	0
0.4045 	-1.358312261e-16 	0.05 	-3.743823313e-18 	0
0.4055 	-1.350007164e-16 	0.05 	3.199650387e-18 	0
0.4065 	-1.330090706e-16 	0.05 	-1.441803338e-18 	0
0.4075 	-1.317480699e-16 	0.05 	1.833141418e-19 	0
0.4085 	-1.311255932e-16 	0.05 	-3.157709714e-19 	0
0.4095 	-1.297244559e-16 	0.05 	-5.683902956e-19 	0
0.4105 	-1.2832453e-16 	0.05 	1.012016528e-17 	0
0.4115 	-1.271800671e-16 	0.05 	6.294335528e-18 	0
0.4125 	-1.256564758e-16 	0.05 	-6.36492008e-18 	0
0.4135 	-1.248952461e-16 	0.05 	-7.105534071e-18 	0
0.4145 	-1.246712266e-16 	0.05 	-1.690781306e-17 	0
0.4155 	-1.237349337e-16 	0.05 	-2.80066599e-17 	0
0.4165 	-1.234086909e-16 	0.05 	-1.95046233e-17 	0
0.4175 	-1.239911235e-16 	0.05 	-3.706644265e-18 	0
0.4185 	-1.235583543e-16 	0.05 	1.540742654e-17 	0
0.4195 	-1.217003309e-16 	0.05 	3.046113957e-17 	0
0.4205 	-1.198507531e-16 	0.05 	2.972199509e-17 	0
0.4215 	-1.185502111e-16 	0.05 	2.380849236e-17 	0
0.4225 	-1.170534995e-16 	0.05 	1.773579713e-17 	0
0.4235 	-1.155596047e-16 	0.05 	1.02925286e-17 	0
0.4245 	-1.141826225e-16 	0.05 	7.557093754e-18 	0
0.4255 	-1.125905619e-16 	0.05 	1.01405581e-17 	0
0.4265 	-1.114164574e-16 	0.05 	9.749412332e-18 	0
0.4275 	-1.109595024e-16 	0.05 	8.37293174e-18 	0
0.4285 	-1.103821396e-16 	0.05 	8.186720397e-18 	0
0.4295 	-1.088837663e-16 	0.05 	2.665961147e-18 	0
0.4305 	-1.070014828e-16 	0.05 	1.229478213e-18 	0
0.4315 	-1.053894906e-16 	0.05 	2.823861903e-18 	0
0.4325 	-1.036877234e-16 	0.05 	-3.951255991e-18 	0
0.4335 	-1.020278336e-16 	0.05 	-6.404681014e-18 	0
0.4345 	-1.004143584e-16 	0.05 	-6.498789195e-18 	0
0.4355 	-9.822608943e-17 	0.05 	-4.288541722e-18 	0
0.4365 	-9.601581086e-17 	0.05 	1.034026502e-17 	0
0.4375 	-9.459160415e-17 	0.05 	1.20587051e-17 	0
0.4385 	-9.308094089e-17 	0.05 	7.148063837e-18 	0
0.4395 	-9.111371652e-17 	0.05 	1.541162695e-17 	0
0.4405 	-9.025631412e-17 	0.05 	1.335153962e-17 	0
0.4415 	-8.993688843e-17 	0.05 	-5.658982712e-19 	0
0.4425 	-8.878385937e-17 	0.05 	-4.313433628e-18 	0
0.4435 	-8.772472933e-17 	0.05 	7.598134483e-18 	0
0.4445 	-8.622489294e-17 	0.05 	1.549327969e-17 	0
0.4455 	-8.39236398e-17 	0.05 	1.29470394e-17 	0
0.4465 	-8.239380676e-17 	0.05 	1.190217202e-17 	0
0.4475 	-8.102673202e-17 	0.05 	5.927649188e-19 	0
0.4485 	-7.910632184e-17 	0.05 	-6.739419328e-18 	0
0.4495 	-7.811623385e-17 	0.05 	7.145495606e-18 	0
