# Force and moment coefficients
# dragDir       : (9.51055966e-01 3.09018689e-01 0.00000000e+00)
# sideDir       : (0.00000000e+00 0.00000000e+00 -1.00000000e+00)
# liftDir       : (-3.09018689e-01 9.51055966e-01 0.00000000e+00)
# rollAxis      : (9.51055966e-01 3.09018689e-01 0.00000000e+00)
# pitchAxis     : (0.00000000e+00 0.00000000e+00 -1.00000000e+00)
# yawAxis       : (-3.09018689e-01 9.51055966e-01 0.00000000e+00)
# magUInf       : 4.50000000e+01
# lRef          : 1.00000000e+00
# Aref          : 1.00000000e-01
# CofR          : (2.50000000e-01 0.00000000e+00 0.00000000e+00)
#
# Time          	Cd              	Cd(f)           	Cd(r)           	Cl              	Cl(f)           	Cl(r)           	CmPitch         	CmRoll          	CmYaw           	Cs              	Cs(f)           	Cs(r)           
50              	2.25501428e-01	1.12752245e-01	1.12749182e-01	9.77378936e-01	4.59178556e-01	5.18200380e-01	-2.95109124e-02	1.53149414e-06	-1.45381093e-05	-1.89613026e-05	-2.40187606e-05	5.05745802e-06
100             	2.41062467e-01	1.20548295e-01	1.20514172e-01	1.11152685e+00	5.26324290e-01	5.85202564e-01	-2.94391366e-02	1.70612713e-05	-5.63309183e-06	5.10080733e-06	-3.08268817e-06	8.18349549e-06
150             	2.38518830e-01	1.19267834e-01	1.19250996e-01	1.09842639e+00	5.20826807e-01	5.77599581e-01	-2.83863870e-02	8.41873227e-06	6.85411733e-06	1.33372417e-05	1.35227382e-05	-1.85496476e-07
200             	2.38956772e-01	1.19479841e-01	1.19476931e-01	1.10210524e+00	5.22451518e-01	5.79653721e-01	-2.86011018e-02	1.45532135e-06	-1.55845120e-05	-2.04325526e-05	-2.58007883e-05	5.36823575e-06
250             	2.38904636e-01	1.19456277e-01	1.19448359e-01	1.10139246e+00	5.22088700e-01	5.79303761e-01	-2.86075305e-02	3.95866258e-06	-5.21383150e-06	-5.30990152e-06	-7.86878226e-06	2.55888074e-06
300             	2.38939658e-01	1.19474553e-01	1.19465105e-01	1.10162224e+00	5.22210150e-01	5.79412090e-01	-2.86009698e-02	4.72392944e-06	-3.04517980e-06	-1.66588794e-06	-3.87812377e-06	2.21223584e-06
350             	2.38891831e-01	1.19443711e-01	1.19448121e-01	1.10149837e+00	5.22171996e-01	5.79326373e-01	-2.85771886e-02	-2.20495126e-06	-2.66448455e-05	-3.63052151e-05	-4.47974530e-05	8.49223797e-06
400             	2.38901571e-01	1.19461777e-01	1.19439794e-01	1.10163206e+00	5.22247729e-01	5.79384331e-01	-2.85683009e-02	1.09913898e-05	1.62953598e-05	2.67968662e-05	2.96937928e-05	-2.89692668e-06
450             	2.38926571e-01	1.19468489e-01	1.19458082e-01	1.10151269e+00	5.22139467e-01	5.79373226e-01	-2.86168795e-02	5.20360939e-06	-4.65509450e-06	-4.30293569e-06	-6.80656234e-06	2.50362665e-06
500             	2.38912420e-01	1.19467698e-01	1.19444722e-01	1.10158302e+00	5.22202975e-01	5.79380048e-01	-2.85885365e-02	1.14876503e-05	1.73912682e-05	2.82649286e-05	3.15237325e-05	-3.25880387e-06
550             	2.38928923e-01	1.19463135e-01	1.19465787e-01	1.10148270e+00	5.22129773e-01	5.79352931e-01	-2.86115788e-02	-1.32600895e-06	-2.49702883e-05	-3.37600346e-05	-4.18503056e-05	8.09027102e-06
600             	2.38914265e-01	1.19461115e-01	1.19453150e-01	1.10152027e+00	5.22168062e-01	5.79352209e-01	-2.85920735e-02	3.98250634e-06	-1.01601944e-05	-1.16295293e-05	-1.59749591e-05	4.34542975e-06
650             	2.38883466e-01	1.19449089e-01	1.19434377e-01	1.10157055e+00	5.22227577e-01	5.79342972e-01	-2.85576978e-02	7.35625835e-06	6.03514155e-06	1.16828268e-05	1.18765549e-05	-1.93728160e-07
700             	2.38930530e-01	1.19463122e-01	1.19467408e-01	1.10170549e+00	5.22261396e-01	5.79444094e-01	-2.85913486e-02	-2.14325538e-06	-2.74786455e-05	-3.76008322e-05	-4.62790616e-05	8.67822946e-06
750             	2.38870985e-01	1.19438685e-01	1.19432300e-01	1.10161280e+00	5.22280582e-01	5.79332217e-01	-2.85258173e-02	3.19283705e-06	-4.70162280e-06	-4.96243591e-06	-7.18284076e-06	2.22040485e-06
800             	2.38937794e-01	1.19471614e-01	1.19466179e-01	1.10181374e+00	5.22303660e-01	5.79510079e-01	-2.86032098e-02	2.71761488e-06	-1.06842212e-05	-1.30495292e-05	-1.72089858e-05	4.15945663e-06
850             	2.38934262e-01	1.19472403e-01	1.19461859e-01	1.10148188e+00	5.22106447e-01	5.79375432e-01	-2.86344924e-02	5.27214383e-06	-1.74582116e-06	-4.28434953e-07	-1.96003864e-06	1.53160368e-06
900             	2.38915880e-01	1.19464069e-01	1.19451810e-01	1.10135948e+00	5.22058978e-01	5.79300502e-01	-2.86207620e-02	6.12959290e-06	4.92794714e-07	3.14587971e-06	2.06573457e-06	1.08014514e-06
950             	2.38921069e-01	1.19463540e-01	1.19457528e-01	1.10152734e+00	5.22170756e-01	5.79356580e-01	-2.85929122e-02	3.00599456e-06	-6.30567034e-06	-7.14565690e-06	-9.87849880e-06	2.73284189e-06
1000            	2.38904908e-01	1.19456141e-01	1.19448768e-01	1.10154664e+00	5.22189000e-01	5.79357639e-01	-2.85843196e-02	3.68663726e-06	-6.06137854e-06	-6.27688146e-06	-9.19981927e-06	2.92293782e-06
1050            	2.38885265e-01	1.19446882e-01	1.19438383e-01	1.10157598e+00	5.22241784e-01	5.79334199e-01	-2.85462078e-02	4.24944835e-06	-3.17757381e-06	-2.85328282e-06	-4.60421521e-06	1.75093240e-06
1100            	2.38900997e-01	1.19454403e-01	1.19446594e-01	1.10174003e+00	5.22317169e-01	5.79422864e-01	-2.85528475e-02	3.90467395e-06	-6.27021120e-06	-6.42964191e-06	-9.48503216e-06	3.05539025e-06
1150            	2.38872710e-01	1.19446376e-01	1.19426334e-01	1.10177442e+00	5.22366835e-01	5.79407582e-01	-2.85203733e-02	1.00213086e-05	1.52573482e-05	2.48553873e-05	2.76850418e-05	-2.82965456e-06
1200            	2.38921363e-01	1.19459423e-01	1.19461940e-01	1.10179635e+00	5.22312423e-01	5.79483922e-01	-2.85857496e-02	-1.25828201e-06	-2.65145203e-05	-3.57323894e-05	-4.43807150e-05	8.64832558e-06
1250            	2.38911619e-01	1.19460666e-01	1.19450954e-01	1.10165041e+00	5.22247993e-01	5.79402416e-01	-2.85772115e-02	4.85616621e-06	-6.56202981e-06	-6.30256926e-06	-9.71331444e-06	3.41074519e-06
1300            	2.38906257e-01	1.19456645e-01	1.19449612e-01	1.10155214e+00	5.22186141e-01	5.79366004e-01	-2.85899315e-02	3.51664008e-06	-5.24749556e-06	-5.76801417e-06	-8.13150265e-06	2.36348848e-06
1350            	2.38912736e-01	1.19455684e-01	1.19457052e-01	1.10158870e+00	5.22203495e-01	5.79385208e-01	-2.85908568e-02	-6.83867993e-07	-2.12605451e-05	-2.89886201e-05	-3.57548551e-05	6.76623508e-06
1400            	2.38908869e-01	1.19453824e-01	1.19455044e-01	1.10149524e+00	5.22159125e-01	5.79336114e-01	-2.85884944e-02	-6.10117725e-07	-2.04432003e-05	-2.76943668e-05	-3.42903837e-05	6.59601695e-06
1450            	2.38902569e-01	1.19456334e-01	1.19446235e-01	1.10155821e+00	5.22200828e-01	5.79357385e-01	-2.85782788e-02	5.04913854e-06	-1.91848419e-06	-3.33235412e-07	-2.08510190e-06	1.75186649e-06
1500            	2.38902692e-01	1.19452416e-01	1.19450276e-01	1.10176300e+00	5.22339441e-01	5.79423562e-01	-2.85420603e-02	1.06969258e-06	-1.52886280e-05	-1.97771011e-05	-2.51771785e-05	5.40007746e-06
1550            	2.38887938e-01	1.19449016e-01	1.19438922e-01	1.10179773e+00	5.22381390e-01	5.79416341e-01	-2.85174752e-02	5.04702667e-06	-4.97472861e-06	-4.42081673e-06	-7.18513698e-06	2.76432024e-06
1600            	2.38952539e-01	1.19479225e-01	1.19473314e-01	1.10157955e+00	5.22143101e-01	5.79436449e-01	-2.86466740e-02	2.95589028e-06	-1.05631111e-05	-1.24495950e-05	-1.67879086e-05	4.33831363e-06
1650            	2.38921824e-01	1.19465119e-01	1.19456705e-01	1.10138789e+00	5.22079546e-01	5.79308345e-01	-2.86143994e-02	4.20745722e-06	-5.84417695e-06	-5.92915690e-06	-8.80875540e-06	2.87959850e-06
1700            	2.38916179e-01	1.19462053e-01	1.19454126e-01	1.10151219e+00	5.22157313e-01	5.79354880e-01	-2.85987833e-02	3.96324728e-06	-9.37519975e-06	-1.04318252e-05	-1.45911123e-05	4.15928717e-06
1750            	2.38935889e-01	1.19470942e-01	1.19464947e-01	1.10163653e+00	5.22220216e-01	5.79416314e-01	-2.85980492e-02	2.99710524e-06	-7.73665399e-06	-8.89630891e-06	-1.21848084e-05	3.28849953e-06
1800            	2.38936601e-01	1.19472854e-01	1.19463748e-01	1.10147993e+00	5.22108332e-01	5.79371599e-01	-2.86316333e-02	4.55303803e-06	-6.45199177e-06	-6.75366072e-06	-9.82882213e-06	3.07516141e-06
1850            	2.38897915e-01	1.19452963e-01	1.19444951e-01	1.10144092e+00	5.22128079e-01	5.79312836e-01	-2.85923784e-02	4.00603414e-06	-8.78945462e-06	-9.78521412e-06	-1.36820617e-05	3.89684756e-06
1900            	2.38933855e-01	1.19469865e-01	1.19463990e-01	1.10162275e+00	5.22198583e-01	5.79424169e-01	-2.86127932e-02	2.93709737e-06	-9.41242668e-06	-1.12779328e-05	-1.50513931e-05	3.77346028e-06
1950            	2.38927650e-01	1.19474669e-01	1.19452981e-01	1.10140854e+00	5.22076096e-01	5.79332442e-01	-2.86281731e-02	1.08443232e-05	1.58696335e-05	2.59594255e-05	2.88493462e-05	-2.88992068e-06
2000            	2.38908339e-01	1.19453891e-01	1.19454448e-01	1.10151378e+00	5.22169856e-01	5.79343926e-01	-2.85870351e-02	-2.78885298e-07	-2.11461344e-05	-2.85052469e-05	-3.53987578e-05	6.89351095e-06
2050            	2.38901802e-01	1.19461347e-01	1.19440454e-01	1.10167892e+00	5.22280545e-01	5.79398373e-01	-2.85589138e-02	1.04463319e-05	1.55426001e-05	2.54673224e-05	2.82762613e-05	-2.80893892e-06
2100            	2.38931340e-01	1.19469992e-01	1.19461348e-01	1.10167137e+00	5.22237369e-01	5.79433998e-01	-2.85983143e-02	4.32173952e-06	-1.62266159e-06	-1.85732153e-07	-1.71552767e-06	1.52979552e-06
2150            	2.38922231e-01	1.19456985e-01	1.19465246e-01	1.10150026e+00	5.22131202e-01	5.79369053e-01	-2.86189256e-02	-4.13046503e-06	-3.08713320e-05	-4.32357976e-05	-5.24892308e-05	9.25343319e-06
2200            	2.38927289e-01	1.19472749e-01	1.19454540e-01	1.10151411e+00	5.22148426e-01	5.79365684e-01	-2.86086292e-02	9.10438214e-06	1.42490677e-05	2.26846466e-05	2.55913910e-05	-2.90674436e-06
2250            	2.38910649e-01	1.19454961e-01	1.19455688e-01	1.10152437e+00	5.22166225e-01	5.79358142e-01	-2.85959583e-02	-3.63519893e-07	-1.89940198e-05	-2.57530038e-05	-3.18705217e-05	6.11751793e-06
2300            	2.38717183e-01	1.19353186e-01	1.19363998e-01	1.10140751e+00	5.22363472e-01	5.79044036e-01	-2.83402818e-02	-5.40603283e-06	-5.95284116e-06	-1.26261786e-05	-1.22659304e-05	-3.60248130e-07
2350            	2.38613189e-01	1.19295892e-01	1.19317297e-01	1.10377364e+00	5.24004667e-01	5.79768976e-01	-2.78821542e-02	-1.07028419e-05	2.12456627e-08	-8.68890568e-06	-4.32320718e-06	-4.36569850e-06
2400            	2.38626955e-01	1.19297612e-01	1.19329342e-01	1.10398229e+00	5.24049320e-01	5.79932968e-01	-2.79418236e-02	-1.58650502e-05	-1.69997855e-05	-3.32700032e-05	-3.36347871e-05	3.64783916e-07
2450            	2.38612103e-01	1.19300073e-01	1.19312030e-01	1.10400163e+00	5.24084472e-01	5.79917157e-01	-2.79163426e-02	-5.97893031e-06	1.59840100e-05	1.44717513e-05	2.32198856e-05	-8.74813430e-06
2500            	2.38630127e-01	1.19303888e-01	1.19326239e-01	1.10402706e+00	5.24072852e-01	5.79954206e-01	-2.79406771e-02	-1.11751215e-05	-1.09584651e-06	-9.92408508e-06	-6.05788905e-06	-3.86619603e-06
2550            	2.38628636e-01	1.19304959e-01	1.19323677e-01	1.10405342e+00	5.24100848e-01	5.79952577e-01	-2.79258647e-02	-9.35920942e-06	3.91984427e-06	-3.27811156e-06	2.28078849e-06	-5.55890005e-06
2600            	2.38612682e-01	1.19295517e-01	1.19317165e-01	1.10403155e+00	5.24108874e-01	5.79922681e-01	-2.79069033e-02	-1.08244089e-05	-1.15169058e-06	-1.10699446e-05	-6.68666288e-06	-4.38328171e-06
2650            	2.38650973e-01	1.19321363e-01	1.19329609e-01	1.10414307e+00	5.24129845e-01	5.80013229e-01	-2.79416922e-02	-4.12299353e-06	2.50388740e-05	2.68901283e-05	3.84839382e-05	-1.15938099e-05
2700            	2.38610445e-01	1.19293703e-01	1.19316743e-01	1.10402793e+00	5.24108357e-01	5.79919576e-01	-2.79056096e-02	-1.15200790e-05	-3.35832689e-06	-1.40580334e-05	-1.03873436e-05	-3.67068979e-06
2750            	2.38621298e-01	1.19299247e-01	1.19322051e-01	1.10403851e+00	5.24095880e-01	5.79942630e-01	-2.79233750e-02	-1.14020854e-05	-2.78657996e-06	-1.39366129e-05	-9.75488640e-06	-4.18172648e-06
2800            	2.38619871e-01	1.19299559e-01	1.19320312e-01	1.10406851e+00	5.24128248e-01	5.79940262e-01	-2.79060069e-02	-1.03763721e-05	-1.28046726e-06	-1.00733193e-05	-6.31712690e-06	-3.75619239e-06
2850            	2.38670113e-01	1.19320632e-01	1.19349481e-01	1.10419005e+00	5.24186590e-01	5.80003456e-01	-2.79084327e-02	-1.44244022e-05	-1.95582677e-05	-3.57031069e-05	-3.74098212e-05	1.70671428e-06
2900            	2.38230098e-01	1.19123996e-01	1.19106103e-01	1.10484128e+00	5.25177278e-01	5.79663999e-01	-2.72433607e-02	8.94648046e-06	1.62771964e-05	2.38898411e-05	2.82221169e-05	-4.33227584e-06
2950            	2.38379884e-01	1.19194211e-01	1.19185674e-01	1.10634325e+00	5.25814692e-01	5.80528556e-01	-2.73569319e-02	4.26844513e-06	-4.08818666e-06	-5.35135295e-06	-6.76386313e-06	1.41251018e-06
3000            	2.38372519e-01	1.19185276e-01	1.19187243e-01	1.10624567e+00	5.25788205e-01	5.80457465e-01	-2.73346299e-02	-9.83611447e-07	-2.21653803e-05	-3.12234786e-05	-3.77771196e-05	6.55364099e-06
3050            	2.38358893e-01	1.19189229e-01	1.19169664e-01	1.10615121e+00	5.25735224e-01	5.80415981e-01	-2.73403783e-02	9.78242524e-06	1.56350862e-05	2.34150796e-05	2.73426260e-05	-3.92754645e-06
3100            	2.38361701e-01	1.19185204e-01	1.19176497e-01	1.10629568e+00	5.25836365e-01	5.80459320e-01	-2.73114776e-02	4.35329207e-06	-4.14010882e-06	-4.93254526e-06	-6.60638145e-06	1.67383619e-06
3150            	2.38351903e-01	1.19174667e-01	1.19177236e-01	1.10614791e+00	5.25754006e-01	5.80393900e-01	-2.73199466e-02	-1.28416290e-06	-2.32366190e-05	-3.34818109e-05	-3.99775245e-05	6.49571360e-06
3200            	2.38360277e-01	1.19189762e-01	1.19170515e-01	1.10621574e+00	5.25774174e-01	5.80441566e-01	-2.73336960e-02	9.62314464e-06	1.46171312e-05	2.27544163e-05	2.59943393e-05	-3.23992302e-06
3250            	2.38348359e-01	1.19178329e-01	1.19170031e-01	1.10625919e+00	5.25833922e-01	5.80425267e-01	-2.72956727e-02	4.14904191e-06	-3.74662267e-06	-3.83527705e-06	-5.66426119e-06	1.82898415e-06
3300            	2.38354781e-01	1.19176793e-01	1.19177988e-01	1.10624652e+00	5.25812258e-01	5.80434261e-01	-2.73110015e-02	-5.97419073e-07	-2.10920149e-05	-2.98045281e-05	-3.59942789e-05	6.18975087e-06
3350            	2.38359037e-01	1.19189469e-01	1.19169568e-01	1.10620499e+00	5.25771262e-01	5.80433726e-01	-2.73312321e-02	9.95040903e-06	1.55211246e-05	2.33303121e-05	2.71862806e-05	-3.85596849e-06
3400            	2.38365962e-01	1.19187901e-01	1.19178061e-01	1.10623020e+00	5.25779109e-01	5.80451090e-01	-2.73359908e-02	4.92008259e-06	-4.38299137e-06	-4.35544399e-06	-6.56071336e-06	2.20526937e-06
3450            	2.38365482e-01	1.19182025e-01	1.19183457e-01	1.10630986e+00	5.25837533e-01	5.80472331e-01	-2.73173987e-02	-7.16279525e-07	-2.14902837e-05	-3.07010447e-05	-3.68408060e-05	6.13976128e-06
3500            	2.38330553e-01	1.19175716e-01	1.19154838e-01	1.10643047e+00	5.25960730e-01	5.80469743e-01	-2.72545064e-02	1.04389612e-05	1.57818298e-05	2.40915376e-05	2.78275985e-05	-3.73606098e-06
3550            	2.38374943e-01	1.19192227e-01	1.19182716e-01	1.10625301e+00	5.25776868e-01	5.80476138e-01	-2.73496350e-02	4.75512250e-06	-4.59182058e-06	-5.64645601e-06	-7.41504859e-06	1.76859258e-06
3600            	2.38339890e-01	1.19168614e-01	1.19171276e-01	1.10617094e+00	5.25792180e-01	5.80378760e-01	-2.72932897e-02	-1.33129862e-06	-2.23415552e-05	-3.18151450e-05	-3.82491277e-05	6.43398268e-06
3650            	2.38355587e-01	1.19188212e-01	1.19167374e-01	1.10632558e+00	5.25858867e-01	5.80466709e-01	-2.73039212e-02	1.04190078e-05	1.54902914e-05	2.29452736e-05	2.69629282e-05	-4.01765461e-06
3700            	2.38384283e-01	1.19196447e-01	1.19187836e-01	1.10622239e+00	5.25748563e-01	5.80473823e-01	-2.73626297e-02	4.30554973e-06	-4.12910363e-06	-5.29206699e-06	-6.77513713e-06	1.48307014e-06
3750            	2.38323893e-01	1.19160528e-01	1.19163365e-01	1.10617365e+00	5.25815526e-01	5.80358126e-01	-2.72713002e-02	-1.41862384e-06	-2.32063400e-05	-3.39239978e-05	-4.01683389e-05	6.24434103e-06
3800            	2.38354470e-01	1.19187870e-01	1.19166600e-01	1.10628612e+00	5.25823862e-01	5.80462261e-01	-2.73191993e-02	1.06350323e-05	1.59697988e-05	2.40943179e-05	2.80169578e-05	-3.92263986e-06
3850            	2.38357885e-01	1.19183928e-01	1.19173957e-01	1.10629399e+00	5.25846631e-01	5.80447358e-01	-2.73003635e-02	4.98519192e-06	-3.87769158e-06	-4.76185720e-06	-6.25862019e-06	1.49676298e-06
3900            	2.38347948e-01	1.19173375e-01	1.19174572e-01	1.10616856e+00	5.25779304e-01	5.80389257e-01	-2.73049768e-02	-5.98562304e-07	-2.20844082e-05	-3.17744547e-05	-3.79716355e-05	6.19718080e-06
3950            	2.38352878e-01	1.19186394e-01	1.19166484e-01	1.10631171e+00	5.25855038e-01	5.80456670e-01	-2.73008157e-02	9.95475300e-06	1.52844993e-05	2.24986483e-05	2.65338234e-05	-4.03517515e-06
4000            	2.38361181e-01	1.19185001e-01	1.19176180e-01	1.10622227e+00	5.25788317e-01	5.80433951e-01	-2.73228170e-02	4.41020126e-06	-3.52638382e-06	-4.63946496e-06	-5.84611630e-06	1.20665134e-06
4050            	2.38379968e-01	1.19189132e-01	1.19190836e-01	1.10629131e+00	5.25806092e-01	5.80485221e-01	-2.73395640e-02	-8.51961380e-07	-2.12093829e-05	-3.02889703e-05	-3.63538680e-05	6.06489774e-06
4100            	2.38334827e-01	1.19177819e-01	1.19157009e-01	1.10611502e+00	5.25751683e-01	5.80363333e-01	-2.73058249e-02	1.04049217e-05	1.53519793e-05	2.39327341e-05	2.73183464e-05	-3.38561232e-06
4150            	2.38359487e-01	1.19184026e-01	1.19175461e-01	1.10626513e+00	5.25817060e-01	5.80448069e-01	-2.73155043e-02	4.28228344e-06	-3.79529603e-06	-3.89472568e-06	-5.74265888e-06	1.84793319e-06
4200            	2.38372164e-01	1.19185139e-01	1.19187025e-01	1.10632756e+00	5.25837886e-01	5.80489679e-01	-2.73258967e-02	-9.42793224e-07	-2.11647306e-05	-2.94631904e-05	-3.58963259e-05	6.43313543e-06
4250            	2.38367812e-01	1.19194167e-01	1.19173646e-01	1.10629081e+00	5.25814097e-01	5.80476715e-01	-2.73313086e-02	1.02603920e-05	1.54371317e-05	2.41707703e-05	2.75225168e-05	-3.35174649e-06
4300            	2.38346904e-01	1.19178100e-01	1.19168804e-01	1.10623855e+00	5.25821154e-01	5.80417393e-01	-2.72981193e-02	4.64775330e-06	-4.54239524e-06	-4.19269815e-06	-6.63874431e-06	2.44604616e-06
4350            	2.38355429e-01	1.19176551e-01	1.19178878e-01	1.10634984e+00	5.25879034e-01	5.80470804e-01	-2.72958848e-02	-1.16309285e-06	-2.28628703e-05	-3.18579129e-05	-3.87918267e-05	6.93391381e-06
4400            	2.38345443e-01	1.19182614e-01	1.19162829e-01	1.10620862e+00	5.25795819e-01	5.80412802e-01	-2.73084918e-02	9.89293559e-06	1.46940283e-05	2.35200457e-05	2.64540512e-05	-2.93400541e-06
4450            	2.38389362e-01	1.19198861e-01	1.19190501e-01	1.10630158e+00	5.25785453e-01	5.80516132e-01	-2.73653395e-02	4.18018838e-06	-4.65146524e-06	-5.34467715e-06	-7.32380382e-06	1.97912667e-06
4500            	2.38342174e-01	1.19169453e-01	1.19172721e-01	1.10616790e+00	5.25782955e-01	5.80384942e-01	-2.73009934e-02	-1.63384688e-06	-2.30389684e-05	-3.23753847e-05	-3.92266608e-05	6.85127606e-06
4550            	2.38343367e-01	1.19181737e-01	1.19161630e-01	1.10618958e+00	5.25778376e-01	5.80411208e-01	-2.73164162e-02	1.00533407e-05	1.43910540e-05	2.24146525e-05	2.55983802e-05	-3.18372773e-06
4600            	2.38377215e-01	1.19193300e-01	1.19183915e-01	1.10629069e+00	5.25800281e-01	5.80490407e-01	-2.73450629e-02	4.69216105e-06	-3.57141122e-06	-3.36475195e-06	-5.25378720e-06	1.88903525e-06
4650            	2.38366143e-01	1.19181734e-01	1.19184409e-01	1.10623761e+00	5.25797304e-01	5.80440308e-01	-2.73215020e-02	-1.33740232e-06	-2.14600732e-05	-3.06262594e-05	-3.67732030e-05	6.14694353e-06
4700            	2.38345298e-01	1.19183043e-01	1.19162255e-01	1.10625790e+00	5.25836826e-01	5.80421077e-01	-2.72921253e-02	1.03937738e-05	1.58996353e-05	2.43549806e-05	2.80771256e-05	-3.72214499e-06
4750            	2.38342210e-01	1.19175897e-01	1.19166313e-01	1.10623602e+00	5.25817549e-01	5.80418469e-01	-2.73004602e-02	4.79245317e-06	-4.05172087e-06	-4.60252584e-06	-6.35298379e-06	1.75045795e-06
4800            	2.38363377e-01	1.19180658e-01	1.19182719e-01	1.10624027e+00	5.25785003e-01	5.80455270e-01	-2.73351336e-02	-1.03049498e-06	-2.12597873e-05	-2.97946896e-05	-3.61571321e-05	6.36244250e-06
4850            	2.38346276e-01	1.19183368e-01	1.19162907e-01	1.10626524e+00	5.25831546e-01	5.80433690e-01	-2.73010724e-02	1.02304860e-05	1.50393326e-05	2.36448841e-05	2.68617746e-05	-3.21689055e-06
4900            	2.38368852e-01	1.19189072e-01	1.19179780e-01	1.10632503e+00	5.25838710e-01	5.80486318e-01	-2.73238040e-02	4.64611685e-06	-4.18391240e-06	-4.66693661e-06	-6.51738070e-06	1.85044409e-06
4950            	2.38370187e-01	1.19183681e-01	1.19186506e-01	1.10615633e+00	5.25731532e-01	5.80424795e-01	-2.73466312e-02	-1.41267631e-06	-2.27387685e-05	-3.27545632e-05	-3.91160500e-05	6.36148686e-06
5000            	2.38352048e-01	1.19186080e-01	1.19165968e-01	1.10622707e+00	5.25800769e-01	5.80426301e-01	-2.73127660e-02	1.00557116e-05	1.49015947e-05	2.31704584e-05	2.64868239e-05	-3.31636549e-06
