/*--------------------------------*- C++ -*----------------------------------*\
  =========                 |
  \\      /  F ield         | OpenFOAM: The Open Source CFD Toolbox
   \\    /   O peration     | Website:  https://openfoam.org
    \\  /    A nd           | Version:  11
     \\/     M anipulation  |
\*---------------------------------------------------------------------------*/
FoamFile
{
    format      ascii;
    class       volScalarField;
    location    "300";
    object      k;
}
// * * * * * * * * * * * * * * * * * * * * * * * * * * * * * * * * * * * * * //

dimensions      [0 2 -2 0 0 0 0];

internalField   nonuniform List<scalar> 
5000
(
1.1278
1.04665
1.03966
1.03942
1.07325
1.07484
1.07574
1.07616
1.0763
1.07634
1.07633
1.0766
1.10703
1.13031
1.03938
1.03378
1.03382
1.03397
1.03527
1.03582
1.036
1.03606
1.03607
1.03608
1.03608
1.03608
1.03609
1.03609
1.0361
1.0361
1.0361
1.03611
1.03611
1.03612
1.03613
1.03635
1.04001
1.07388
1.07505
1.0758
1.0762
1.07634
1.07639
1.07641
1.07642
1.07643
1.07644
1.07644
1.07645
1.07645
1.07645
1.07646
1.07646
1.07646
1.07646
1.07646
1.07647
1.07647
1.07647
1.07647
1.07647
1.07647
1.07647
1.07647
1.07647
1.07647
1.07647
1.07647
1.07647
1.07647
1.07647
1.07646
1.07646
1.07646
1.07646
1.07646
1.07646
1.07646
1.07646
1.07646
1.07647
1.07647
1.07647
1.07646
1.07646
1.07646
1.07646
1.07646
1.07646
1.07645
1.07645
1.07645
1.07645
1.07644
1.07644
1.07644
1.07643
1.07643
1.07658
1.0797
0.947871
0.93553
0.932943
0.932532
0.93536
0.935634
0.9359
0.936071
0.936143
0.936166
0.936165
0.936176
0.942687
0.948928
0.939308
0.937494
0.931164
0.92979
0.92984
0.929973
0.930037
0.930062
0.930073
0.930078
0.930083
0.930087
0.930092
0.930098
0.930104
0.93011
0.930118
0.930125
0.930134
0.930142
0.930147
0.930199
0.932074
0.935441
0.935738
0.936001
0.93618
0.936263
0.936296
0.936309
0.936314
0.936316
0.936317
0.936317
0.936317
0.936317
0.936316
0.936316
0.936315
0.936314
0.936313
0.936313
0.936312
0.936312
0.936311
0.936311
0.93631
0.936309
0.936309
0.936308
0.936307
0.936307
0.936306
0.936305
0.936304
0.936303
0.936303
0.936302
0.936302
0.936302
0.936302
0.936302
0.936303
0.936303
0.936303
0.936304
0.936303
0.936303
0.936302
0.936301
0.9363
0.936298
0.936296
0.936294
0.936292
0.936289
0.936287
0.936285
0.936283
0.936281
0.93628
0.936279
0.936276
0.936278
0.936303
0.937457
0.886942
0.884755
0.884303
0.884313
0.883242
0.882375
0.882224
0.882246
0.88227
0.88228
0.882283
0.882236
0.88436
0.886838
0.886981
0.887108
0.883414
0.88221
0.882023
0.882038
0.882064
0.882081
0.882091
0.882099
0.882106
0.882113
0.88212
0.882128
0.882137
0.882147
0.882157
0.882168
0.882179
0.88219
0.882197
0.88215
0.883518
0.883143
0.882464
0.882362
0.882412
0.882456
0.882477
0.882485
0.882486
0.882485
0.882482
0.882479
0.882476
0.882472
0.882469
0.882466
0.882463
0.88246
0.882458
0.882456
0.882454
0.882452
0.88245
0.882449
0.882448
0.882446
0.882445
0.882443
0.882441
0.88244
0.882438
0.882437
0.882436
0.882435
0.882435
0.882435
0.882435
0.882435
0.882435
0.882436
0.882436
0.882436
0.882436
0.882436
0.882436
0.882435
0.882434
0.882432
0.88243
0.882428
0.882426
0.882423
0.882421
0.882418
0.882416
0.882414
0.882412
0.882411
0.882411
0.88241
0.882411
0.882414
0.882368
0.883118
0.843057
0.842881
0.843006
0.843126
0.84216
0.841437
0.841225
0.84119
0.841188
0.841188
0.84119
0.84114
0.841867
0.842802
0.843467
0.843759
0.842406
0.841831
0.841713
0.841715
0.841735
0.841751
0.841764
0.841775
0.841786
0.841796
0.841807
0.841818
0.84183
0.841844
0.841857
0.841871
0.841886
0.8419
0.841911
0.841867
0.842621
0.842123
0.841568
0.841415
0.841414
0.841435
0.841448
0.841453
0.841452
0.841448
0.841443
0.841437
0.841432
0.841426
0.841421
0.841415
0.84141
0.841406
0.841401
0.841397
0.841394
0.841391
0.841388
0.841386
0.841383
0.841381
0.841378
0.841376
0.841373
0.841371
0.841369
0.841368
0.841366
0.841366
0.841365
0.841365
0.841365
0.841365
0.841366
0.841366
0.841366
0.841366
0.841366
0.841366
0.841365
0.841363
0.841362
0.84136
0.841357
0.841355
0.841352
0.84135
0.841347
0.841345
0.841342
0.841341
0.84134
0.841339
0.841339
0.841339
0.841341
0.841342
0.841302
0.8417
0.804463
0.804556
0.804709
0.804796
0.8043
0.803895
0.803742
0.8037
0.803688
0.803684
0.803684
0.803643
0.803899
0.804234
0.804556
0.804705
0.804289
0.80408
0.804041
0.804056
0.804078
0.804098
0.804116
0.804131
0.804145
0.80416
0.804174
0.804189
0.804206
0.804223
0.80424
0.804258
0.804276
0.804294
0.804309
0.80429
0.804638
0.804387
0.80409
0.803989
0.803982
0.803995
0.804003
0.804006
0.804004
0.803999
0.803992
0.803985
0.803977
0.803969
0.803962
0.803954
0.803947
0.803941
0.803935
0.803929
0.803924
0.80392
0.803916
0.803912
0.803908
0.803905
0.803901
0.803898
0.803895
0.803892
0.803889
0.803887
0.803886
0.803885
0.803884
0.803884
0.803884
0.803884
0.803884
0.803884
0.803884
0.803884
0.803883
0.803882
0.803881
0.803879
0.803877
0.803875
0.803872
0.80387
0.803867
0.803864
0.803862
0.803859
0.803857
0.803856
0.803855
0.803855
0.803856
0.803856
0.803859
0.803858
0.80384
0.803994
0.768453
0.7685
0.768574
0.768607
0.768384
0.768182
0.768087
0.768051
0.768036
0.768028
0.768026
0.767999
0.76809
0.768205
0.768316
0.768367
0.768247
0.768186
0.768187
0.76821
0.768237
0.768261
0.768282
0.768302
0.768321
0.768339
0.768358
0.768377
0.768398
0.768419
0.76844
0.768463
0.768485
0.768506
0.768526
0.768527
0.768672
0.768571
0.768439
0.768389
0.768388
0.768398
0.768405
0.768407
0.768404
0.768398
0.76839
0.768381
0.768372
0.768362
0.768353
0.768343
0.768334
0.768326
0.768318
0.768311
0.768305
0.768299
0.768293
0.768288
0.768283
0.768278
0.768274
0.768269
0.768265
0.768262
0.768259
0.768257
0.768255
0.768254
0.768253
0.768253
0.768252
0.768252
0.768252
0.768252
0.768251
0.76825
0.768249
0.768248
0.768246
0.768244
0.768242
0.768239
0.768236
0.768233
0.76823
0.768228
0.768225
0.768223
0.768222
0.768221
0.76822
0.768221
0.768222
0.768223
0.768225
0.768224
0.768221
0.768249
0.734086
0.734073
0.734081
0.734071
0.73396
0.733852
0.733789
0.733757
0.733739
0.733729
0.733726
0.733709
0.733738
0.733771
0.733797
0.733804
0.733768
0.733756
0.73377
0.733796
0.733824
0.733851
0.733877
0.7339
0.733923
0.733946
0.733969
0.733993
0.734018
0.734043
0.734069
0.734096
0.734123
0.734148
0.734173
0.734186
0.734246
0.734212
0.73416
0.734141
0.734145
0.734154
0.73416
0.734162
0.734158
0.734152
0.734143
0.734133
0.734122
0.73411
0.734099
0.734088
0.734077
0.734067
0.734057
0.734049
0.734041
0.734033
0.734026
0.73402
0.734013
0.734007
0.734002
0.733997
0.733992
0.733988
0.733985
0.733982
0.73398
0.733979
0.733977
0.733977
0.733976
0.733975
0.733975
0.733974
0.733973
0.733972
0.73397
0.733968
0.733966
0.733963
0.733961
0.733958
0.733955
0.733952
0.733949
0.733947
0.733945
0.733943
0.733942
0.733941
0.733941
0.733942
0.733943
0.733944
0.733946
0.733945
0.733948
0.733931
0.700918
0.70087
0.700837
0.700798
0.700722
0.700648
0.700597
0.700564
0.700543
0.700531
0.700526
0.700515
0.70052
0.700522
0.700518
0.700509
0.700494
0.700493
0.700509
0.700533
0.700562
0.70059
0.700618
0.700646
0.700672
0.700699
0.700727
0.700755
0.700784
0.700814
0.700845
0.700876
0.700907
0.700937
0.700966
0.700986
0.701019
0.701012
0.700996
0.700993
0.701
0.701008
0.701013
0.701014
0.701011
0.701004
0.700994
0.700983
0.70097
0.700957
0.700944
0.700931
0.700919
0.700907
0.700896
0.700886
0.700876
0.700868
0.700859
0.700851
0.700844
0.700836
0.70083
0.700824
0.700819
0.700814
0.700811
0.700808
0.700805
0.700803
0.700802
0.7008
0.700799
0.700798
0.700797
0.700796
0.700794
0.700792
0.70079
0.700788
0.700785
0.700782
0.700779
0.700776
0.700774
0.700771
0.700768
0.700766
0.700764
0.700763
0.700762
0.700762
0.700762
0.700763
0.700764
0.700765
0.700766
0.700766
0.700769
0.700744
0.668678
0.668612
0.668555
0.668497
0.668427
0.668362
0.668312
0.668276
0.668252
0.668237
0.66823
0.668221
0.668216
0.668207
0.668193
0.668178
0.668165
0.668165
0.668177
0.668198
0.668225
0.668254
0.668284
0.668314
0.668345
0.668375
0.668407
0.668439
0.668473
0.668507
0.668542
0.668578
0.668613
0.668648
0.66868
0.668707
0.668733
0.66874
0.668741
0.668746
0.668754
0.668761
0.668766
0.668766
0.668762
0.668755
0.668745
0.668732
0.668719
0.668705
0.66869
0.668676
0.668662
0.668649
0.668636
0.668625
0.668614
0.668603
0.668593
0.668584
0.668575
0.668567
0.66856
0.668553
0.668548
0.668543
0.668538
0.668535
0.668532
0.66853
0.668528
0.668526
0.668524
0.668522
0.668521
0.668519
0.668517
0.668514
0.668512
0.668509
0.668506
0.668503
0.6685
0.668497
0.668494
0.668492
0.66849
0.668488
0.668486
0.668485
0.668485
0.668485
0.668485
0.668486
0.668486
0.668487
0.668488
0.668487
0.66849
0.668469
0.637175
0.637099
0.637029
0.636958
0.636886
0.636821
0.636767
0.636727
0.636699
0.636681
0.636671
0.636663
0.636653
0.63664
0.636623
0.636605
0.636591
0.636587
0.636595
0.636613
0.636638
0.636666
0.636697
0.63673
0.636763
0.636797
0.636832
0.636868
0.636906
0.636944
0.636984
0.637024
0.637063
0.637102
0.637139
0.63717
0.637197
0.637213
0.637223
0.637232
0.637241
0.637248
0.637252
0.637252
0.637248
0.63724
0.63723
0.637217
0.637202
0.637187
0.637172
0.637156
0.637141
0.637126
0.637113
0.637099
0.637087
0.637075
0.637064
0.637054
0.637044
0.637035
0.637027
0.63702
0.637014
0.637008
0.637004
0.637
0.636996
0.636993
0.636991
0.636988
0.636986
0.636984
0.636981
0.636979
0.636976
0.636973
0.63697
0.636967
0.636964
0.636961
0.636958
0.636955
0.636953
0.63695
0.636948
0.636947
0.636946
0.636945
0.636945
0.636945
0.636945
0.636946
0.636946
0.636946
0.636947
0.636946
0.636946
0.636931
0.606273
0.606191
0.606112
0.606034
0.605958
0.605889
0.605832
0.605787
0.605755
0.605734
0.605722
0.605712
0.605701
0.605686
0.605667
0.605648
0.605632
0.605624
0.605628
0.605642
0.605664
0.605692
0.605723
0.605757
0.605792
0.605829
0.605868
0.605907
0.605949
0.605991
0.606035
0.606079
0.606122
0.606164
0.606205
0.606241
0.606272
0.606294
0.606309
0.606322
0.606332
0.606339
0.606343
0.606343
0.606339
0.606331
0.606321
0.606307
0.606292
0.606276
0.60626
0.606243
0.606227
0.606211
0.606196
0.606182
0.606169
0.606156
0.606143
0.606132
0.606122
0.606112
0.606103
0.606095
0.606089
0.606083
0.606078
0.606073
0.606069
0.606066
0.606063
0.60606
0.606057
0.606054
0.606051
0.606048
0.606045
0.606041
0.606038
0.606035
0.606031
0.606028
0.606026
0.606023
0.606021
0.606019
0.606017
0.606016
0.606015
0.606015
0.606015
0.606015
0.606015
0.606015
0.606015
0.606015
0.606014
0.606013
0.606012
0.606001
0.575885
0.575799
0.575716
0.575634
0.575555
0.575483
0.575422
0.575373
0.575337
0.575313
0.575298
0.575287
0.575274
0.575258
0.575238
0.575218
0.5752
0.575189
0.575189
0.5752
0.575219
0.575246
0.575277
0.575311
0.575348
0.575387
0.575428
0.575471
0.575515
0.575561
0.575609
0.575656
0.575703
0.575749
0.575793
0.575833
0.575868
0.575895
0.575915
0.575931
0.575943
0.575951
0.575956
0.575956
0.575952
0.575945
0.575934
0.57592
0.575905
0.575889
0.575872
0.575854
0.575837
0.575821
0.575805
0.57579
0.575775
0.575761
0.575748
0.575736
0.575725
0.575714
0.575705
0.575697
0.57569
0.575684
0.575678
0.575673
0.575669
0.575665
0.575661
0.575658
0.575654
0.575651
0.575647
0.575643
0.57564
0.575636
0.575632
0.575629
0.575626
0.575623
0.57562
0.575618
0.575616
0.575614
0.575613
0.575612
0.575612
0.575612
0.575612
0.575612
0.575612
0.575612
0.575611
0.57561
0.575609
0.575606
0.575604
0.575595
0.545982
0.545894
0.545809
0.545724
0.545644
0.545569
0.545506
0.545454
0.545415
0.545388
0.54537
0.545357
0.545343
0.545325
0.545305
0.545283
0.545264
0.54525
0.545247
0.545254
0.545271
0.545296
0.545326
0.545361
0.545399
0.545439
0.545482
0.545528
0.545575
0.545624
0.545674
0.545725
0.545775
0.545825
0.545872
0.545916
0.545954
0.545985
0.54601
0.546029
0.546043
0.546053
0.546059
0.54606
0.546057
0.546049
0.546039
0.546026
0.54601
0.545994
0.545976
0.545959
0.545941
0.545924
0.545908
0.545891
0.545876
0.545861
0.545848
0.545835
0.545823
0.545813
0.545803
0.545795
0.545787
0.54578
0.545774
0.545769
0.545764
0.54576
0.545756
0.545751
0.545747
0.545743
0.545739
0.545735
0.545731
0.545727
0.545723
0.54572
0.545717
0.545714
0.545711
0.545709
0.545708
0.545706
0.545706
0.545705
0.545705
0.545705
0.545705
0.545705
0.545705
0.545704
0.545703
0.545702
0.545699
0.545696
0.545693
0.545685
0.516595
0.516506
0.516421
0.516336
0.516254
0.516179
0.516113
0.516059
0.516018
0.515988
0.515968
0.515952
0.515937
0.515918
0.515897
0.515874
0.515853
0.515838
0.515832
0.515836
0.51585
0.515873
0.515902
0.515936
0.515974
0.516016
0.516061
0.516108
0.516157
0.516208
0.516261
0.516315
0.516368
0.51642
0.516471
0.516518
0.51656
0.516595
0.516624
0.516646
0.516663
0.516675
0.516682
0.516684
0.516682
0.516676
0.516666
0.516653
0.516638
0.516622
0.516605
0.516587
0.516569
0.516552
0.516535
0.516518
0.516502
0.516487
0.516473
0.51646
0.516448
0.516437
0.516427
0.516418
0.516411
0.516404
0.516397
0.516392
0.516386
0.516381
0.516376
0.516372
0.516367
0.516363
0.516358
0.516354
0.516349
0.516345
0.516341
0.516338
0.516335
0.516332
0.51633
0.516328
0.516327
0.516326
0.516326
0.516326
0.516326
0.516326
0.516326
0.516326
0.516325
0.516324
0.516323
0.51632
0.516317
0.516314
0.516309
0.516302
0.487819
0.487732
0.487648
0.487564
0.487483
0.487408
0.487341
0.487285
0.487242
0.48721
0.487188
0.48717
0.487153
0.487133
0.487111
0.487087
0.487065
0.487048
0.487039
0.487041
0.487052
0.487072
0.4871
0.487133
0.487172
0.487214
0.487259
0.487307
0.487358
0.487412
0.487467
0.487523
0.487578
0.487633
0.487686
0.487736
0.487781
0.48782
0.487853
0.487879
0.487899
0.487913
0.487922
0.487926
0.487926
0.487921
0.487912
0.4879
0.487886
0.48787
0.487853
0.487836
0.487818
0.487801
0.487784
0.487767
0.487751
0.487735
0.487721
0.487707
0.487695
0.487684
0.487674
0.487665
0.487657
0.48765
0.487643
0.487637
0.487631
0.487626
0.487621
0.487615
0.48761
0.487606
0.487601
0.487596
0.487592
0.487587
0.487584
0.48758
0.487577
0.487575
0.487573
0.487572
0.487571
0.48757
0.48757
0.48757
0.48757
0.487571
0.487571
0.48757
0.487569
0.487568
0.487566
0.487563
0.487559
0.487555
0.48755
0.487543
0.459825
0.459741
0.459659
0.459577
0.459498
0.459423
0.459355
0.459299
0.459254
0.459221
0.459197
0.459177
0.459158
0.459137
0.459114
0.45909
0.459066
0.459048
0.459037
0.459036
0.459044
0.459062
0.459088
0.45912
0.459158
0.4592
0.459245
0.459294
0.459347
0.459401
0.459458
0.459515
0.459573
0.459631
0.459686
0.459739
0.459787
0.45983
0.459866
0.459895
0.459918
0.459936
0.459947
0.459954
0.459955
0.459951
0.459944
0.459934
0.459921
0.459906
0.45989
0.459873
0.459855
0.459838
0.459821
0.459804
0.459788
0.459773
0.459758
0.459745
0.459732
0.459721
0.459711
0.459702
0.459694
0.459686
0.459679
0.459673
0.459667
0.459661
0.459655
0.45965
0.459645
0.459639
0.459634
0.459629
0.459625
0.459621
0.459617
0.459614
0.459611
0.459609
0.459607
0.459606
0.459606
0.459605
0.459606
0.459606
0.459606
0.459606
0.459606
0.459606
0.459605
0.459603
0.4596
0.459597
0.459593
0.459588
0.459583
0.459575
0.432852
0.432772
0.432694
0.432616
0.432538
0.432464
0.432397
0.43234
0.432295
0.43226
0.432234
0.432213
0.432193
0.432171
0.432147
0.432122
0.432097
0.432077
0.432064
0.432061
0.432067
0.432083
0.432106
0.432137
0.432173
0.432214
0.43226
0.432309
0.432362
0.432417
0.432475
0.432534
0.432594
0.432653
0.432711
0.432766
0.432817
0.432863
0.432903
0.432936
0.432962
0.432983
0.432997
0.433006
0.433009
0.433008
0.433003
0.432994
0.432982
0.432968
0.432953
0.432937
0.432921
0.432904
0.432887
0.43287
0.432855
0.432839
0.432825
0.432812
0.432799
0.432788
0.432778
0.432769
0.432761
0.432753
0.432746
0.432739
0.432733
0.432727
0.432721
0.432715
0.432709
0.432704
0.432699
0.432694
0.432689
0.432685
0.432682
0.432679
0.432676
0.432674
0.432673
0.432672
0.432672
0.432672
0.432672
0.432673
0.432673
0.432673
0.432673
0.432672
0.432671
0.432669
0.432666
0.432662
0.432658
0.432653
0.432647
0.43264
0.407213
0.407139
0.407066
0.406991
0.406916
0.406844
0.406778
0.406721
0.406675
0.406639
0.406612
0.40659
0.406568
0.406546
0.406521
0.406495
0.40647
0.406448
0.406434
0.406428
0.406431
0.406444
0.406466
0.406495
0.406529
0.40657
0.406614
0.406663
0.406716
0.406772
0.406831
0.406891
0.406952
0.407013
0.407073
0.40713
0.407184
0.407233
0.407276
0.407313
0.407343
0.407366
0.407384
0.407396
0.407402
0.407403
0.407399
0.407392
0.407382
0.40737
0.407356
0.407341
0.407325
0.407309
0.407293
0.407277
0.407262
0.407247
0.407233
0.40722
0.407207
0.407196
0.407186
0.407177
0.407169
0.407161
0.407154
0.407147
0.40714
0.407134
0.407128
0.407122
0.407116
0.407111
0.407106
0.407101
0.407096
0.407092
0.407089
0.407086
0.407084
0.407082
0.407081
0.40708
0.40708
0.407081
0.407081
0.407082
0.407082
0.407082
0.407082
0.407081
0.407079
0.407077
0.407074
0.40707
0.407065
0.40706
0.407055
0.407047
0.383288
0.383221
0.383152
0.383082
0.38301
0.38294
0.382875
0.382819
0.382772
0.382736
0.382708
0.382685
0.382663
0.38264
0.382614
0.382587
0.382561
0.382539
0.382522
0.382514
0.382516
0.382526
0.382545
0.382572
0.382605
0.382644
0.382688
0.382736
0.382789
0.382845
0.382904
0.382965
0.383027
0.38309
0.383151
0.383211
0.383267
0.383319
0.383365
0.383405
0.383439
0.383466
0.383486
0.383501
0.38351
0.383513
0.383512
0.383507
0.383499
0.383489
0.383476
0.383462
0.383448
0.383433
0.383417
0.383402
0.383387
0.383372
0.383359
0.383346
0.383334
0.383323
0.383313
0.383304
0.383296
0.383288
0.38328
0.383273
0.383267
0.38326
0.383254
0.383248
0.383242
0.383237
0.383232
0.383227
0.383223
0.383219
0.383216
0.383213
0.383211
0.38321
0.383209
0.383208
0.383208
0.383209
0.383209
0.38321
0.38321
0.38321
0.38321
0.383209
0.383207
0.383205
0.383202
0.383198
0.383193
0.383188
0.383182
0.383175
0.361511
0.361451
0.361389
0.361323
0.361254
0.361187
0.361123
0.361067
0.361021
0.360985
0.360956
0.360932
0.36091
0.360886
0.36086
0.360833
0.360806
0.360782
0.360764
0.360754
0.360753
0.360762
0.360778
0.360803
0.360834
0.360871
0.360914
0.360962
0.361014
0.36107
0.361129
0.361191
0.361254
0.361318
0.361381
0.361442
0.361501
0.361555
0.361604
0.361648
0.361684
0.361715
0.361739
0.361756
0.361768
0.361774
0.361775
0.361773
0.361767
0.361758
0.361747
0.361735
0.361721
0.361707
0.361692
0.361678
0.361663
0.36165
0.361636
0.361624
0.361612
0.361602
0.361592
0.361583
0.361574
0.361566
0.361559
0.361552
0.361545
0.361539
0.361533
0.361527
0.361521
0.361516
0.361511
0.361506
0.361502
0.361498
0.361495
0.361493
0.361491
0.36149
0.361489
0.361488
0.361489
0.361489
0.36149
0.36149
0.36149
0.36149
0.36149
0.361489
0.361487
0.361485
0.361481
0.361478
0.361473
0.361468
0.361463
0.361456
0.342357
0.342305
0.342248
0.342186
0.342121
0.342056
0.341994
0.341939
0.341893
0.341856
0.341828
0.341803
0.34178
0.341756
0.34173
0.341703
0.341675
0.341651
0.341631
0.34162
0.341617
0.341622
0.341637
0.341659
0.341689
0.341724
0.341766
0.341813
0.341864
0.34192
0.341979
0.342041
0.342105
0.34217
0.342234
0.342297
0.342358
0.342415
0.342467
0.342513
0.342553
0.342586
0.342613
0.342634
0.342648
0.342657
0.342661
0.34266
0.342656
0.342649
0.34264
0.342629
0.342616
0.342603
0.34259
0.342576
0.342562
0.342549
0.342536
0.342524
0.342513
0.342502
0.342493
0.342484
0.342475
0.342467
0.34246
0.342453
0.342446
0.34244
0.342433
0.342428
0.342422
0.342417
0.342412
0.342408
0.342404
0.3424
0.342397
0.342395
0.342393
0.342392
0.342391
0.342391
0.342391
0.342392
0.342392
0.342392
0.342393
0.342393
0.342392
0.342391
0.342389
0.342387
0.342384
0.34238
0.342376
0.342371
0.342366
0.34236
0.32631
0.326266
0.326214
0.326157
0.326095
0.326032
0.325972
0.325917
0.325872
0.325835
0.325806
0.325782
0.325759
0.325735
0.325709
0.325681
0.325653
0.325627
0.325607
0.325593
0.325589
0.325593
0.325605
0.325625
0.325653
0.325687
0.325727
0.325773
0.325824
0.325879
0.325939
0.326001
0.326065
0.326131
0.326197
0.326262
0.326324
0.326383
0.326437
0.326486
0.326528
0.326564
0.326594
0.326617
0.326634
0.326645
0.326651
0.326652
0.32665
0.326645
0.326637
0.326627
0.326616
0.326604
0.326591
0.326578
0.326565
0.326552
0.32654
0.326529
0.326518
0.326507
0.326498
0.326489
0.32648
0.326472
0.326465
0.326458
0.326451
0.326445
0.326439
0.326433
0.326428
0.326423
0.326418
0.326414
0.32641
0.326407
0.326404
0.326402
0.326401
0.326399
0.326399
0.326398
0.326398
0.326398
0.326399
0.326399
0.326399
0.326399
0.326398
0.326397
0.326395
0.326393
0.32639
0.326387
0.326383
0.326379
0.326374
0.326369
0.313835
0.313797
0.31375
0.313696
0.313638
0.313577
0.313518
0.313464
0.313418
0.313382
0.313353
0.313329
0.313306
0.313282
0.313256
0.313228
0.3132
0.313174
0.313152
0.313138
0.313131
0.313133
0.313144
0.313163
0.313189
0.313222
0.313261
0.313306
0.313356
0.313411
0.31347
0.313533
0.313598
0.313664
0.313731
0.313797
0.31386
0.313921
0.313977
0.314027
0.314072
0.31411
0.314142
0.314167
0.314186
0.3142
0.314207
0.314211
0.31421
0.314206
0.314199
0.314191
0.314181
0.314169
0.314157
0.314145
0.314133
0.31412
0.314108
0.314097
0.314086
0.314076
0.314067
0.314058
0.314049
0.314041
0.314034
0.314027
0.31402
0.314014
0.314008
0.314003
0.313998
0.313993
0.313989
0.313985
0.313981
0.313978
0.313976
0.313973
0.313972
0.31397
0.31397
0.313969
0.313969
0.313969
0.313969
0.313969
0.313969
0.313968
0.313967
0.313966
0.313965
0.313963
0.31396
0.313957
0.313954
0.31395
0.313946
0.313941
0.305331
0.305297
0.305254
0.305204
0.305147
0.305088
0.30503
0.304977
0.304932
0.304895
0.304867
0.304843
0.30482
0.304797
0.30477
0.304742
0.304714
0.304687
0.304665
0.30465
0.304642
0.304643
0.304653
0.30467
0.304695
0.304727
0.304765
0.304809
0.304859
0.304914
0.304973
0.305035
0.305101
0.305167
0.305235
0.305301
0.305366
0.305428
0.305485
0.305537
0.305583
0.305623
0.305656
0.305683
0.305703
0.305718
0.305727
0.305732
0.305732
0.305729
0.305723
0.305716
0.305706
0.305696
0.305684
0.305672
0.30566
0.305649
0.305637
0.305626
0.305615
0.305605
0.305595
0.305587
0.305578
0.30557
0.305563
0.305556
0.30555
0.305544
0.305538
0.305533
0.305528
0.305523
0.305519
0.305515
0.305512
0.305509
0.305507
0.305504
0.305503
0.305501
0.3055
0.305499
0.305499
0.305498
0.305498
0.305498
0.305497
0.305496
0.305496
0.305494
0.305493
0.305491
0.305489
0.305486
0.305483
0.30548
0.305477
0.305472
0.30109
0.301059
0.301019
0.30097
0.300915
0.300856
0.300799
0.300747
0.300702
0.300666
0.300638
0.300614
0.300592
0.300569
0.300543
0.300515
0.300486
0.300459
0.300437
0.300421
0.300413
0.300413
0.300422
0.300438
0.300463
0.300494
0.300531
0.300575
0.300624
0.300679
0.300738
0.3008
0.300866
0.300933
0.301
0.301068
0.301133
0.301195
0.301253
0.301305
0.301352
0.301393
0.301427
0.301454
0.301476
0.301491
0.301501
0.301506
0.301507
0.301505
0.3015
0.301492
0.301483
0.301473
0.301462
0.30145
0.301439
0.301427
0.301415
0.301404
0.301394
0.301384
0.301374
0.301365
0.301357
0.301349
0.301342
0.301335
0.301328
0.301323
0.301317
0.301312
0.301307
0.301303
0.301299
0.301296
0.301292
0.30129
0.301287
0.301285
0.301283
0.301281
0.30128
0.301279
0.301278
0.301277
0.301276
0.301275
0.301274
0.301273
0.301272
0.301271
0.301269
0.301268
0.301266
0.301263
0.301261
0.301258
0.301255
0.301252
0.301277
0.301248
0.301208
0.30116
0.301105
0.301047
0.30099
0.300938
0.300894
0.300859
0.300831
0.300808
0.300786
0.300763
0.300737
0.300709
0.300681
0.300654
0.300632
0.300616
0.300607
0.300607
0.300615
0.300632
0.300656
0.300687
0.300724
0.300768
0.300817
0.300871
0.30093
0.300992
0.301058
0.301125
0.301192
0.301259
0.301324
0.301386
0.301444
0.301497
0.301543
0.301584
0.301618
0.301646
0.301667
0.301682
0.301692
0.301697
0.301699
0.301696
0.301691
0.301684
0.301675
0.301665
0.301654
0.301642
0.301631
0.301619
0.301608
0.301596
0.301586
0.301576
0.301566
0.301557
0.301548
0.301541
0.301533
0.301526
0.30152
0.301514
0.301509
0.301504
0.3015
0.301496
0.301492
0.301489
0.301486
0.301483
0.30148
0.301478
0.301476
0.301474
0.301472
0.30147
0.301469
0.301467
0.301466
0.301465
0.301463
0.301462
0.301461
0.301459
0.301458
0.301456
0.301455
0.301453
0.30145
0.301448
0.301446
0.301443
0.30589
0.305859
0.305818
0.305769
0.305714
0.305656
0.305599
0.305548
0.305504
0.305469
0.305442
0.305419
0.305398
0.305375
0.305349
0.305322
0.305294
0.305267
0.305245
0.30523
0.305221
0.305222
0.30523
0.305247
0.305271
0.305302
0.305339
0.305383
0.305432
0.305487
0.305545
0.305608
0.305673
0.305739
0.305807
0.305873
0.305938
0.305999
0.306056
0.306107
0.306153
0.306193
0.306226
0.306253
0.306274
0.306288
0.306298
0.306302
0.306303
0.3063
0.306295
0.306287
0.306278
0.306268
0.306256
0.306245
0.306233
0.306221
0.306209
0.306198
0.306187
0.306177
0.306167
0.306158
0.30615
0.306142
0.306134
0.306127
0.306121
0.306116
0.306111
0.306106
0.306102
0.306098
0.306094
0.306091
0.306088
0.306085
0.306082
0.30608
0.306077
0.306075
0.306073
0.306071
0.306069
0.306067
0.306065
0.306063
0.306061
0.306059
0.306058
0.306056
0.306055
0.306053
0.306051
0.30605
0.306048
0.306046
0.306044
0.306041
0.314737
0.314702
0.314658
0.314608
0.314551
0.314493
0.314436
0.314384
0.314341
0.314307
0.31428
0.314257
0.314237
0.314214
0.314189
0.314162
0.314134
0.314109
0.314087
0.314072
0.314065
0.314066
0.314075
0.314092
0.314116
0.314148
0.314186
0.31423
0.31428
0.314334
0.314393
0.314455
0.31452
0.314586
0.314652
0.314718
0.314781
0.314841
0.314896
0.314946
0.314991
0.315029
0.315061
0.315086
0.315105
0.315118
0.315127
0.31513
0.31513
0.315126
0.31512
0.315112
0.315102
0.315091
0.315079
0.315067
0.315055
0.315043
0.315031
0.31502
0.315009
0.314998
0.314988
0.314979
0.31497
0.314962
0.314955
0.314948
0.314942
0.314936
0.314931
0.314927
0.314923
0.314919
0.314916
0.314912
0.314909
0.314906
0.314904
0.314901
0.314898
0.314895
0.314893
0.31489
0.314887
0.314885
0.314882
0.31488
0.314878
0.314876
0.314874
0.314872
0.31487
0.314868
0.314867
0.314865
0.314863
0.314862
0.31486
0.314858
0.327509
0.327469
0.327421
0.327367
0.327309
0.327249
0.327192
0.32714
0.327097
0.327063
0.327037
0.327015
0.326995
0.326973
0.326949
0.326922
0.326895
0.32687
0.32685
0.326836
0.326829
0.326831
0.326841
0.326859
0.326885
0.326917
0.326956
0.327001
0.327051
0.327105
0.327164
0.327226
0.32729
0.327355
0.32742
0.327484
0.327546
0.327604
0.327658
0.327706
0.327748
0.327784
0.327814
0.327837
0.327854
0.327866
0.327872
0.327874
0.327873
0.327868
0.32786
0.327851
0.32784
0.327829
0.327816
0.327804
0.327791
0.327779
0.327766
0.327755
0.327743
0.327733
0.327722
0.327713
0.327704
0.327696
0.327688
0.327682
0.327676
0.32767
0.327665
0.327661
0.327657
0.327653
0.32765
0.327647
0.327644
0.327641
0.327638
0.327635
0.327632
0.327629
0.327626
0.327623
0.32762
0.327616
0.327613
0.32761
0.327608
0.327605
0.327603
0.3276
0.327598
0.327596
0.327595
0.327593
0.327591
0.32759
0.327588
0.327586
0.343795
0.343749
0.343696
0.343639
0.343578
0.343516
0.343458
0.343406
0.343364
0.34333
0.343304
0.343283
0.343264
0.343243
0.343219
0.343193
0.343167
0.343143
0.343124
0.343111
0.343106
0.343109
0.34312
0.343139
0.343166
0.343199
0.343239
0.343284
0.343335
0.343389
0.343448
0.343509
0.343573
0.343637
0.343701
0.343764
0.343823
0.343879
0.34393
0.343976
0.344016
0.344049
0.344076
0.344097
0.344112
0.344121
0.344125
0.344126
0.344122
0.344116
0.344107
0.344097
0.344085
0.344072
0.344059
0.344046
0.344033
0.34402
0.344007
0.343995
0.343984
0.343973
0.343962
0.343953
0.343944
0.343935
0.343928
0.343921
0.343915
0.34391
0.343905
0.343901
0.343897
0.343893
0.34389
0.343887
0.343884
0.343881
0.343878
0.343875
0.343872
0.343868
0.343865
0.343861
0.343858
0.343854
0.34385
0.343847
0.343843
0.34384
0.343837
0.343835
0.343832
0.34383
0.343828
0.343827
0.343825
0.343823
0.343822
0.34382
0.363127
0.363072
0.363014
0.362953
0.362889
0.362825
0.362766
0.362714
0.362671
0.362638
0.362614
0.362593
0.362575
0.362554
0.362531
0.362506
0.362481
0.362459
0.362441
0.362429
0.362425
0.36243
0.362443
0.362463
0.362491
0.362526
0.362566
0.362612
0.362663
0.362718
0.362776
0.362837
0.3629
0.362963
0.363025
0.363086
0.363143
0.363197
0.363245
0.363288
0.363325
0.363355
0.363379
0.363397
0.36341
0.363417
0.363419
0.363417
0.363412
0.363404
0.363394
0.363382
0.363369
0.363355
0.363342
0.363328
0.363314
0.363301
0.363288
0.363275
0.363263
0.363252
0.363242
0.363232
0.363223
0.363214
0.363207
0.3632
0.363194
0.363189
0.363184
0.36318
0.363176
0.363173
0.36317
0.363167
0.363164
0.363161
0.363158
0.363154
0.363151
0.363147
0.363144
0.36314
0.363136
0.363132
0.363127
0.363123
0.36312
0.363116
0.363113
0.36311
0.363107
0.363104
0.363102
0.3631
0.363099
0.363097
0.363096
0.363094
0.385015
0.384953
0.384889
0.384823
0.384755
0.38469
0.384629
0.384577
0.384535
0.384503
0.384479
0.38446
0.384442
0.384423
0.384401
0.384377
0.384353
0.384332
0.384315
0.384305
0.384303
0.384309
0.384323
0.384345
0.384374
0.38441
0.384452
0.384498
0.384549
0.384604
0.384662
0.384723
0.384784
0.384846
0.384906
0.384964
0.38502
0.38507
0.385116
0.385156
0.38519
0.385217
0.385238
0.385253
0.385263
0.385267
0.385267
0.385263
0.385256
0.385247
0.385235
0.385222
0.385208
0.385193
0.385179
0.385164
0.38515
0.385136
0.385123
0.38511
0.385098
0.385087
0.385076
0.385066
0.385057
0.385049
0.385041
0.385035
0.385029
0.385023
0.385019
0.385015
0.385011
0.385008
0.385005
0.385002
0.384999
0.384996
0.384993
0.38499
0.384986
0.384982
0.384978
0.384974
0.38497
0.384965
0.384961
0.384957
0.384952
0.384948
0.384944
0.384941
0.384938
0.384935
0.384933
0.384931
0.384929
0.384927
0.384925
0.384924
0.408988
0.408919
0.408849
0.408779
0.408708
0.40864
0.408579
0.408526
0.408484
0.408453
0.40843
0.408413
0.408396
0.408378
0.408357
0.408335
0.408313
0.408293
0.408278
0.40827
0.408269
0.408276
0.408292
0.408315
0.408345
0.408382
0.408424
0.408471
0.408523
0.408577
0.408635
0.408694
0.408754
0.408814
0.408873
0.408929
0.408981
0.409029
0.409072
0.409109
0.409139
0.409164
0.409182
0.409194
0.409201
0.409203
0.409201
0.409195
0.409186
0.409175
0.409162
0.409147
0.409132
0.409117
0.409102
0.409087
0.409072
0.409058
0.409044
0.409031
0.409019
0.409008
0.408997
0.408987
0.408978
0.40897
0.408963
0.408956
0.40895
0.408945
0.40894
0.408936
0.408933
0.408929
0.408926
0.408924
0.408921
0.408918
0.408915
0.408912
0.408908
0.408905
0.408901
0.408896
0.408892
0.408887
0.408883
0.408878
0.408873
0.408869
0.408865
0.408861
0.408857
0.408854
0.408852
0.408849
0.408847
0.408845
0.408843
0.408841
0.434616
0.43454
0.434465
0.43439
0.434316
0.434247
0.434184
0.434132
0.434091
0.434061
0.434039
0.434023
0.434008
0.433991
0.433972
0.433951
0.433931
0.433913
0.4339
0.433893
0.433893
0.433902
0.433919
0.433943
0.433974
0.434012
0.434054
0.434102
0.434153
0.434207
0.434264
0.434322
0.434381
0.434439
0.434495
0.434548
0.434598
0.434643
0.434683
0.434717
0.434744
0.434766
0.434781
0.43479
0.434795
0.434795
0.43479
0.434782
0.434772
0.434759
0.434745
0.43473
0.434714
0.434698
0.434682
0.434666
0.434651
0.434637
0.434623
0.43461
0.434598
0.434587
0.434576
0.434567
0.434558
0.434549
0.434542
0.434536
0.43453
0.434525
0.43452
0.434516
0.434513
0.434509
0.434507
0.434504
0.434501
0.434499
0.434496
0.434493
0.434489
0.434486
0.434482
0.434478
0.434473
0.434469
0.434464
0.434459
0.434454
0.434449
0.434445
0.434441
0.434437
0.434434
0.43443
0.434428
0.434425
0.434423
0.434421
0.434419
0.461525
0.461443
0.461363
0.461285
0.461208
0.461137
0.461074
0.461022
0.460982
0.460953
0.460933
0.460919
0.460905
0.460891
0.460873
0.460855
0.460836
0.46082
0.460808
0.460803
0.460805
0.460815
0.460833
0.460858
0.460889
0.460927
0.46097
0.461017
0.461068
0.461122
0.461177
0.461234
0.46129
0.461346
0.4614
0.461451
0.461498
0.46154
0.461576
0.461607
0.461632
0.46165
0.461663
0.46167
0.461672
0.46167
0.461663
0.461654
0.461642
0.461628
0.461613
0.461597
0.46158
0.461564
0.461548
0.461532
0.461517
0.461502
0.461489
0.461476
0.461464
0.461453
0.461442
0.461433
0.461424
0.461416
0.461409
0.461402
0.461397
0.461392
0.461387
0.461383
0.46138
0.461377
0.461374
0.461372
0.461369
0.461367
0.461364
0.461361
0.461358
0.461355
0.461351
0.461347
0.461343
0.461338
0.461334
0.461329
0.461324
0.461319
0.461314
0.46131
0.461306
0.461302
0.461299
0.461295
0.461293
0.46129
0.461288
0.461286
0.48941
0.489323
0.489239
0.489157
0.489079
0.489007
0.488944
0.488892
0.488854
0.488827
0.488809
0.488796
0.488785
0.488772
0.488757
0.48874
0.488724
0.48871
0.4887
0.488697
0.4887
0.488711
0.488729
0.488754
0.488786
0.488824
0.488866
0.488913
0.488963
0.489015
0.48907
0.489124
0.489179
0.489232
0.489284
0.489332
0.489375
0.489414
0.489448
0.489475
0.489497
0.489513
0.489523
0.489528
0.489528
0.489524
0.489516
0.489506
0.489493
0.489478
0.489462
0.489445
0.489428
0.489411
0.489395
0.489379
0.489364
0.48935
0.489336
0.489324
0.489312
0.489301
0.489291
0.489282
0.489273
0.489266
0.489259
0.489252
0.489247
0.489242
0.489238
0.489234
0.489231
0.489228
0.489225
0.489223
0.48922
0.489218
0.489216
0.489213
0.489211
0.489208
0.489204
0.489201
0.489197
0.489192
0.489188
0.489183
0.489179
0.489174
0.489169
0.489164
0.48916
0.489156
0.489152
0.489149
0.489145
0.489142
0.48914
0.489138
0.518037
0.517948
0.517861
0.517776
0.517696
0.517624
0.517562
0.517512
0.517475
0.51745
0.517434
0.517424
0.517415
0.517405
0.517392
0.517377
0.517363
0.517351
0.517344
0.517341
0.517346
0.517357
0.517376
0.517401
0.517433
0.51747
0.517512
0.517557
0.517606
0.517657
0.517709
0.517762
0.517814
0.517865
0.517913
0.517958
0.517999
0.518034
0.518065
0.51809
0.518109
0.518122
0.51813
0.518133
0.518131
0.518126
0.518117
0.518105
0.518091
0.518076
0.518059
0.518043
0.518026
0.518009
0.517992
0.517976
0.517961
0.517947
0.517934
0.517922
0.517911
0.5179
0.517891
0.517882
0.517874
0.517867
0.51786
0.517854
0.517849
0.517844
0.51784
0.517836
0.517833
0.51783
0.517828
0.517826
0.517824
0.517822
0.51782
0.517817
0.517815
0.517813
0.51781
0.517806
0.517803
0.517799
0.517795
0.517791
0.517786
0.517782
0.517777
0.517772
0.517768
0.517763
0.517759
0.517755
0.517752
0.517748
0.517746
0.517744
0.547248
0.547157
0.547068
0.546982
0.546901
0.546829
0.546769
0.546721
0.546686
0.546664
0.546651
0.546643
0.546636
0.546629
0.546618
0.546606
0.546595
0.546585
0.546579
0.546578
0.546584
0.546596
0.546614
0.546639
0.54667
0.546706
0.546747
0.546791
0.546838
0.546886
0.546936
0.546987
0.547036
0.547084
0.547129
0.547171
0.547208
0.547241
0.547268
0.54729
0.547307
0.547318
0.547324
0.547325
0.547322
0.547315
0.547306
0.547293
0.547279
0.547263
0.547247
0.54723
0.547213
0.547197
0.54718
0.547165
0.54715
0.547137
0.547124
0.547112
0.547102
0.547092
0.547083
0.547075
0.547067
0.54706
0.547054
0.547048
0.547043
0.547039
0.547035
0.547031
0.547028
0.547025
0.547023
0.547021
0.547019
0.547018
0.547016
0.547014
0.547012
0.54701
0.547008
0.547006
0.547003
0.547
0.546996
0.546992
0.546988
0.546984
0.546979
0.546974
0.54697
0.546965
0.546961
0.546957
0.546953
0.546949
0.546947
0.546944
0.576953
0.576863
0.576773
0.576686
0.576605
0.576535
0.576477
0.576433
0.576401
0.576382
0.576371
0.576365
0.576362
0.576356
0.576349
0.576339
0.57633
0.576322
0.576318
0.576319
0.576325
0.576338
0.576356
0.57638
0.57641
0.576444
0.576483
0.576525
0.57657
0.576616
0.576663
0.576711
0.576757
0.576802
0.576844
0.576882
0.576916
0.576946
0.57697
0.576989
0.577004
0.577013
0.577017
0.577017
0.577013
0.577006
0.576995
0.576982
0.576968
0.576953
0.576936
0.57692
0.576903
0.576887
0.576872
0.576857
0.576843
0.57683
0.576818
0.576807
0.576797
0.576788
0.576779
0.576772
0.576765
0.576758
0.576752
0.576747
0.576742
0.576738
0.576734
0.576731
0.576728
0.576725
0.576723
0.576721
0.57672
0.576719
0.576717
0.576716
0.576715
0.576713
0.576712
0.57671
0.576708
0.576705
0.576702
0.576699
0.576695
0.576691
0.576687
0.576683
0.576678
0.576674
0.576669
0.576665
0.576661
0.576657
0.576654
0.576651
0.607133
0.607044
0.606953
0.606866
0.606788
0.606721
0.606667
0.606627
0.606599
0.606582
0.606574
0.606571
0.606569
0.606567
0.606562
0.606555
0.606548
0.606542
0.60654
0.606542
0.606549
0.606562
0.60658
0.606603
0.606631
0.606663
0.6067
0.606739
0.606781
0.606825
0.606869
0.606913
0.606956
0.606997
0.607036
0.607071
0.607102
0.607128
0.607149
0.607166
0.607178
0.607186
0.607189
0.607188
0.607183
0.607175
0.607164
0.607152
0.607137
0.607122
0.607107
0.607091
0.607075
0.60706
0.607045
0.607031
0.607017
0.607005
0.606994
0.606984
0.606974
0.606966
0.606958
0.606952
0.606945
0.606939
0.606934
0.606929
0.606925
0.606921
0.606917
0.606914
0.606911
0.606909
0.606907
0.606905
0.606904
0.606903
0.606902
0.606901
0.6069
0.6069
0.606899
0.606897
0.606896
0.606894
0.606892
0.60689
0.606887
0.606884
0.60688
0.606876
0.606871
0.606867
0.606862
0.606858
0.606854
0.606849
0.606846
0.606842
0.637828
0.637741
0.63765
0.637565
0.63749
0.637428
0.637379
0.637344
0.63732
0.637306
0.637301
0.6373
0.637301
0.637301
0.637298
0.637294
0.637289
0.637285
0.637285
0.637288
0.637296
0.637308
0.637325
0.637347
0.637373
0.637403
0.637437
0.637473
0.637512
0.637552
0.637593
0.637633
0.637673
0.637711
0.637746
0.637777
0.637805
0.637828
0.637847
0.637861
0.637871
0.637877
0.637879
0.637878
0.637872
0.637864
0.637854
0.637842
0.637828
0.637813
0.637798
0.637784
0.637769
0.637754
0.63774
0.637727
0.637715
0.637704
0.637693
0.637684
0.637676
0.637668
0.637661
0.637655
0.63765
0.637644
0.63764
0.637635
0.637631
0.637628
0.637625
0.637622
0.637619
0.637617
0.637615
0.637613
0.637612
0.637611
0.637611
0.63761
0.63761
0.63761
0.637609
0.637609
0.637608
0.637607
0.637606
0.637604
0.637602
0.6376
0.637597
0.637593
0.637589
0.637585
0.63758
0.637576
0.637572
0.637567
0.637563
0.637558
0.669136
0.669051
0.668961
0.668878
0.668808
0.668753
0.668712
0.668682
0.668663
0.668652
0.668648
0.668649
0.668652
0.668654
0.668654
0.668651
0.668648
0.668647
0.668648
0.668652
0.66866
0.668672
0.668688
0.668708
0.668732
0.66876
0.66879
0.668823
0.668859
0.668895
0.668932
0.668969
0.669005
0.669039
0.66907
0.669098
0.669123
0.669143
0.669159
0.669171
0.66918
0.669185
0.669186
0.669184
0.669179
0.669171
0.669161
0.669149
0.669136
0.669123
0.669109
0.669095
0.669081
0.669068
0.669056
0.669043
0.669032
0.669022
0.669013
0.669004
0.668997
0.66899
0.668984
0.668979
0.668974
0.66897
0.668966
0.668962
0.668959
0.668955
0.668952
0.66895
0.668947
0.668945
0.668943
0.668942
0.668941
0.66894
0.66894
0.66894
0.66894
0.66894
0.66894
0.668941
0.668941
0.668941
0.66894
0.668939
0.668938
0.668936
0.668934
0.668931
0.668928
0.668924
0.668919
0.668915
0.668911
0.668906
0.668902
0.668896
0.701209
0.701125
0.701034
0.700955
0.700893
0.700847
0.700814
0.700791
0.700775
0.700767
0.700765
0.700767
0.700771
0.700774
0.700776
0.700775
0.700774
0.700774
0.700776
0.700781
0.700789
0.700801
0.700816
0.700834
0.700855
0.70088
0.700907
0.700937
0.700968
0.701001
0.701034
0.701067
0.701099
0.701129
0.701157
0.701182
0.701203
0.701221
0.701235
0.701245
0.701252
0.701256
0.701257
0.701255
0.70125
0.701242
0.701233
0.701222
0.701211
0.701198
0.701186
0.701173
0.701161
0.701149
0.701138
0.701127
0.701117
0.701108
0.7011
0.701092
0.701086
0.70108
0.701075
0.701071
0.701067
0.701063
0.70106
0.701057
0.701053
0.701051
0.701048
0.701045
0.701043
0.701041
0.70104
0.701038
0.701037
0.701037
0.701037
0.701037
0.701037
0.701038
0.701039
0.701039
0.70104
0.701041
0.701041
0.701042
0.701041
0.70104
0.701039
0.701037
0.701034
0.70103
0.701026
0.701022
0.701018
0.701013
0.701008
0.701001
0.734253
0.734171
0.734072
0.733992
0.73394
0.733906
0.733882
0.733865
0.733854
0.733847
0.733846
0.733848
0.733851
0.733856
0.733859
0.733859
0.733859
0.73386
0.733863
0.733868
0.733877
0.733887
0.733901
0.733917
0.733936
0.733957
0.733981
0.734007
0.734034
0.734063
0.734092
0.734121
0.734149
0.734175
0.7342
0.734222
0.73424
0.734256
0.734268
0.734277
0.734283
0.734286
0.734287
0.734285
0.73428
0.734274
0.734265
0.734256
0.734245
0.734234
0.734223
0.734212
0.734202
0.734192
0.734182
0.734172
0.734164
0.734156
0.734149
0.734142
0.734137
0.734132
0.734128
0.734124
0.734121
0.734118
0.734116
0.734113
0.734111
0.734108
0.734106
0.734104
0.734102
0.7341
0.734098
0.734097
0.734096
0.734095
0.734095
0.734096
0.734096
0.734097
0.734099
0.7341
0.734101
0.734103
0.734104
0.734105
0.734105
0.734105
0.734104
0.734103
0.734101
0.734098
0.734095
0.734091
0.734087
0.734082
0.734076
0.734065
0.76854
0.768457
0.768334
0.768241
0.768198
0.768177
0.768163
0.768152
0.768143
0.768137
0.768135
0.768136
0.768138
0.768142
0.768146
0.768148
0.768148
0.768149
0.768152
0.768158
0.768165
0.768175
0.768187
0.768201
0.768217
0.768235
0.768255
0.768277
0.768301
0.768325
0.76835
0.768375
0.768399
0.768422
0.768443
0.768462
0.768478
0.768492
0.768503
0.768511
0.768517
0.76852
0.768521
0.76852
0.768516
0.76851
0.768503
0.768495
0.768486
0.768477
0.768467
0.768458
0.768449
0.768441
0.768432
0.768425
0.768417
0.768411
0.768405
0.768399
0.768395
0.768391
0.768388
0.768385
0.768383
0.76838
0.768378
0.768376
0.768374
0.768372
0.768371
0.768369
0.768367
0.768365
0.768364
0.768362
0.768361
0.768361
0.768361
0.768361
0.768362
0.768363
0.768365
0.768366
0.768368
0.76837
0.768372
0.768373
0.768374
0.768375
0.768375
0.768375
0.768374
0.768372
0.768369
0.768366
0.768362
0.768358
0.76835
0.768331
0.80443
0.80434
0.804179
0.804051
0.804013
0.804007
0.804002
0.803994
0.803986
0.803979
0.803975
0.803973
0.803972
0.803975
0.803978
0.80398
0.803981
0.803982
0.803985
0.803989
0.803996
0.804004
0.804014
0.804026
0.804039
0.804054
0.80407
0.804088
0.804107
0.804128
0.804149
0.80417
0.80419
0.80421
0.804228
0.804244
0.804259
0.804272
0.804283
0.804291
0.804297
0.804301
0.804302
0.804301
0.804298
0.804294
0.804289
0.804282
0.804275
0.804268
0.80426
0.804253
0.804246
0.804239
0.804232
0.804226
0.80422
0.804215
0.80421
0.804206
0.804202
0.804199
0.804197
0.804195
0.804193
0.804191
0.80419
0.804188
0.804187
0.804185
0.804184
0.804182
0.804181
0.804179
0.804178
0.804176
0.804176
0.804175
0.804175
0.804175
0.804176
0.804177
0.804178
0.80418
0.804182
0.804184
0.804186
0.804189
0.80419
0.804192
0.804193
0.804193
0.804193
0.804192
0.80419
0.804187
0.804184
0.80418
0.804169
0.804131
0.842424
0.842351
0.842273
0.842114
0.842085
0.842097
0.842099
0.842093
0.842083
0.842074
0.842067
0.84206
0.842054
0.842053
0.842055
0.842058
0.842059
0.84206
0.842061
0.842063
0.842068
0.842074
0.842082
0.842091
0.842101
0.842113
0.842126
0.84214
0.842155
0.842172
0.842189
0.842206
0.842223
0.842239
0.842254
0.842267
0.842281
0.842295
0.842308
0.842317
0.842324
0.842328
0.842331
0.842331
0.84233
0.842327
0.842323
0.842319
0.842314
0.842308
0.842303
0.842298
0.842292
0.842287
0.842282
0.842278
0.842273
0.842269
0.842266
0.842262
0.84226
0.842258
0.842256
0.842254
0.842253
0.842252
0.842251
0.84225
0.842249
0.842248
0.842247
0.842245
0.842244
0.842243
0.842242
0.84224
0.84224
0.842239
0.842239
0.842239
0.842239
0.84224
0.842242
0.842243
0.842245
0.842247
0.84225
0.842252
0.842254
0.842256
0.842258
0.842259
0.84226
0.842259
0.842258
0.842256
0.842254
0.84225
0.842234
0.842157
0.883501
0.883845
0.884656
0.884676
0.884706
0.884745
0.884754
0.884745
0.884731
0.884719
0.884709
0.884697
0.884685
0.884678
0.884678
0.884683
0.884686
0.884686
0.884686
0.884686
0.884688
0.884692
0.884697
0.884703
0.884711
0.884719
0.884729
0.884739
0.884751
0.884763
0.884777
0.88479
0.884804
0.884817
0.884828
0.884838
0.884849
0.884863
0.884877
0.884889
0.884897
0.884903
0.884907
0.884909
0.884909
0.884909
0.884907
0.884905
0.884902
0.884899
0.884896
0.884892
0.884889
0.884886
0.884883
0.88488
0.884877
0.884874
0.884871
0.884869
0.884867
0.884866
0.884865
0.884864
0.884863
0.884862
0.884862
0.884861
0.88486
0.884859
0.884859
0.884858
0.884856
0.884855
0.884854
0.884853
0.884852
0.884851
0.884851
0.884851
0.884851
0.884852
0.884853
0.884854
0.884856
0.884858
0.88486
0.884863
0.884865
0.884868
0.88487
0.884871
0.884873
0.884873
0.884873
0.884872
0.884871
0.884868
0.884846
0.884745
0.932367
0.936324
0.941755
0.94274
0.943007
0.94309
0.943102
0.943087
0.943068
0.943053
0.943042
0.94303
0.943015
0.943005
0.943008
0.943019
0.943027
0.943029
0.943027
0.943024
0.943022
0.943022
0.943024
0.943028
0.943033
0.943038
0.943045
0.943051
0.943059
0.943068
0.943077
0.943088
0.943099
0.943109
0.943116
0.943118
0.943121
0.943129
0.943139
0.943149
0.943157
0.943163
0.943168
0.943172
0.943175
0.943177
0.943178
0.943179
0.943179
0.943178
0.943178
0.943177
0.943176
0.943174
0.943173
0.943172
0.94317
0.943169
0.943167
0.943165
0.943164
0.943163
0.943162
0.943162
0.943161
0.943161
0.943161
0.943161
0.94316
0.94316
0.943159
0.943158
0.943157
0.943156
0.943155
0.943154
0.943153
0.943152
0.943151
0.943151
0.943151
0.943151
0.943151
0.943152
0.943154
0.943155
0.943157
0.94316
0.943162
0.943165
0.943167
0.94317
0.943172
0.943173
0.943174
0.943174
0.943174
0.943175
0.943157
0.943264
1.0394
1.07466
1.10438
1.10659
1.10701
1.10709
1.10709
1.10706
1.10702
1.107
1.107
1.10699
1.10698
1.10697
1.10698
1.10701
1.10703
1.10703
1.10702
1.10701
1.10701
1.107
1.107
1.107
1.107
1.107
1.10701
1.10701
1.10701
1.10702
1.10702
1.10703
1.10704
1.10705
1.10705
1.10704
1.10702
1.10701
1.10701
1.10702
1.10702
1.10703
1.10704
1.10704
1.10705
1.10706
1.10706
1.10707
1.10707
1.10707
1.10708
1.10708
1.10708
1.10708
1.10708
1.10709
1.10709
1.10709
1.10708
1.10708
1.10708
1.10708
1.10708
1.10708
1.10708
1.10708
1.10708
1.10708
1.10708
1.10708
1.10708
1.10708
1.10708
1.10708
1.10708
1.10708
1.10707
1.10707
1.10707
1.10707
1.10707
1.10707
1.10707
1.10707
1.10707
1.10707
1.10707
1.10708
1.10708
1.10708
1.10708
1.10709
1.10709
1.10709
1.1071
1.1071
1.1071
1.10711
1.1071
1.10778
)
;

boundaryField
{
    inlet
    {
        type            cyclic;
    }
    outlet
    {
        type            cyclic;
    }
    bottomWall
    {
        type            kqRWallFunction;
        value           nonuniform List<scalar> 
100
(
1.1278
1.04665
1.03966
1.03942
1.07325
1.07484
1.07574
1.07616
1.0763
1.07634
1.07633
1.0766
1.10703
1.13031
1.03938
1.03378
1.03382
1.03397
1.03527
1.03582
1.036
1.03606
1.03607
1.03608
1.03608
1.03608
1.03609
1.03609
1.0361
1.0361
1.0361
1.03611
1.03611
1.03612
1.03613
1.03635
1.04001
1.07388
1.07505
1.0758
1.0762
1.07634
1.07639
1.07641
1.07642
1.07643
1.07644
1.07644
1.07645
1.07645
1.07645
1.07646
1.07646
1.07646
1.07646
1.07646
1.07647
1.07647
1.07647
1.07647
1.07647
1.07647
1.07647
1.07647
1.07647
1.07647
1.07647
1.07647
1.07647
1.07647
1.07647
1.07646
1.07646
1.07646
1.07646
1.07646
1.07646
1.07646
1.07646
1.07646
1.07647
1.07647
1.07647
1.07646
1.07646
1.07646
1.07646
1.07646
1.07646
1.07645
1.07645
1.07645
1.07645
1.07644
1.07644
1.07644
1.07643
1.07643
1.07658
1.0797
)
;
    }
    topWall
    {
        type            kqRWallFunction;
        value           nonuniform List<scalar> 
100
(
1.0394
1.07466
1.10438
1.10659
1.10701
1.10709
1.10709
1.10706
1.10702
1.107
1.107
1.10699
1.10698
1.10697
1.10698
1.10701
1.10703
1.10703
1.10702
1.10701
1.10701
1.107
1.107
1.107
1.107
1.107
1.10701
1.10701
1.10701
1.10702
1.10702
1.10703
1.10704
1.10705
1.10705
1.10704
1.10702
1.10701
1.10701
1.10702
1.10702
1.10703
1.10704
1.10704
1.10705
1.10706
1.10706
1.10707
1.10707
1.10707
1.10708
1.10708
1.10708
1.10708
1.10708
1.10709
1.10709
1.10709
1.10708
1.10708
1.10708
1.10708
1.10708
1.10708
1.10708
1.10708
1.10708
1.10708
1.10708
1.10708
1.10708
1.10708
1.10708
1.10708
1.10708
1.10708
1.10707
1.10707
1.10707
1.10707
1.10707
1.10707
1.10707
1.10707
1.10707
1.10707
1.10707
1.10708
1.10708
1.10708
1.10708
1.10709
1.10709
1.10709
1.1071
1.1071
1.1071
1.10711
1.1071
1.10778
)
;
    }
    frontAndBack
    {
        type            empty;
    }
}


// ************************************************************************* //
