/*--------------------------------*- C++ -*----------------------------------*\
  =========                 |
  \\      /  F ield         | OpenFOAM: The Open Source CFD Toolbox
   \\    /   O peration     | Website:  https://openfoam.org
    \\  /    A nd           | Version:  11
     \\/     M anipulation  |
\*---------------------------------------------------------------------------*/
FoamFile
{
    format      ascii;
    class       volScalarField;
    location    "300";
    object      nut;
}
// * * * * * * * * * * * * * * * * * * * * * * * * * * * * * * * * * * * * * //

dimensions      [0 2 -1 0 0 0 0];

internalField   nonuniform List<scalar> 
5000
(
8.07129e-05
7.34167e-05
7.26305e-05
7.25873e-05
7.54751e-05
7.5367e-05
7.53757e-05
7.53948e-05
7.54027e-05
7.54048e-05
7.54048e-05
7.54044e-05
7.83873e-05
8.10184e-05
6.59073e-05
6.55087e-05
7.27654e-05
7.21049e-05
7.20201e-05
7.20122e-05
7.20117e-05
7.20118e-05
7.20119e-05
7.20119e-05
7.2012e-05
7.20122e-05
7.20123e-05
7.20126e-05
7.20129e-05
7.20133e-05
7.20136e-05
7.20139e-05
7.20142e-05
7.20146e-05
7.20148e-05
7.20139e-05
7.24161e-05
7.54467e-05
7.53647e-05
7.53759e-05
7.53965e-05
7.54056e-05
7.54089e-05
7.54102e-05
7.54108e-05
7.54113e-05
7.54116e-05
7.54119e-05
7.54121e-05
7.54123e-05
7.54125e-05
7.54126e-05
7.54127e-05
7.54128e-05
7.54129e-05
7.54129e-05
7.5413e-05
7.5413e-05
7.5413e-05
7.5413e-05
7.5413e-05
7.5413e-05
7.5413e-05
7.5413e-05
7.5413e-05
7.5413e-05
7.5413e-05
7.54129e-05
7.54129e-05
7.54128e-05
7.54128e-05
7.54127e-05
7.54127e-05
7.54126e-05
7.54126e-05
7.54126e-05
7.54127e-05
7.54127e-05
7.54127e-05
7.54127e-05
7.54127e-05
7.54127e-05
7.54127e-05
7.54127e-05
7.54126e-05
7.54125e-05
7.54124e-05
7.54123e-05
7.54121e-05
7.54119e-05
7.54118e-05
7.54116e-05
7.54114e-05
7.54113e-05
7.54111e-05
7.5411e-05
7.54109e-05
7.54113e-05
7.54125e-05
7.56978e-05
0.000164745
0.000161718
0.00016093
0.000160774
0.000162306
0.000162546
0.000162587
0.000162601
0.000162607
0.000162609
0.000162608
0.000162599
0.000164015
0.000165387
0.000158461
0.000157476
0.000160445
0.000160433
0.000160398
0.000160398
0.000160403
0.000160405
0.000160407
0.000160408
0.000160409
0.00016041
0.000160411
0.000160412
0.000160413
0.000160415
0.000160416
0.000160417
0.000160419
0.00016042
0.00016042
0.000160424
0.000160621
0.000162273
0.000162549
0.0001626
0.00016262
0.000162629
0.000162633
0.000162634
0.000162635
0.000162635
0.000162635
0.000162635
0.000162635
0.000162635
0.000162635
0.000162634
0.000162634
0.000162634
0.000162634
0.000162633
0.000162633
0.000162633
0.000162633
0.000162633
0.000162632
0.000162632
0.000162632
0.000162632
0.000162632
0.000162631
0.000162631
0.000162631
0.000162631
0.000162631
0.000162631
0.000162631
0.000162631
0.000162631
0.000162631
0.000162631
0.000162631
0.000162631
0.000162631
0.000162631
0.000162631
0.00016263
0.00016263
0.00016263
0.00016263
0.00016263
0.000162629
0.000162629
0.000162628
0.000162628
0.000162628
0.000162628
0.000162627
0.000162627
0.000162627
0.000162627
0.000162627
0.000162626
0.000162629
0.000162789
0.00025553
0.000254583
0.000254205
0.00025411
0.000254415
0.000254386
0.00025435
0.000254338
0.000254335
0.000254333
0.000254331
0.000254308
0.000255013
0.000255842
0.000254242
0.000253844
0.000253938
0.000253734
0.000253658
0.000253645
0.000253647
0.000253651
0.000253655
0.000253659
0.000253662
0.000253664
0.000253667
0.00025367
0.000253674
0.000253677
0.000253681
0.000253684
0.000253688
0.000253692
0.000253695
0.000253688
0.000253892
0.000254357
0.000254394
0.000254384
0.000254385
0.00025439
0.000254394
0.000254396
0.000254396
0.000254396
0.000254396
0.000254395
0.000254394
0.000254393
0.000254391
0.00025439
0.000254389
0.000254388
0.000254387
0.000254386
0.000254385
0.000254384
0.000254384
0.000254383
0.000254382
0.000254381
0.000254381
0.00025438
0.000254379
0.000254379
0.000254378
0.000254378
0.000254377
0.000254377
0.000254377
0.000254377
0.000254377
0.000254377
0.000254377
0.000254377
0.000254377
0.000254377
0.000254377
0.000254376
0.000254376
0.000254376
0.000254375
0.000254375
0.000254374
0.000254373
0.000254373
0.000254372
0.000254371
0.000254371
0.000254371
0.00025437
0.00025437
0.00025437
0.00025437
0.00025437
0.000254371
0.00025437
0.000254363
0.000254488
0.000345255
0.000345046
0.000344936
0.000344903
0.000344843
0.000344738
0.000344686
0.000344666
0.000344659
0.000344655
0.000344652
0.000344628
0.000344915
0.000345292
0.000345051
0.000344966
0.000344751
0.000344598
0.00034455
0.000344545
0.000344552
0.000344559
0.000344567
0.000344573
0.000344579
0.000344585
0.000344592
0.000344598
0.000344604
0.000344611
0.000344618
0.000344626
0.000344634
0.000344641
0.000344648
0.000344642
0.000344778
0.000344831
0.000344782
0.000344758
0.000344757
0.000344763
0.000344768
0.000344771
0.000344772
0.000344772
0.000344771
0.000344769
0.000344767
0.000344765
0.000344763
0.00034476
0.000344758
0.000344755
0.000344753
0.000344751
0.000344749
0.000344748
0.000344746
0.000344744
0.000344743
0.000344741
0.000344739
0.000344738
0.000344737
0.000344736
0.000344735
0.000344734
0.000344733
0.000344733
0.000344733
0.000344732
0.000344732
0.000344732
0.000344732
0.000344732
0.000344731
0.000344731
0.000344731
0.00034473
0.000344729
0.000344728
0.000344727
0.000344727
0.000344725
0.000344725
0.000344723
0.000344723
0.000344722
0.000344721
0.000344721
0.000344721
0.000344721
0.000344721
0.000344721
0.000344722
0.000344723
0.000344722
0.000344715
0.000344777
0.000429973
0.000429942
0.000429918
0.000429904
0.000429809
0.000429724
0.000429681
0.000429663
0.000429653
0.000429647
0.000429643
0.000429623
0.000429723
0.000429862
0.000429857
0.000429846
0.000429727
0.000429657
0.000429641
0.000429647
0.000429659
0.00042967
0.000429682
0.000429692
0.000429702
0.000429712
0.000429722
0.000429733
0.000429744
0.000429755
0.000429767
0.00042978
0.000429792
0.000429805
0.000429817
0.000429816
0.000429888
0.000429863
0.000429819
0.000429806
0.00042981
0.000429819
0.000429826
0.00042983
0.000429832
0.000429832
0.000429831
0.000429829
0.000429825
0.000429822
0.000429818
0.000429815
0.000429811
0.000429807
0.000429803
0.0004298
0.000429797
0.000429794
0.000429791
0.000429788
0.000429785
0.000429783
0.00042978
0.000429778
0.000429776
0.000429774
0.000429773
0.000429772
0.000429771
0.00042977
0.000429769
0.000429769
0.000429768
0.000429768
0.000429768
0.000429767
0.000429766
0.000429766
0.000429765
0.000429763
0.000429762
0.000429761
0.000429759
0.000429758
0.000429757
0.000429755
0.000429754
0.000429753
0.000429752
0.000429751
0.000429751
0.000429751
0.000429751
0.000429752
0.000429752
0.000429753
0.000429754
0.000429753
0.000429748
0.000429762
0.000508365
0.000508353
0.000508337
0.000508317
0.000508247
0.000508187
0.000508153
0.000508134
0.000508121
0.000508112
0.000508106
0.000508089
0.000508117
0.000508155
0.000508161
0.000508154
0.000508103
0.000508079
0.00050808
0.000508092
0.000508107
0.000508122
0.000508137
0.000508151
0.000508166
0.00050818
0.000508195
0.000508211
0.000508227
0.000508244
0.000508262
0.000508281
0.000508299
0.000508318
0.000508336
0.000508343
0.00050838
0.00050836
0.000508339
0.000508339
0.000508349
0.000508361
0.00050837
0.000508375
0.000508378
0.000508378
0.000508376
0.000508373
0.000508369
0.000508365
0.00050836
0.000508354
0.000508349
0.000508344
0.000508339
0.000508334
0.000508329
0.000508325
0.000508321
0.000508317
0.000508312
0.000508309
0.000508305
0.000508302
0.000508299
0.000508297
0.000508295
0.000508293
0.000508292
0.000508291
0.00050829
0.000508289
0.000508288
0.000508287
0.000508286
0.000508285
0.000508284
0.000508283
0.000508281
0.00050828
0.000508278
0.000508276
0.000508274
0.000508272
0.00050827
0.000508269
0.000508267
0.000508266
0.000508265
0.000508265
0.000508265
0.000508265
0.000508265
0.000508266
0.000508267
0.000508268
0.000508269
0.000508268
0.000508265
0.000508255
0.000579964
0.000579939
0.000579911
0.000579879
0.000579824
0.000579775
0.000579742
0.00057972
0.000579703
0.00057969
0.000579682
0.000579667
0.000579667
0.000579668
0.00057966
0.000579646
0.000579621
0.000579613
0.00057962
0.000579634
0.000579651
0.000579668
0.000579687
0.000579705
0.000579724
0.000579743
0.000579763
0.000579784
0.000579806
0.00057983
0.000579854
0.000579879
0.000579905
0.000579931
0.000579956
0.000579972
0.000579995
0.000579992
0.00057999
0.000579999
0.000580013
0.000580027
0.000580037
0.000580044
0.000580047
0.000580048
0.000580046
0.000580042
0.000580037
0.000580031
0.000580025
0.000580018
0.000580012
0.000580005
0.000579998
0.000579992
0.000579986
0.00057998
0.000579975
0.000579969
0.000579964
0.000579959
0.000579955
0.000579951
0.000579947
0.000579944
0.000579941
0.000579939
0.000579937
0.000579936
0.000579934
0.000579933
0.000579932
0.000579931
0.000579929
0.000579927
0.000579926
0.000579924
0.000579921
0.000579919
0.000579917
0.000579914
0.000579912
0.00057991
0.000579908
0.000579906
0.000579905
0.000579904
0.000579903
0.000579903
0.000579903
0.000579903
0.000579904
0.000579905
0.000579906
0.000579907
0.000579907
0.000579906
0.000579904
0.000579888
0.000644597
0.000644559
0.000644517
0.000644473
0.00064442
0.000644372
0.000644335
0.000644306
0.000644284
0.000644268
0.000644258
0.000644244
0.000644234
0.000644222
0.000644205
0.000644186
0.000644167
0.000644163
0.000644171
0.000644185
0.000644202
0.000644222
0.000644243
0.000644265
0.000644288
0.000644312
0.000644338
0.000644365
0.000644393
0.000644423
0.000644455
0.000644487
0.00064452
0.000644553
0.000644586
0.000644611
0.000644634
0.000644645
0.000644655
0.00064467
0.000644688
0.000644703
0.000644715
0.000644723
0.000644727
0.000644728
0.000644726
0.000644722
0.000644716
0.000644709
0.000644702
0.000644694
0.000644686
0.000644678
0.00064467
0.000644662
0.000644655
0.000644648
0.000644641
0.000644634
0.000644628
0.000644622
0.000644617
0.000644612
0.000644608
0.000644604
0.000644601
0.000644598
0.000644596
0.000644594
0.000644592
0.00064459
0.000644588
0.000644586
0.000644584
0.000644582
0.00064458
0.000644577
0.000644574
0.000644572
0.000644569
0.000644566
0.000644563
0.000644561
0.000644559
0.000644557
0.000644556
0.000644555
0.000644554
0.000644554
0.000644554
0.000644555
0.000644556
0.000644557
0.000644558
0.000644559
0.000644559
0.000644558
0.000644556
0.000644541
0.00070222
0.000702169
0.000702116
0.000702062
0.000702005
0.000701953
0.00070191
0.000701875
0.000701848
0.000701829
0.000701816
0.000701803
0.00070179
0.000701773
0.000701753
0.000701731
0.000701713
0.000701708
0.000701713
0.000701727
0.000701745
0.000701766
0.00070179
0.000701816
0.000701843
0.000701872
0.000701903
0.000701936
0.000701971
0.000702007
0.000702046
0.000702086
0.000702127
0.000702168
0.000702208
0.000702241
0.000702271
0.000702292
0.000702311
0.000702332
0.000702352
0.00070237
0.000702384
0.000702393
0.000702398
0.0007024
0.000702398
0.000702393
0.000702387
0.00070238
0.000702371
0.000702362
0.000702353
0.000702344
0.000702335
0.000702326
0.000702318
0.000702309
0.000702301
0.000702293
0.000702286
0.00070228
0.000702274
0.000702268
0.000702264
0.00070226
0.000702256
0.000702253
0.00070225
0.000702247
0.000702245
0.000702242
0.00070224
0.000702238
0.000702235
0.000702232
0.000702229
0.000702226
0.000702223
0.000702219
0.000702216
0.000702213
0.000702211
0.000702208
0.000702206
0.000702205
0.000702203
0.000702203
0.000702202
0.000702202
0.000702203
0.000702204
0.000702205
0.000702206
0.000702206
0.000702207
0.000702207
0.000702205
0.000702203
0.000702192
0.000752869
0.00075281
0.000752747
0.000752684
0.000752622
0.000752564
0.000752514
0.000752474
0.000752443
0.000752421
0.000752407
0.000752394
0.00075238
0.000752363
0.000752341
0.000752318
0.000752299
0.000752291
0.000752295
0.000752308
0.000752326
0.00075235
0.000752376
0.000752405
0.000752437
0.00075247
0.000752506
0.000752545
0.000752586
0.00075263
0.000752676
0.000752723
0.000752772
0.000752821
0.000752868
0.00075291
0.000752947
0.000752978
0.000753005
0.00075303
0.000753054
0.000753075
0.000753091
0.000753102
0.000753109
0.000753111
0.000753109
0.000753105
0.000753098
0.00075309
0.000753081
0.000753071
0.000753061
0.000753052
0.000753042
0.000753032
0.000753022
0.000753013
0.000753004
0.000752996
0.000752988
0.000752981
0.000752974
0.000752969
0.000752963
0.000752959
0.000752955
0.000752951
0.000752948
0.000752945
0.000752942
0.000752939
0.000752936
0.000752933
0.00075293
0.000752926
0.000752923
0.000752919
0.000752916
0.000752912
0.000752909
0.000752906
0.000752904
0.000752901
0.000752899
0.000752898
0.000752897
0.000752896
0.000752896
0.000752897
0.000752897
0.000752898
0.000752899
0.0007529
0.0007529
0.0007529
0.0007529
0.000752898
0.000752896
0.000752887
0.000796662
0.000796595
0.000796525
0.000796456
0.000796387
0.000796323
0.000796267
0.000796222
0.000796188
0.000796164
0.000796149
0.000796137
0.000796124
0.000796107
0.000796086
0.000796061
0.000796042
0.000796033
0.000796035
0.000796047
0.000796066
0.000796091
0.00079612
0.000796153
0.000796188
0.000796226
0.000796267
0.000796311
0.000796358
0.000796409
0.000796462
0.000796517
0.000796573
0.000796629
0.000796684
0.000796735
0.00079678
0.000796819
0.000796853
0.000796884
0.000796912
0.000796936
0.000796955
0.000796968
0.000796976
0.000796979
0.000796978
0.000796974
0.000796968
0.000796959
0.00079695
0.00079694
0.00079693
0.000796919
0.000796908
0.000796898
0.000796888
0.000796878
0.000796869
0.00079686
0.000796852
0.000796844
0.000796837
0.000796831
0.000796826
0.000796821
0.000796817
0.000796813
0.000796809
0.000796805
0.000796802
0.000796799
0.000796795
0.000796792
0.000796788
0.000796784
0.000796781
0.000796777
0.000796773
0.00079677
0.000796767
0.000796764
0.000796761
0.000796759
0.000796758
0.000796757
0.000796756
0.000796756
0.000796756
0.000796756
0.000796757
0.000796758
0.000796758
0.000796759
0.000796759
0.000796758
0.000796758
0.000796755
0.000796753
0.000796746
0.000833793
0.00083372
0.000833645
0.00083357
0.000833495
0.000833426
0.000833365
0.000833316
0.000833279
0.000833254
0.000833239
0.000833228
0.000833217
0.000833201
0.000833181
0.000833157
0.000833137
0.000833127
0.000833128
0.000833139
0.000833159
0.000833186
0.000833217
0.000833253
0.000833292
0.000833334
0.00083338
0.000833429
0.000833482
0.000833539
0.000833599
0.000833661
0.000833725
0.000833788
0.000833851
0.00083391
0.000833963
0.00083401
0.000834052
0.000834089
0.000834121
0.000834148
0.00083417
0.000834186
0.000834195
0.0008342
0.0008342
0.000834197
0.00083419
0.000834182
0.000834173
0.000834163
0.000834152
0.000834142
0.000834131
0.00083412
0.00083411
0.0008341
0.00083409
0.000834081
0.000834073
0.000834065
0.000834058
0.000834052
0.000834047
0.000834041
0.000834037
0.000834032
0.000834028
0.000834025
0.000834021
0.000834017
0.000834013
0.000834009
0.000834005
0.000834002
0.000833998
0.000833994
0.000833991
0.000833987
0.000833984
0.000833982
0.00083398
0.000833978
0.000833977
0.000833976
0.000833976
0.000833976
0.000833976
0.000833977
0.000833977
0.000833978
0.000833978
0.000833979
0.000833978
0.000833977
0.000833976
0.000833973
0.000833971
0.000833964
0.000864538
0.000864461
0.000864381
0.000864301
0.000864222
0.000864148
0.000864083
0.00086403
0.000863992
0.000863967
0.000863952
0.000863943
0.000863933
0.000863919
0.000863901
0.000863878
0.000863859
0.000863848
0.000863848
0.000863859
0.00086388
0.000863908
0.000863942
0.00086398
0.000864023
0.000864069
0.000864119
0.000864173
0.000864232
0.000864295
0.000864361
0.00086443
0.000864501
0.000864572
0.000864642
0.000864709
0.00086477
0.000864825
0.000864874
0.000864916
0.000864954
0.000864985
0.00086501
0.000865028
0.00086504
0.000865046
0.000865048
0.000865045
0.00086504
0.000865033
0.000865024
0.000865014
0.000865003
0.000864993
0.000864982
0.000864971
0.000864961
0.000864951
0.000864941
0.000864932
0.000864924
0.000864917
0.00086491
0.000864904
0.000864898
0.000864893
0.000864888
0.000864883
0.000864879
0.000864875
0.000864871
0.000864867
0.000864863
0.000864859
0.000864855
0.000864851
0.000864847
0.000864844
0.000864841
0.000864838
0.000864835
0.000864833
0.000864832
0.00086483
0.00086483
0.000864829
0.000864829
0.00086483
0.00086483
0.000864831
0.000864831
0.000864832
0.000864832
0.000864832
0.000864831
0.00086483
0.000864828
0.000864825
0.000864823
0.000864817
0.000889249
0.000889168
0.000889085
0.000889002
0.000888919
0.00088884
0.000888772
0.000888717
0.000888677
0.000888652
0.000888638
0.000888631
0.000888624
0.000888612
0.000888596
0.000888575
0.000888557
0.000888546
0.000888546
0.000888557
0.000888578
0.000888607
0.000888643
0.000888684
0.00088873
0.00088878
0.000888834
0.000888893
0.000888957
0.000889025
0.000889097
0.000889173
0.00088925
0.000889329
0.000889406
0.000889481
0.00088955
0.000889612
0.000889668
0.000889717
0.00088976
0.000889795
0.000889824
0.000889845
0.000889859
0.000889868
0.000889871
0.00088987
0.000889866
0.000889859
0.000889851
0.000889841
0.000889831
0.000889821
0.000889811
0.0008898
0.00088979
0.00088978
0.000889771
0.000889763
0.000889755
0.000889748
0.000889741
0.000889735
0.000889729
0.000889724
0.000889719
0.000889714
0.00088971
0.000889706
0.000889701
0.000889697
0.000889693
0.000889689
0.000889686
0.000889682
0.000889679
0.000889675
0.000889673
0.00088967
0.000889668
0.000889667
0.000889666
0.000889665
0.000889665
0.000889665
0.000889665
0.000889666
0.000889667
0.000889667
0.000889668
0.000889668
0.000889668
0.000889668
0.000889667
0.000889665
0.000889664
0.000889661
0.000889658
0.000889652
0.000908347
0.000908264
0.000908179
0.000908093
0.000908007
0.000907925
0.000907854
0.000907796
0.000907756
0.000907731
0.000907719
0.000907714
0.000907709
0.000907701
0.000907687
0.000907669
0.000907651
0.000907641
0.000907641
0.000907652
0.000907673
0.000907704
0.000907742
0.000907785
0.000907833
0.000907887
0.000907945
0.000908008
0.000908076
0.00090815
0.000908228
0.00090831
0.000908394
0.000908479
0.000908564
0.000908646
0.000908723
0.000908793
0.000908856
0.000908911
0.000908959
0.000908999
0.000909032
0.000909056
0.000909074
0.000909084
0.00090909
0.00090909
0.000909087
0.000909082
0.000909074
0.000909066
0.000909057
0.000909047
0.000909037
0.000909027
0.000909018
0.000909008
0.000909
0.000908992
0.000908984
0.000908978
0.000908971
0.000908965
0.00090896
0.000908955
0.00090895
0.000908945
0.000908941
0.000908936
0.000908932
0.000908928
0.000908924
0.00090892
0.000908917
0.000908914
0.000908911
0.000908908
0.000908906
0.000908904
0.000908903
0.000908902
0.000908902
0.000908902
0.000908902
0.000908903
0.000908903
0.000908904
0.000908905
0.000908906
0.000908906
0.000908907
0.000908906
0.000908906
0.000908905
0.000908903
0.000908901
0.000908899
0.000908896
0.00090889
0.000922321
0.000922237
0.000922151
0.000922063
0.000921975
0.00092189
0.000921816
0.000921757
0.000921715
0.000921692
0.000921682
0.000921679
0.000921677
0.000921672
0.000921661
0.000921645
0.000921629
0.00092162
0.00092162
0.000921631
0.000921652
0.000921684
0.000921723
0.000921768
0.000921819
0.000921875
0.000921936
0.000922004
0.000922077
0.000922155
0.000922239
0.000922327
0.000922418
0.00092251
0.000922601
0.00092269
0.000922775
0.000922852
0.000922922
0.000922984
0.000923038
0.000923083
0.00092312
0.000923148
0.000923169
0.000923182
0.000923189
0.000923192
0.000923191
0.000923187
0.00092318
0.000923173
0.000923165
0.000923156
0.000923146
0.000923137
0.000923128
0.00092312
0.000923112
0.000923105
0.000923098
0.000923091
0.000923086
0.00092308
0.000923075
0.00092307
0.000923065
0.00092306
0.000923056
0.000923052
0.000923047
0.000923044
0.00092304
0.000923037
0.000923034
0.000923031
0.000923029
0.000923027
0.000923025
0.000923024
0.000923024
0.000923024
0.000923024
0.000923025
0.000923026
0.000923027
0.000923028
0.000923029
0.00092303
0.000923031
0.000923031
0.000923032
0.000923031
0.000923031
0.00092303
0.000923028
0.000923027
0.000923024
0.000923022
0.000923016
0.00093172
0.000931636
0.00093155
0.000931461
0.000931371
0.000931284
0.000931208
0.000931147
0.000931105
0.000931082
0.000931074
0.000931073
0.000931075
0.000931073
0.000931065
0.000931052
0.000931038
0.000931029
0.000931029
0.00093104
0.000931062
0.000931094
0.000931134
0.000931181
0.000931234
0.000931292
0.000931357
0.000931428
0.000931505
0.000931588
0.000931677
0.000931771
0.000931868
0.000931967
0.000932065
0.000932161
0.000932253
0.000932338
0.000932416
0.000932484
0.000932544
0.000932594
0.000932636
0.000932668
0.000932692
0.000932708
0.000932718
0.000932722
0.000932723
0.00093272
0.000932716
0.000932709
0.000932702
0.000932694
0.000932686
0.000932677
0.000932669
0.000932662
0.000932655
0.000932648
0.000932642
0.000932636
0.00093263
0.000932625
0.00093262
0.000932615
0.000932611
0.000932606
0.000932602
0.000932598
0.000932594
0.000932591
0.000932587
0.000932584
0.000932582
0.00093258
0.000932578
0.000932577
0.000932577
0.000932576
0.000932577
0.000932577
0.000932579
0.00093258
0.000932581
0.000932583
0.000932585
0.000932586
0.000932588
0.000932589
0.000932589
0.000932589
0.000932589
0.000932589
0.000932588
0.000932587
0.000932585
0.000932583
0.000932582
0.000932575
0.000937153
0.000937072
0.000936987
0.000936897
0.000936806
0.000936717
0.000936638
0.000936575
0.000936533
0.00093651
0.000936504
0.000936506
0.000936511
0.000936512
0.000936507
0.000936496
0.000936484
0.000936477
0.000936477
0.000936488
0.00093651
0.000936541
0.000936582
0.00093663
0.000936685
0.000936745
0.000936813
0.000936887
0.000936968
0.000937056
0.00093715
0.00093725
0.000937353
0.000937458
0.000937564
0.000937667
0.000937765
0.000937858
0.000937942
0.000938018
0.000938084
0.00093814
0.000938186
0.000938222
0.000938249
0.000938269
0.000938281
0.000938288
0.000938291
0.00093829
0.000938287
0.000938282
0.000938276
0.000938269
0.000938261
0.000938254
0.000938247
0.00093824
0.000938234
0.000938228
0.000938222
0.000938217
0.000938212
0.000938207
0.000938202
0.000938198
0.000938193
0.000938189
0.000938185
0.000938181
0.000938178
0.000938175
0.000938172
0.00093817
0.000938168
0.000938167
0.000938166
0.000938165
0.000938166
0.000938166
0.000938168
0.000938169
0.000938171
0.000938173
0.000938175
0.000938178
0.00093818
0.000938182
0.000938183
0.000938184
0.000938185
0.000938186
0.000938186
0.000938185
0.000938185
0.000938184
0.000938183
0.000938182
0.000938182
0.000938175
0.000939291
0.000939213
0.00093913
0.00093904
0.000938948
0.000938857
0.000938776
0.000938712
0.000938668
0.000938646
0.000938641
0.000938646
0.000938654
0.000938658
0.000938656
0.000938648
0.000938638
0.000938631
0.000938632
0.000938642
0.000938663
0.000938695
0.000938736
0.000938784
0.00093884
0.000938903
0.000938973
0.00093905
0.000939135
0.000939227
0.000939327
0.000939431
0.000939541
0.000939652
0.000939764
0.000939874
0.00093998
0.00094008
0.000940171
0.000940253
0.000940326
0.000940387
0.000940438
0.000940479
0.00094051
0.000940533
0.000940548
0.000940558
0.000940562
0.000940563
0.000940562
0.000940558
0.000940553
0.000940547
0.000940541
0.000940534
0.000940528
0.000940522
0.000940516
0.000940511
0.000940506
0.000940501
0.000940497
0.000940492
0.000940488
0.000940484
0.00094048
0.000940476
0.000940472
0.000940469
0.000940466
0.000940463
0.000940461
0.000940459
0.000940458
0.000940457
0.000940457
0.000940458
0.000940459
0.000940461
0.000940463
0.000940465
0.000940468
0.000940471
0.000940473
0.000940476
0.000940479
0.000940481
0.000940483
0.000940485
0.000940486
0.000940487
0.000940487
0.000940487
0.000940487
0.000940487
0.000940487
0.000940486
0.000940487
0.00094048
0.000938866
0.000938793
0.000938711
0.000938623
0.000938529
0.000938436
0.000938353
0.000938287
0.000938243
0.000938221
0.000938218
0.000938225
0.000938235
0.000938242
0.000938243
0.000938237
0.000938229
0.000938223
0.000938224
0.000938234
0.000938254
0.000938285
0.000938326
0.000938375
0.000938431
0.000938496
0.000938568
0.000938648
0.000938736
0.000938833
0.000938937
0.000939047
0.000939162
0.000939279
0.000939398
0.000939515
0.000939627
0.000939734
0.000939832
0.000939921
0.000939999
0.000940066
0.000940122
0.000940168
0.000940203
0.000940229
0.000940247
0.000940259
0.000940266
0.000940269
0.000940269
0.000940266
0.000940262
0.000940258
0.000940252
0.000940247
0.000940241
0.000940236
0.000940231
0.000940226
0.000940222
0.000940218
0.000940214
0.00094021
0.000940206
0.000940202
0.000940198
0.000940195
0.000940191
0.000940188
0.000940186
0.000940184
0.000940182
0.000940181
0.00094018
0.000940181
0.000940181
0.000940183
0.000940185
0.000940187
0.00094019
0.000940193
0.000940196
0.0009402
0.000940203
0.000940207
0.00094021
0.000940213
0.000940215
0.000940217
0.000940219
0.00094022
0.000940221
0.000940222
0.000940223
0.000940223
0.000940224
0.000940224
0.000940226
0.00094022
0.000936667
0.000936599
0.000936521
0.000936433
0.000936338
0.000936244
0.000936159
0.000936091
0.000936046
0.000936025
0.000936022
0.000936031
0.000936044
0.000936054
0.000936057
0.000936053
0.000936046
0.000936041
0.000936041
0.000936051
0.000936071
0.000936101
0.000936141
0.00093619
0.000936247
0.000936312
0.000936386
0.000936469
0.000936561
0.000936661
0.000936769
0.000936884
0.000937004
0.000937128
0.000937253
0.000937376
0.000937495
0.000937608
0.000937712
0.000937807
0.000937891
0.000937964
0.000938025
0.000938075
0.000938114
0.000938143
0.000938164
0.000938179
0.000938188
0.000938192
0.000938194
0.000938193
0.00093819
0.000938186
0.000938182
0.000938177
0.000938172
0.000938168
0.000938163
0.000938159
0.000938155
0.000938151
0.000938148
0.000938144
0.00093814
0.000938137
0.000938133
0.00093813
0.000938128
0.000938125
0.000938123
0.000938121
0.00093812
0.00093812
0.00093812
0.000938121
0.000938122
0.000938124
0.000938127
0.00093813
0.000938133
0.000938137
0.000938141
0.000938146
0.00093815
0.000938154
0.000938158
0.000938161
0.000938164
0.000938167
0.000938169
0.000938171
0.000938173
0.000938174
0.000938175
0.000938177
0.000938178
0.00093818
0.000938182
0.000938176
0.000933524
0.000933461
0.000933386
0.000933298
0.000933203
0.000933108
0.000933021
0.000932952
0.000932906
0.000932884
0.000932882
0.000932893
0.000932908
0.00093292
0.000932926
0.000932924
0.000932918
0.000932913
0.000932913
0.000932922
0.000932941
0.00093297
0.000933009
0.000933057
0.000933115
0.000933181
0.000933257
0.000933341
0.000933436
0.00093354
0.000933652
0.000933771
0.000933897
0.000934025
0.000934155
0.000934284
0.000934409
0.000934528
0.000934638
0.000934739
0.000934828
0.000934906
0.000934971
0.000935025
0.000935067
0.0009351
0.000935124
0.000935141
0.000935152
0.000935158
0.000935161
0.000935161
0.000935159
0.000935156
0.000935153
0.000935148
0.000935144
0.00093514
0.000935136
0.000935133
0.000935129
0.000935125
0.000935122
0.000935119
0.000935115
0.000935112
0.000935109
0.000935107
0.000935104
0.000935102
0.000935101
0.000935099
0.000935099
0.000935099
0.0009351
0.000935101
0.000935103
0.000935106
0.000935109
0.000935113
0.000935117
0.000935121
0.000935126
0.00093513
0.000935135
0.00093514
0.000935144
0.000935148
0.000935152
0.000935155
0.000935158
0.000935161
0.000935163
0.000935166
0.000935168
0.00093517
0.000935172
0.000935175
0.000935178
0.000935173
0.000930262
0.000930204
0.000930131
0.000930045
0.00092995
0.000929853
0.000929765
0.000929694
0.000929647
0.000929625
0.000929624
0.000929637
0.000929653
0.000929667
0.000929674
0.000929674
0.000929669
0.000929665
0.000929664
0.000929672
0.00092969
0.000929718
0.000929756
0.000929804
0.000929861
0.000929928
0.000930005
0.000930091
0.000930188
0.000930295
0.00093041
0.000930534
0.000930663
0.000930796
0.000930931
0.000931064
0.000931194
0.000931317
0.000931433
0.000931538
0.000931632
0.000931713
0.000931783
0.00093184
0.000931885
0.000931921
0.000931947
0.000931966
0.000931979
0.000931986
0.00093199
0.000931991
0.00093199
0.000931988
0.000931985
0.000931981
0.000931978
0.000931974
0.00093197
0.000931967
0.000931963
0.00093196
0.000931957
0.000931954
0.000931951
0.000931948
0.000931945
0.000931943
0.000931941
0.000931939
0.000931938
0.000931938
0.000931938
0.000931938
0.000931939
0.000931941
0.000931943
0.000931946
0.00093195
0.000931954
0.000931959
0.000931963
0.000931968
0.000931974
0.000931979
0.000931984
0.000931989
0.000931994
0.000931998
0.000932002
0.000932006
0.000932009
0.000932013
0.000932016
0.000932019
0.000932022
0.000932025
0.000932029
0.000932033
0.000932028
0.000927634
0.000927581
0.00092751
0.000927424
0.000927329
0.000927232
0.000927143
0.000927071
0.000927023
0.000927002
0.000927002
0.000927015
0.000927033
0.000927048
0.000927057
0.000927057
0.000927053
0.000927049
0.000927049
0.000927056
0.000927072
0.000927099
0.000927136
0.000927183
0.00092724
0.000927307
0.000927385
0.000927473
0.000927571
0.00092768
0.000927798
0.000927924
0.000928057
0.000928193
0.000928331
0.000928468
0.000928601
0.000928728
0.000928847
0.000928955
0.000929052
0.000929137
0.000929209
0.000929269
0.000929317
0.000929354
0.000929382
0.000929402
0.000929416
0.000929425
0.00092943
0.000929432
0.000929431
0.00092943
0.000929427
0.000929424
0.00092942
0.000929417
0.000929413
0.00092941
0.000929406
0.000929403
0.0009294
0.000929397
0.000929394
0.000929392
0.000929389
0.000929387
0.000929386
0.000929384
0.000929384
0.000929383
0.000929384
0.000929384
0.000929386
0.000929388
0.000929391
0.000929394
0.000929398
0.000929402
0.000929407
0.000929412
0.000929417
0.000929422
0.000929428
0.000929433
0.000929439
0.000929444
0.000929449
0.000929454
0.000929458
0.000929463
0.000929467
0.000929471
0.000929475
0.000929479
0.000929483
0.000929487
0.000929492
0.000929487
0.000926238
0.000926188
0.000926118
0.000926033
0.000925938
0.000925841
0.000925751
0.000925679
0.000925631
0.00092561
0.00092561
0.000925625
0.000925643
0.00092566
0.000925669
0.00092567
0.000925667
0.000925662
0.000925662
0.000925668
0.000925684
0.00092571
0.000925746
0.000925792
0.000925849
0.000925916
0.000925994
0.000926082
0.000926182
0.000926292
0.000926412
0.00092654
0.000926674
0.000926812
0.000926952
0.000927091
0.000927226
0.000927355
0.000927475
0.000927585
0.000927683
0.00092777
0.000927843
0.000927904
0.000927953
0.000927992
0.000928021
0.000928042
0.000928057
0.000928066
0.000928071
0.000928074
0.000928074
0.000928072
0.000928069
0.000928066
0.000928063
0.000928059
0.000928055
0.000928052
0.000928049
0.000928045
0.000928042
0.000928039
0.000928037
0.000928034
0.000928032
0.00092803
0.000928029
0.000928028
0.000928028
0.000928028
0.000928028
0.000928029
0.000928031
0.000928033
0.000928035
0.000928039
0.000928043
0.000928047
0.000928051
0.000928056
0.000928062
0.000928067
0.000928073
0.000928078
0.000928084
0.00092809
0.000928095
0.000928101
0.000928106
0.000928111
0.000928116
0.000928121
0.000928125
0.00092813
0.000928135
0.00092814
0.000928145
0.000928141
0.000926443
0.000926394
0.000926325
0.000926241
0.000926146
0.000926049
0.000925959
0.000925888
0.00092584
0.000925819
0.00092582
0.000925835
0.000925854
0.00092587
0.00092588
0.000925882
0.000925878
0.000925874
0.000925874
0.00092588
0.000925895
0.00092592
0.000925955
0.000926001
0.000926057
0.000926124
0.000926201
0.00092629
0.00092639
0.0009265
0.00092662
0.000926749
0.000926883
0.000927022
0.000927162
0.000927301
0.000927436
0.000927564
0.000927684
0.000927794
0.000927892
0.000927978
0.000928052
0.000928113
0.000928162
0.000928201
0.00092823
0.000928251
0.000928266
0.000928275
0.000928281
0.000928283
0.000928283
0.000928281
0.000928278
0.000928275
0.000928271
0.000928267
0.000928263
0.000928259
0.000928256
0.000928252
0.000928249
0.000928246
0.000928244
0.000928241
0.000928239
0.000928238
0.000928236
0.000928236
0.000928235
0.000928235
0.000928236
0.000928237
0.000928238
0.00092824
0.000928243
0.000928246
0.00092825
0.000928254
0.000928258
0.000928263
0.000928268
0.000928273
0.000928279
0.000928284
0.00092829
0.000928296
0.000928302
0.000928308
0.000928314
0.000928319
0.000928325
0.00092833
0.000928335
0.00092834
0.000928345
0.000928351
0.000928356
0.000928352
0.000928238
0.000928188
0.000928118
0.000928034
0.000927939
0.000927843
0.000927755
0.000927684
0.000927638
0.000927617
0.000927618
0.000927633
0.000927652
0.000927668
0.000927677
0.000927679
0.000927676
0.000927672
0.000927671
0.000927677
0.000927692
0.000927716
0.000927751
0.000927796
0.000927851
0.000927918
0.000927995
0.000928083
0.000928182
0.000928292
0.000928411
0.000928539
0.000928672
0.00092881
0.000928948
0.000929085
0.000929218
0.000929344
0.000929462
0.00092957
0.000929667
0.000929751
0.000929822
0.000929882
0.00092993
0.000929968
0.000929996
0.000930017
0.000930031
0.00093004
0.000930045
0.000930047
0.000930046
0.000930044
0.000930041
0.000930037
0.000930033
0.000930028
0.000930024
0.00093002
0.000930016
0.000930012
0.000930009
0.000930006
0.000930003
0.000930001
0.000929999
0.000929997
0.000929996
0.000929995
0.000929994
0.000929994
0.000929995
0.000929996
0.000929997
0.000929999
0.000930001
0.000930004
0.000930007
0.000930011
0.000930015
0.000930019
0.000930024
0.000930029
0.000930034
0.000930039
0.000930045
0.000930051
0.000930057
0.000930063
0.000930069
0.000930075
0.000930081
0.000930086
0.000930092
0.000930097
0.000930103
0.000930108
0.000930113
0.000930109
0.000931227
0.000931173
0.000931103
0.000931018
0.000930924
0.000930829
0.000930742
0.000930673
0.000930628
0.000930608
0.000930609
0.000930623
0.000930642
0.000930657
0.000930665
0.000930667
0.000930663
0.000930659
0.000930659
0.000930665
0.000930679
0.000930703
0.000930738
0.000930782
0.000930837
0.000930902
0.000930978
0.000931065
0.000931163
0.000931272
0.000931389
0.000931514
0.000931645
0.00093178
0.000931915
0.000932049
0.000932178
0.000932301
0.000932415
0.00093252
0.000932613
0.000932694
0.000932762
0.00093282
0.000932866
0.000932901
0.000932928
0.000932948
0.000932961
0.000932969
0.000932972
0.000932973
0.000932972
0.000932969
0.000932966
0.000932961
0.000932956
0.000932951
0.000932947
0.000932942
0.000932938
0.000932933
0.00093293
0.000932926
0.000932923
0.000932921
0.000932918
0.000932917
0.000932915
0.000932914
0.000932914
0.000932914
0.000932914
0.000932915
0.000932916
0.000932917
0.000932919
0.000932921
0.000932924
0.000932927
0.00093293
0.000932934
0.000932938
0.000932943
0.000932948
0.000932953
0.000932958
0.000932964
0.00093297
0.000932976
0.000932982
0.000932988
0.000932994
0.000932999
0.000933005
0.00093301
0.000933015
0.00093302
0.000933026
0.000933022
0.000934796
0.000934738
0.000934665
0.000934579
0.000934486
0.000934393
0.000934309
0.000934242
0.000934198
0.000934178
0.000934179
0.000934193
0.00093421
0.000934224
0.000934231
0.000934232
0.000934228
0.000934224
0.000934223
0.000934229
0.000934244
0.000934267
0.000934301
0.000934345
0.000934399
0.000934464
0.000934539
0.000934624
0.00093472
0.000934826
0.000934941
0.000935063
0.00093519
0.000935321
0.000935452
0.000935581
0.000935705
0.000935823
0.000935933
0.000936032
0.00093612
0.000936197
0.000936262
0.000936316
0.000936359
0.000936392
0.000936417
0.000936434
0.000936446
0.000936452
0.000936455
0.000936455
0.000936453
0.000936449
0.000936445
0.000936439
0.000936434
0.000936428
0.000936423
0.000936418
0.000936413
0.000936408
0.000936404
0.0009364
0.000936397
0.000936394
0.000936391
0.000936389
0.000936388
0.000936387
0.000936386
0.000936385
0.000936385
0.000936386
0.000936386
0.000936387
0.000936389
0.000936391
0.000936393
0.000936395
0.000936398
0.000936401
0.000936405
0.000936409
0.000936413
0.000936417
0.000936422
0.000936428
0.000936433
0.000936439
0.000936445
0.00093645
0.000936456
0.000936461
0.000936467
0.000936472
0.000936477
0.000936481
0.000936486
0.000936482
0.000938183
0.00093812
0.000938044
0.000937959
0.000937866
0.000937775
0.000937693
0.000937628
0.000937586
0.000937567
0.000937567
0.000937579
0.000937595
0.000937607
0.000937613
0.000937613
0.000937608
0.000937604
0.000937603
0.000937609
0.000937623
0.000937647
0.00093768
0.000937724
0.000937777
0.00093784
0.000937913
0.000937997
0.00093809
0.000938193
0.000938305
0.000938423
0.000938545
0.000938671
0.000938797
0.00093892
0.000939039
0.000939151
0.000939255
0.000939349
0.000939432
0.000939503
0.000939564
0.000939614
0.000939653
0.000939684
0.000939706
0.000939721
0.000939731
0.000939735
0.000939737
0.000939735
0.000939732
0.000939727
0.000939722
0.000939716
0.00093971
0.000939704
0.000939697
0.000939692
0.000939686
0.000939681
0.000939676
0.000939672
0.000939668
0.000939665
0.000939662
0.00093966
0.000939658
0.000939656
0.000939655
0.000939654
0.000939654
0.000939654
0.000939654
0.000939655
0.000939656
0.000939657
0.000939659
0.000939661
0.000939663
0.000939665
0.000939668
0.000939671
0.000939675
0.000939679
0.000939683
0.000939688
0.000939693
0.000939698
0.000939703
0.000939709
0.000939714
0.000939719
0.000939723
0.000939728
0.000939732
0.000939736
0.000939741
0.000939736
0.000940561
0.000940493
0.000940415
0.000940329
0.000940238
0.000940149
0.000940069
0.000940006
0.000939965
0.000939947
0.000939946
0.000939957
0.00093997
0.000939981
0.000939985
0.000939983
0.000939978
0.000939973
0.000939972
0.000939978
0.000939992
0.000940015
0.000940048
0.000940091
0.000940143
0.000940204
0.000940276
0.000940357
0.000940448
0.000940547
0.000940654
0.000940767
0.000940885
0.000941005
0.000941125
0.000941242
0.000941354
0.00094146
0.000941557
0.000941645
0.000941723
0.000941789
0.000941845
0.00094189
0.000941926
0.000941953
0.000941973
0.000941986
0.000941993
0.000941996
0.000941996
0.000941993
0.000941989
0.000941983
0.000941977
0.00094197
0.000941963
0.000941956
0.000941949
0.000941943
0.000941937
0.000941931
0.000941926
0.000941921
0.000941917
0.000941913
0.00094191
0.000941907
0.000941905
0.000941903
0.000941901
0.0009419
0.000941899
0.000941899
0.000941899
0.000941899
0.000941899
0.0009419
0.000941901
0.000941902
0.000941904
0.000941906
0.000941908
0.000941911
0.000941914
0.000941917
0.00094192
0.000941924
0.000941929
0.000941933
0.000941937
0.000941942
0.000941946
0.000941951
0.000941955
0.000941959
0.000941962
0.000941965
0.000941969
0.000941964
0.000941105
0.000941033
0.000940953
0.000940866
0.000940776
0.000940689
0.000940612
0.000940551
0.000940511
0.000940493
0.000940492
0.0009405
0.000940512
0.00094052
0.000940522
0.000940519
0.000940513
0.000940507
0.000940505
0.000940511
0.000940524
0.000940547
0.000940579
0.000940621
0.000940672
0.000940732
0.000940801
0.00094088
0.000940967
0.000941062
0.000941165
0.000941273
0.000941385
0.000941498
0.000941612
0.000941722
0.000941828
0.000941927
0.000942018
0.0009421
0.000942171
0.000942232
0.000942283
0.000942324
0.000942356
0.00094238
0.000942397
0.000942407
0.000942412
0.000942414
0.000942412
0.000942408
0.000942402
0.000942395
0.000942388
0.00094238
0.000942373
0.000942365
0.000942357
0.00094235
0.000942344
0.000942338
0.000942332
0.000942327
0.000942322
0.000942318
0.000942314
0.000942311
0.000942308
0.000942305
0.000942303
0.000942302
0.000942301
0.0009423
0.000942299
0.000942299
0.000942299
0.0009423
0.0009423
0.000942301
0.000942302
0.000942303
0.000942305
0.000942307
0.000942309
0.000942311
0.000942314
0.000942317
0.000942321
0.000942324
0.000942328
0.000942331
0.000942335
0.000942338
0.000942342
0.000942345
0.000942347
0.00094235
0.000942353
0.000942347
0.00093903
0.000938954
0.000938873
0.000938787
0.000938698
0.000938613
0.000938538
0.000938479
0.000938441
0.000938422
0.000938419
0.000938426
0.000938434
0.00093844
0.00093844
0.000938436
0.000938429
0.000938422
0.00093842
0.000938424
0.000938437
0.000938459
0.00093849
0.000938531
0.00093858
0.000938638
0.000938705
0.000938781
0.000938864
0.000938955
0.000939053
0.000939155
0.000939261
0.000939368
0.000939475
0.000939579
0.000939677
0.000939769
0.000939854
0.000939929
0.000939995
0.000940051
0.000940097
0.000940133
0.000940162
0.000940182
0.000940196
0.000940204
0.000940207
0.000940207
0.000940203
0.000940198
0.000940191
0.000940183
0.000940175
0.000940167
0.000940158
0.00094015
0.000940142
0.000940134
0.000940127
0.00094012
0.000940114
0.000940108
0.000940103
0.000940098
0.000940094
0.00094009
0.000940087
0.000940084
0.000940082
0.00094008
0.000940078
0.000940077
0.000940076
0.000940076
0.000940075
0.000940075
0.000940076
0.000940076
0.000940077
0.000940077
0.000940078
0.00094008
0.000940081
0.000940083
0.000940085
0.000940087
0.000940089
0.000940092
0.000940094
0.000940097
0.000940099
0.000940102
0.000940104
0.000940106
0.000940108
0.00094011
0.000940112
0.000940106
0.000933609
0.000933531
0.000933449
0.000933363
0.000933276
0.000933193
0.000933121
0.000933064
0.000933026
0.000933007
0.000933003
0.000933007
0.000933013
0.000933016
0.000933014
0.000933008
0.000933
0.000932993
0.000932989
0.000932993
0.000933004
0.000933025
0.000933055
0.000933094
0.000933142
0.000933198
0.000933262
0.000933334
0.000933414
0.0009335
0.000933592
0.000933689
0.000933789
0.000933889
0.000933989
0.000934085
0.000934177
0.000934262
0.00093434
0.000934409
0.000934469
0.00093452
0.000934561
0.000934594
0.000934618
0.000934636
0.000934647
0.000934652
0.000934654
0.000934652
0.000934647
0.00093464
0.000934632
0.000934623
0.000934614
0.000934605
0.000934596
0.000934587
0.000934579
0.00093457
0.000934563
0.000934556
0.000934549
0.000934543
0.000934537
0.000934532
0.000934527
0.000934523
0.000934519
0.000934516
0.000934513
0.000934511
0.000934509
0.000934507
0.000934506
0.000934505
0.000934505
0.000934504
0.000934504
0.000934504
0.000934505
0.000934505
0.000934505
0.000934506
0.000934507
0.000934508
0.000934509
0.00093451
0.000934512
0.000934513
0.000934515
0.000934516
0.000934518
0.000934519
0.000934521
0.000934522
0.000934523
0.000934524
0.000934525
0.000934519
0.000924177
0.000924098
0.000924016
0.000923931
0.000923846
0.000923766
0.000923695
0.00092364
0.000923603
0.000923584
0.000923578
0.000923579
0.000923583
0.000923583
0.00092358
0.000923572
0.000923563
0.000923554
0.00092355
0.000923552
0.000923563
0.000923583
0.000923611
0.000923648
0.000923694
0.000923747
0.000923809
0.000923877
0.000923952
0.000924034
0.00092412
0.000924211
0.000924303
0.000924397
0.000924489
0.000924579
0.000924663
0.000924742
0.000924813
0.000924876
0.00092493
0.000924976
0.000925013
0.000925042
0.000925063
0.000925077
0.000925086
0.000925089
0.000925089
0.000925085
0.000925079
0.000925071
0.000925062
0.000925053
0.000925043
0.000925033
0.000925023
0.000925014
0.000925005
0.000924996
0.000924988
0.000924981
0.000924974
0.000924967
0.000924961
0.000924955
0.00092495
0.000924946
0.000924941
0.000924938
0.000924935
0.000924932
0.00092493
0.000924928
0.000924927
0.000924926
0.000924925
0.000924924
0.000924924
0.000924924
0.000924924
0.000924924
0.000924924
0.000924924
0.000924924
0.000924925
0.000924925
0.000924925
0.000924926
0.000924926
0.000924927
0.000924927
0.000924928
0.000924928
0.000924929
0.000924929
0.000924929
0.000924929
0.00092493
0.000924923
0.000910128
0.00091005
0.000909968
0.000909885
0.000909802
0.000909724
0.000909657
0.000909604
0.000909567
0.000909547
0.000909539
0.000909539
0.000909539
0.000909538
0.000909532
0.000909524
0.000909514
0.000909504
0.000909499
0.0009095
0.00090951
0.000909528
0.000909554
0.000909589
0.000909633
0.000909683
0.000909741
0.000909805
0.000909876
0.000909952
0.000910033
0.000910117
0.000910203
0.000910289
0.000910374
0.000910456
0.000910534
0.000910605
0.00091067
0.000910727
0.000910776
0.000910817
0.000910849
0.000910874
0.000910892
0.000910904
0.00091091
0.000910912
0.00091091
0.000910905
0.000910898
0.000910889
0.000910879
0.000910869
0.000910858
0.000910848
0.000910838
0.000910828
0.000910819
0.00091081
0.000910801
0.000910794
0.000910786
0.000910779
0.000910773
0.000910767
0.000910762
0.000910757
0.000910752
0.000910748
0.000910745
0.000910742
0.000910739
0.000910737
0.000910736
0.000910735
0.000910734
0.000910733
0.000910733
0.000910732
0.000910732
0.000910732
0.000910732
0.000910732
0.000910731
0.000910731
0.000910731
0.00091073
0.00091073
0.000910729
0.000910729
0.000910728
0.000910728
0.000910727
0.000910727
0.000910726
0.000910726
0.000910725
0.000910725
0.000910718
0.000890917
0.00089084
0.000890761
0.000890679
0.000890599
0.000890525
0.00089046
0.000890409
0.000890374
0.000890353
0.000890344
0.000890341
0.000890339
0.000890336
0.000890329
0.00089032
0.000890309
0.000890299
0.000890293
0.000890293
0.000890301
0.000890317
0.000890342
0.000890375
0.000890415
0.000890462
0.000890516
0.000890576
0.000890642
0.000890712
0.000890787
0.000890864
0.000890943
0.000891022
0.0008911
0.000891174
0.000891244
0.000891309
0.000891367
0.000891419
0.000891462
0.000891498
0.000891527
0.000891548
0.000891563
0.000891573
0.000891577
0.000891577
0.000891573
0.000891567
0.000891559
0.00089155
0.000891539
0.000891528
0.000891517
0.000891507
0.000891496
0.000891486
0.000891477
0.000891468
0.000891459
0.000891452
0.000891444
0.000891437
0.00089143
0.000891424
0.000891419
0.000891413
0.000891409
0.000891405
0.000891401
0.000891398
0.000891395
0.000891393
0.000891391
0.00089139
0.000891389
0.000891389
0.000891388
0.000891388
0.000891387
0.000891387
0.000891387
0.000891386
0.000891386
0.000891385
0.000891384
0.000891383
0.000891382
0.000891381
0.000891379
0.000891378
0.000891376
0.000891375
0.000891374
0.000891372
0.000891371
0.00089137
0.000891369
0.000891362
0.000866061
0.000865987
0.000865909
0.00086583
0.000865754
0.000865684
0.000865623
0.000865574
0.00086554
0.000865519
0.000865508
0.000865503
0.0008655
0.000865495
0.000865487
0.000865478
0.000865467
0.000865457
0.00086545
0.000865449
0.000865456
0.00086547
0.000865493
0.000865522
0.00086556
0.000865603
0.000865653
0.000865708
0.000865769
0.000865833
0.000865901
0.000865971
0.000866043
0.000866114
0.000866184
0.000866252
0.000866315
0.000866372
0.000866424
0.00086647
0.000866508
0.00086654
0.000866564
0.000866583
0.000866595
0.000866602
0.000866604
0.000866603
0.000866598
0.000866592
0.000866583
0.000866573
0.000866562
0.000866551
0.00086654
0.000866529
0.000866518
0.000866508
0.000866499
0.00086649
0.000866482
0.000866474
0.000866466
0.000866459
0.000866453
0.000866446
0.000866441
0.000866435
0.000866431
0.000866426
0.000866423
0.000866419
0.000866417
0.000866414
0.000866413
0.000866411
0.000866411
0.00086641
0.000866409
0.000866409
0.000866409
0.000866408
0.000866408
0.000866407
0.000866407
0.000866406
0.000866404
0.000866403
0.000866401
0.000866399
0.000866397
0.000866395
0.000866393
0.000866391
0.000866388
0.000866387
0.000866385
0.000866383
0.000866381
0.000866374
0.000835141
0.000835071
0.000834997
0.000834922
0.000834849
0.000834784
0.000834727
0.000834682
0.000834649
0.000834628
0.000834617
0.000834611
0.000834606
0.0008346
0.000834592
0.000834582
0.000834572
0.000834562
0.000834555
0.000834554
0.000834559
0.000834571
0.000834591
0.000834618
0.000834652
0.000834692
0.000834737
0.000834787
0.000834842
0.0008349
0.000834961
0.000835024
0.000835088
0.000835152
0.000835214
0.000835274
0.000835329
0.00083538
0.000835426
0.000835465
0.000835499
0.000835526
0.000835547
0.000835562
0.000835572
0.000835577
0.000835578
0.000835576
0.00083557
0.000835563
0.000835554
0.000835544
0.000835533
0.000835522
0.00083551
0.0008355
0.000835489
0.000835479
0.00083547
0.000835461
0.000835453
0.000835446
0.000835438
0.000835432
0.000835425
0.000835419
0.000835414
0.000835408
0.000835404
0.000835399
0.000835395
0.000835392
0.000835389
0.000835387
0.000835386
0.000835384
0.000835383
0.000835383
0.000835382
0.000835382
0.000835382
0.000835382
0.000835381
0.000835381
0.00083538
0.000835379
0.000835377
0.000835376
0.000835374
0.000835371
0.000835369
0.000835366
0.000835363
0.00083536
0.000835358
0.000835355
0.000835353
0.00083535
0.000835348
0.00083534
0.000797814
0.000797749
0.000797679
0.000797608
0.000797541
0.000797481
0.000797429
0.000797388
0.000797357
0.000797337
0.000797325
0.000797319
0.000797313
0.000797307
0.000797299
0.00079729
0.00079728
0.000797271
0.000797265
0.000797263
0.000797267
0.000797278
0.000797295
0.000797319
0.000797349
0.000797384
0.000797424
0.000797469
0.000797518
0.00079757
0.000797624
0.000797679
0.000797736
0.000797791
0.000797846
0.000797898
0.000797946
0.00079799
0.000798029
0.000798063
0.000798092
0.000798115
0.000798133
0.000798145
0.000798153
0.000798156
0.000798156
0.000798152
0.000798147
0.000798139
0.00079813
0.00079812
0.000798109
0.000798098
0.000798087
0.000798077
0.000798067
0.000798057
0.000798049
0.00079804
0.000798033
0.000798025
0.000798019
0.000798012
0.000798006
0.000798
0.000797995
0.00079799
0.000797985
0.000797981
0.000797977
0.000797974
0.000797972
0.000797969
0.000797968
0.000797967
0.000797966
0.000797965
0.000797965
0.000797965
0.000797965
0.000797965
0.000797964
0.000797964
0.000797963
0.000797962
0.000797961
0.000797959
0.000797957
0.000797954
0.000797952
0.000797948
0.000797945
0.000797942
0.000797939
0.000797936
0.000797933
0.00079793
0.000797928
0.000797919
0.000753814
0.000753754
0.000753688
0.000753622
0.000753562
0.000753508
0.000753463
0.000753426
0.000753398
0.00075338
0.000753369
0.000753362
0.000753356
0.00075335
0.000753343
0.000753335
0.000753326
0.000753319
0.000753313
0.000753311
0.000753315
0.000753324
0.000753338
0.000753359
0.000753385
0.000753416
0.000753451
0.00075349
0.000753532
0.000753577
0.000753624
0.000753672
0.00075372
0.000753768
0.000753815
0.000753859
0.0007539
0.000753937
0.00075397
0.000753999
0.000754023
0.000754042
0.000754056
0.000754066
0.000754072
0.000754074
0.000754073
0.000754069
0.000754063
0.000754055
0.000754046
0.000754037
0.000754027
0.000754016
0.000754006
0.000753996
0.000753987
0.000753978
0.00075397
0.000753962
0.000753955
0.000753949
0.000753942
0.000753936
0.000753931
0.000753926
0.000753921
0.000753916
0.000753912
0.000753908
0.000753904
0.000753901
0.000753899
0.000753897
0.000753895
0.000753894
0.000753893
0.000753893
0.000753893
0.000753893
0.000753893
0.000753893
0.000753893
0.000753893
0.000753892
0.000753891
0.00075389
0.000753888
0.000753886
0.000753884
0.000753881
0.000753878
0.000753875
0.000753871
0.000753868
0.000753865
0.000753861
0.000753858
0.000753855
0.000753846
0.000702954
0.0007029
0.000702839
0.00070278
0.000702727
0.000702681
0.000702643
0.000702612
0.000702588
0.000702571
0.000702561
0.000702555
0.000702549
0.000702544
0.000702538
0.000702532
0.000702525
0.000702519
0.000702514
0.000702513
0.000702516
0.000702523
0.000702536
0.000702553
0.000702575
0.000702601
0.000702631
0.000702664
0.0007027
0.000702738
0.000702777
0.000702818
0.000702859
0.000702899
0.000702938
0.000702974
0.000703008
0.000703038
0.000703065
0.000703089
0.000703108
0.000703124
0.000703135
0.000703143
0.000703147
0.000703148
0.000703146
0.000703142
0.000703136
0.000703128
0.00070312
0.000703111
0.000703102
0.000703092
0.000703083
0.000703074
0.000703066
0.000703058
0.00070305
0.000703043
0.000703037
0.000703031
0.000703026
0.000703021
0.000703016
0.000703011
0.000703007
0.000703003
0.000702999
0.000702995
0.000702992
0.000702989
0.000702987
0.000702985
0.000702984
0.000702982
0.000702982
0.000702982
0.000702982
0.000702982
0.000702982
0.000702982
0.000702982
0.000702983
0.000702982
0.000702982
0.000702981
0.00070298
0.000702978
0.000702976
0.000702973
0.00070297
0.000702967
0.000702964
0.00070296
0.000702957
0.000702954
0.00070295
0.000702947
0.000702936
0.000645133
0.000645084
0.000645029
0.000644977
0.000644932
0.000644896
0.000644865
0.00064484
0.000644821
0.000644807
0.000644799
0.000644793
0.000644789
0.000644785
0.00064478
0.000644775
0.000644771
0.000644766
0.000644763
0.000644762
0.000644765
0.000644771
0.000644781
0.000644795
0.000644813
0.000644834
0.000644859
0.000644886
0.000644915
0.000644947
0.000644979
0.000645012
0.000645045
0.000645078
0.000645109
0.000645138
0.000645165
0.000645188
0.00064521
0.000645229
0.000645244
0.000645256
0.000645265
0.000645271
0.000645273
0.000645273
0.000645271
0.000645267
0.000645262
0.000645255
0.000645248
0.00064524
0.000645231
0.000645223
0.000645215
0.000645207
0.0006452
0.000645193
0.000645186
0.00064518
0.000645175
0.00064517
0.000645166
0.000645161
0.000645157
0.000645153
0.00064515
0.000645146
0.000645143
0.00064514
0.000645137
0.000645134
0.000645132
0.000645131
0.000645129
0.000645128
0.000645128
0.000645128
0.000645128
0.000645128
0.000645128
0.000645129
0.000645129
0.00064513
0.00064513
0.00064513
0.000645129
0.000645128
0.000645127
0.000645125
0.000645123
0.000645121
0.000645118
0.000645114
0.000645111
0.000645108
0.000645105
0.000645101
0.000645098
0.000645085
0.000580322
0.00058028
0.000580232
0.000580186
0.000580151
0.000580124
0.000580103
0.000580085
0.00058007
0.00058006
0.000580053
0.000580049
0.000580045
0.000580042
0.000580039
0.000580036
0.000580034
0.000580031
0.000580029
0.000580029
0.000580032
0.000580037
0.000580045
0.000580056
0.00058007
0.000580087
0.000580106
0.000580127
0.00058015
0.000580175
0.0005802
0.000580226
0.000580252
0.000580277
0.000580302
0.000580324
0.000580344
0.000580362
0.000580378
0.000580392
0.000580404
0.000580413
0.000580419
0.000580423
0.000580425
0.000580424
0.000580422
0.000580418
0.000580413
0.000580408
0.000580401
0.000580395
0.000580388
0.000580381
0.000580374
0.000580368
0.000580361
0.000580356
0.00058035
0.000580345
0.000580341
0.000580337
0.000580334
0.00058033
0.000580327
0.000580324
0.000580321
0.000580318
0.000580316
0.000580313
0.000580311
0.000580309
0.000580307
0.000580305
0.000580304
0.000580303
0.000580303
0.000580303
0.000580303
0.000580303
0.000580304
0.000580304
0.000580305
0.000580306
0.000580306
0.000580306
0.000580306
0.000580306
0.000580305
0.000580304
0.000580302
0.0005803
0.000580298
0.000580295
0.000580292
0.000580289
0.000580286
0.000580283
0.00058028
0.000580264
0.000508568
0.000508538
0.0005085
0.000508461
0.000508435
0.000508418
0.000508406
0.000508395
0.000508386
0.000508378
0.000508374
0.00050837
0.000508367
0.000508366
0.000508364
0.000508363
0.000508362
0.000508361
0.000508361
0.000508361
0.000508364
0.000508368
0.000508374
0.000508382
0.000508393
0.000508405
0.000508419
0.000508435
0.000508452
0.000508471
0.00050849
0.000508509
0.000508528
0.000508547
0.000508564
0.00050858
0.000508594
0.000508607
0.000508618
0.000508629
0.000508638
0.000508644
0.000508649
0.000508651
0.000508652
0.000508651
0.000508649
0.000508646
0.000508642
0.000508637
0.000508632
0.000508627
0.000508621
0.000508616
0.000508611
0.000508606
0.000508601
0.000508596
0.000508592
0.000508588
0.000508585
0.000508582
0.000508579
0.000508577
0.000508575
0.000508572
0.00050857
0.000508568
0.000508566
0.000508564
0.000508563
0.000508561
0.00050856
0.000508558
0.000508557
0.000508557
0.000508556
0.000508556
0.000508556
0.000508557
0.000508557
0.000508558
0.000508559
0.000508559
0.00050856
0.00050856
0.000508561
0.000508561
0.000508561
0.00050856
0.000508559
0.000508558
0.000508556
0.000508554
0.000508551
0.000508549
0.000508546
0.000508543
0.00050854
0.000508521
0.00043
0.000429995
0.000429994
0.000429966
0.000429949
0.000429942
0.000429938
0.000429934
0.000429929
0.000429924
0.000429921
0.000429918
0.000429916
0.000429915
0.000429914
0.000429914
0.000429915
0.000429915
0.000429916
0.000429917
0.000429919
0.000429922
0.000429927
0.000429933
0.00042994
0.000429948
0.000429958
0.000429969
0.000429981
0.000429994
0.000430007
0.00043002
0.000430033
0.000430046
0.000430058
0.000430069
0.000430077
0.000430085
0.000430093
0.000430101
0.000430107
0.000430111
0.000430114
0.000430116
0.000430116
0.000430115
0.000430113
0.000430111
0.000430108
0.000430104
0.000430101
0.000430097
0.000430093
0.000430089
0.000430085
0.000430082
0.000430078
0.000430075
0.000430072
0.000430069
0.000430067
0.000430065
0.000430063
0.000430062
0.00043006
0.000430059
0.000430057
0.000430056
0.000430055
0.000430053
0.000430052
0.000430051
0.00043005
0.000430049
0.000430048
0.000430048
0.000430047
0.000430047
0.000430047
0.000430048
0.000430048
0.000430049
0.000430049
0.00043005
0.000430051
0.000430051
0.000430052
0.000430052
0.000430053
0.000430052
0.000430052
0.000430051
0.00043005
0.000430049
0.000430047
0.000430045
0.000430043
0.000430041
0.000430037
0.000430014
0.00034491
0.000344984
0.000345122
0.000345141
0.000345138
0.000345139
0.000345141
0.000345141
0.000345139
0.000345136
0.000345133
0.000345131
0.000345129
0.000345128
0.000345127
0.000345129
0.00034513
0.000345131
0.000345132
0.000345133
0.000345135
0.000345137
0.00034514
0.000345144
0.000345149
0.000345154
0.00034516
0.000345167
0.000345174
0.000345182
0.00034519
0.000345198
0.000345206
0.000345214
0.000345222
0.000345228
0.000345233
0.000345238
0.000345242
0.000345247
0.000345251
0.000345254
0.000345256
0.000345257
0.000345257
0.000345257
0.000345256
0.000345254
0.000345252
0.00034525
0.000345247
0.000345245
0.000345242
0.00034524
0.000345238
0.000345235
0.000345233
0.000345231
0.000345229
0.000345228
0.000345226
0.000345225
0.000345224
0.000345223
0.000345222
0.000345221
0.000345221
0.00034522
0.000345219
0.000345218
0.000345217
0.000345217
0.000345216
0.000345215
0.000345215
0.000345214
0.000345214
0.000345214
0.000345214
0.000345214
0.000345215
0.000345215
0.000345216
0.000345216
0.000345217
0.000345218
0.000345218
0.000345219
0.000345219
0.000345219
0.000345219
0.000345219
0.000345219
0.000345218
0.000345217
0.000345216
0.000345214
0.000345212
0.000345209
0.000345179
0.000254165
0.000254529
0.000255105
0.000255271
0.000255305
0.000255317
0.000255322
0.000255323
0.000255322
0.00025532
0.000255318
0.000255315
0.000255313
0.000255311
0.000255311
0.000255313
0.000255314
0.000255315
0.000255316
0.000255316
0.000255317
0.000255319
0.00025532
0.000255322
0.000255325
0.000255328
0.000255331
0.000255334
0.000255338
0.000255342
0.000255346
0.000255351
0.000255355
0.00025536
0.000255364
0.000255367
0.000255369
0.000255372
0.000255375
0.000255378
0.000255381
0.000255383
0.000255384
0.000255385
0.000255385
0.000255385
0.000255384
0.000255383
0.000255382
0.000255381
0.00025538
0.000255379
0.000255378
0.000255376
0.000255375
0.000255374
0.000255373
0.000255372
0.000255371
0.00025537
0.000255369
0.000255369
0.000255368
0.000255368
0.000255368
0.000255367
0.000255367
0.000255366
0.000255366
0.000255366
0.000255365
0.000255365
0.000255365
0.000255364
0.000255364
0.000255364
0.000255363
0.000255363
0.000255363
0.000255363
0.000255363
0.000255364
0.000255364
0.000255364
0.000255365
0.000255365
0.000255366
0.000255366
0.000255367
0.000255367
0.000255368
0.000255368
0.000255368
0.000255367
0.000255367
0.000255367
0.000255366
0.000255364
0.00025536
0.000255324
0.000161026
0.0001625
0.000163945
0.000164284
0.000164362
0.000164383
0.000164388
0.000164388
0.000164387
0.000164385
0.000164383
0.00016438
0.000164377
0.000164376
0.000164375
0.000164377
0.000164378
0.000164379
0.000164379
0.000164379
0.000164379
0.000164379
0.000164379
0.00016438
0.000164381
0.000164382
0.000164383
0.000164385
0.000164386
0.000164388
0.000164389
0.000164391
0.000164393
0.000164395
0.000164397
0.000164398
0.000164399
0.0001644
0.000164402
0.000164404
0.000164406
0.000164407
0.000164408
0.000164409
0.000164409
0.00016441
0.00016441
0.00016441
0.00016441
0.000164409
0.000164409
0.000164409
0.000164408
0.000164408
0.000164408
0.000164407
0.000164407
0.000164407
0.000164406
0.000164406
0.000164406
0.000164406
0.000164405
0.000164405
0.000164405
0.000164405
0.000164405
0.000164405
0.000164405
0.000164405
0.000164405
0.000164404
0.000164404
0.000164404
0.000164404
0.000164404
0.000164404
0.000164403
0.000164403
0.000164403
0.000164403
0.000164403
0.000164404
0.000164404
0.000164404
0.000164404
0.000164405
0.000164405
0.000164405
0.000164406
0.000164406
0.000164406
0.000164406
0.000164407
0.000164407
0.000164406
0.000164406
0.000164405
0.000164401
0.00016438
7.27253e-05
7.57372e-05
7.84594e-05
7.87567e-05
7.88077e-05
7.88289e-05
7.88347e-05
7.88353e-05
7.88346e-05
7.88335e-05
7.88317e-05
7.88287e-05
7.88246e-05
7.88209e-05
7.88187e-05
7.88181e-05
7.88183e-05
7.88185e-05
7.88185e-05
7.88182e-05
7.88178e-05
7.88176e-05
7.88175e-05
7.88175e-05
7.88176e-05
7.88178e-05
7.8818e-05
7.88182e-05
7.88185e-05
7.8819e-05
7.88195e-05
7.88201e-05
7.88208e-05
7.88214e-05
7.8822e-05
7.88232e-05
7.88251e-05
7.88274e-05
7.88298e-05
7.88321e-05
7.88341e-05
7.88357e-05
7.88369e-05
7.88378e-05
7.88385e-05
7.8839e-05
7.88394e-05
7.88397e-05
7.88399e-05
7.88401e-05
7.88402e-05
7.88403e-05
7.88404e-05
7.88405e-05
7.88405e-05
7.88405e-05
7.88405e-05
7.88404e-05
7.88404e-05
7.88404e-05
7.88403e-05
7.88403e-05
7.88403e-05
7.88402e-05
7.88402e-05
7.88402e-05
7.88402e-05
7.88402e-05
7.88401e-05
7.88401e-05
7.884e-05
7.884e-05
7.884e-05
7.88399e-05
7.88398e-05
7.88398e-05
7.88397e-05
7.88396e-05
7.88395e-05
7.88395e-05
7.88394e-05
7.88394e-05
7.88394e-05
7.88394e-05
7.88395e-05
7.88396e-05
7.88397e-05
7.88399e-05
7.88401e-05
7.88403e-05
7.88405e-05
7.88407e-05
7.88409e-05
7.88411e-05
7.88412e-05
7.88412e-05
7.88412e-05
7.88407e-05
7.88377e-05
7.88295e-05
)
;

boundaryField
{
    inlet
    {
        type            cyclic;
    }
    outlet
    {
        type            cyclic;
    }
    bottomWall
    {
        type            nutkWallFunction;
        Cmu             0.09;
        kappa           0.41;
        E               9.8;
        value           nonuniform List<scalar> 
100
(
1.05901e-07
0
0
0
0
0
0
0
0
0
0
0
0
1.19113e-07
0
0
0
0
0
0
0
0
0
0
0
0
0
0
0
0
0
0
0
0
0
0
0
0
0
0
0
0
0
0
0
0
0
0
0
0
0
0
0
0
0
0
0
0
0
0
0
0
0
0
0
0
0
0
0
0
0
0
0
0
0
0
0
0
0
0
0
0
0
0
0
0
0
0
0
0
0
0
0
0
0
0
0
0
0
0
)
;
    }
    topWall
    {
        type            nutkWallFunction;
        Cmu             0.09;
        kappa           0.41;
        E               9.8;
        value           uniform 0;
    }
    frontAndBack
    {
        type            empty;
    }
}


// ************************************************************************* //
