/*--------------------------------*- C++ -*----------------------------------*\
  =========                 |
  \\      /  F ield         | OpenFOAM: The Open Source CFD Toolbox
   \\    /   O peration     | Website:  https://openfoam.org
    \\  /    A nd           | Version:  11
     \\/     M anipulation  |
\*---------------------------------------------------------------------------*/
FoamFile
{
    format      ascii;
    class       volScalarField;
    location    "300";
    object      omega;
}
// * * * * * * * * * * * * * * * * * * * * * * * * * * * * * * * * * * * * * //

dimensions      [0 0 -1 0 0 0 0];

internalField   nonuniform List<scalar> 
5000
(
13333.3
13333.3
13333.3
13333.3
13333.3
13333.3
13333.3
13333.3
13333.3
13333.3
13333.3
13333.3
13333.3
13333.3
15770.4
15780.9
13333.3
13333.3
13333.3
13333.3
13333.3
13333.3
13333.3
13333.3
13333.3
13333.3
13333.3
13333.3
13333.3
13333.3
13333.3
13333.3
13333.3
13333.3
13333.3
13333.3
13333.3
13333.3
13333.3
13333.3
13333.3
13333.3
13333.3
13333.3
13333.3
13333.3
13333.3
13333.3
13333.3
13333.3
13333.3
13333.3
13333.3
13333.3
13333.3
13333.3
13333.3
13333.3
13333.3
13333.3
13333.3
13333.3
13333.3
13333.3
13333.3
13333.3
13333.3
13333.3
13333.3
13333.3
13333.3
13333.3
13333.3
13333.3
13333.3
13333.3
13333.3
13333.3
13333.3
13333.3
13333.3
13333.3
13333.3
13333.3
13333.3
13333.3
13333.3
13333.3
13333.3
13333.3
13333.3
13333.3
13333.3
13333.3
13333.3
13333.3
13333.3
13333.3
13333.3
13333.3
5753.55
5784.93
5797.2
5800.26
5762.95
5756.12
5756.32
5756.86
5757.09
5757.16
5757.2
5757.59
5747.56
5737.62
5927.7
5953.26
5803.64
5795.49
5797.07
5797.89
5798.14
5798.2
5798.2
5798.2
5798.19
5798.18
5798.18
5798.17
5798.17
5798.16
5798.16
5798.16
5798.16
5798.16
5798.18
5798.37
5802.92
5764.6
5756.65
5756.46
5756.87
5757.06
5757.12
5757.14
5757.14
5757.15
5757.15
5757.16
5757.16
5757.17
5757.18
5757.18
5757.19
5757.19
5757.2
5757.2
5757.21
5757.21
5757.21
5757.21
5757.22
5757.22
5757.23
5757.23
5757.23
5757.23
5757.23
5757.23
5757.23
5757.23
5757.23
5757.23
5757.23
5757.23
5757.23
5757.23
5757.23
5757.24
5757.24
5757.24
5757.24
5757.24
5757.24
5757.25
5757.25
5757.25
5757.25
5757.24
5757.24
5757.24
5757.24
5757.23
5757.23
5757.22
5757.22
5757.22
5757.21
5757.23
5757.3
5758.71
3470.98
3475.32
3478.71
3480.04
3471.65
3468.65
3468.54
3468.79
3468.93
3468.99
3469.03
3469.17
3467.91
3466.35
3488.73
3494.7
3478.85
3476.9
3477.22
3477.45
3477.52
3477.53
3477.52
3477.5
3477.49
3477.48
3477.47
3477.46
3477.45
3477.44
3477.43
3477.42
3477.41
3477.4
3477.4
3477.31
3479.9
3472.06
3468.89
3468.63
3468.8
3468.91
3468.94
3468.94
3468.94
3468.94
3468.93
3468.93
3468.93
3468.94
3468.94
3468.95
3468.95
3468.95
3468.96
3468.96
3468.97
3468.97
3468.98
3468.98
3468.98
3468.99
3468.99
3469
3469
3469
3469
3469
3469
3469
3469
3469
3469
3469.01
3469.01
3469.01
3469.01
3469.01
3469.02
3469.02
3469.02
3469.02
3469.02
3469.03
3469.03
3469.03
3469.03
3469.03
3469.02
3469.02
3469.02
3469.01
3469.01
3469.01
3469
3469
3468.99
3469.02
3468.93
3470.18
2441.84
2442.81
2443.95
2444.53
2442.15
2440.8
2440.56
2440.59
2440.64
2440.67
2440.69
2440.72
2440.8
2440.84
2444.47
2445.92
2443.52
2442.94
2442.94
2442.98
2442.99
2442.98
2442.96
2442.95
2442.94
2442.92
2442.91
2442.9
2442.89
2442.88
2442.87
2442.86
2442.84
2442.83
2442.82
2442.73
2443.95
2442.13
2440.87
2440.6
2440.6
2440.62
2440.62
2440.61
2440.6
2440.59
2440.59
2440.58
2440.58
2440.58
2440.58
2440.58
2440.58
2440.59
2440.59
2440.59
2440.6
2440.6
2440.61
2440.61
2440.61
2440.62
2440.62
2440.62
2440.63
2440.63
2440.63
2440.63
2440.63
2440.63
2440.63
2440.63
2440.63
2440.64
2440.64
2440.64
2440.64
2440.65
2440.65
2440.65
2440.65
2440.66
2440.66
2440.66
2440.66
2440.66
2440.66
2440.66
2440.65
2440.65
2440.65
2440.65
2440.64
2440.64
2440.64
2440.63
2440.63
2440.64
2440.57
2441.29
1870.96
1871.31
1871.77
1872.04
1871.3
1870.73
1870.56
1870.54
1870.55
1870.57
1870.59
1870.58
1870.74
1870.91
1871.68
1872.08
1871.63
1871.45
1871.43
1871.43
1871.44
1871.43
1871.42
1871.41
1871.4
1871.39
1871.38
1871.37
1871.36
1871.35
1871.34
1871.33
1871.31
1871.3
1871.28
1871.24
1871.74
1871.27
1870.77
1870.59
1870.55
1870.54
1870.53
1870.52
1870.51
1870.49
1870.49
1870.48
1870.47
1870.47
1870.47
1870.47
1870.47
1870.47
1870.47
1870.47
1870.48
1870.48
1870.48
1870.48
1870.49
1870.49
1870.49
1870.5
1870.5
1870.5
1870.5
1870.5
1870.5
1870.5
1870.5
1870.5
1870.51
1870.51
1870.51
1870.51
1870.52
1870.52
1870.52
1870.52
1870.53
1870.53
1870.53
1870.53
1870.53
1870.53
1870.53
1870.53
1870.52
1870.52
1870.52
1870.52
1870.51
1870.51
1870.51
1870.51
1870.51
1870.51
1870.49
1870.79
1511.62
1511.74
1511.94
1512.06
1511.83
1511.61
1511.53
1511.51
1511.52
1511.53
1511.55
1511.54
1511.64
1511.75
1511.95
1512.07
1511.99
1511.94
1511.94
1511.95
1511.96
1511.96
1511.96
1511.95
1511.95
1511.94
1511.93
1511.93
1511.92
1511.91
1511.9
1511.89
1511.87
1511.86
1511.85
1511.83
1512
1511.86
1511.67
1511.57
1511.53
1511.52
1511.51
1511.5
1511.48
1511.47
1511.46
1511.45
1511.44
1511.44
1511.44
1511.43
1511.43
1511.43
1511.43
1511.43
1511.43
1511.43
1511.43
1511.44
1511.44
1511.44
1511.44
1511.44
1511.44
1511.44
1511.44
1511.44
1511.45
1511.45
1511.45
1511.45
1511.45
1511.45
1511.45
1511.46
1511.46
1511.46
1511.47
1511.47
1511.47
1511.47
1511.47
1511.47
1511.47
1511.47
1511.47
1511.47
1511.47
1511.46
1511.46
1511.46
1511.46
1511.45
1511.45
1511.45
1511.45
1511.45
1511.46
1511.54
1265.75
1265.78
1265.85
1265.9
1265.83
1265.75
1265.72
1265.71
1265.72
1265.73
1265.74
1265.74
1265.79
1265.85
1265.91
1265.95
1265.95
1265.94
1265.95
1265.96
1265.98
1265.98
1265.99
1265.99
1265.99
1265.99
1265.98
1265.98
1265.97
1265.96
1265.96
1265.95
1265.94
1265.92
1265.91
1265.9
1265.95
1265.9
1265.81
1265.76
1265.74
1265.72
1265.71
1265.7
1265.69
1265.68
1265.66
1265.65
1265.65
1265.64
1265.63
1265.63
1265.62
1265.62
1265.62
1265.62
1265.62
1265.62
1265.62
1265.62
1265.62
1265.62
1265.62
1265.62
1265.62
1265.62
1265.62
1265.62
1265.62
1265.62
1265.62
1265.62
1265.62
1265.63
1265.63
1265.63
1265.63
1265.64
1265.64
1265.64
1265.64
1265.64
1265.64
1265.64
1265.64
1265.64
1265.64
1265.64
1265.63
1265.63
1265.63
1265.63
1265.63
1265.62
1265.62
1265.62
1265.63
1265.63
1265.64
1265.64
1087.37
1087.36
1087.38
1087.4
1087.37
1087.33
1087.32
1087.32
1087.32
1087.33
1087.34
1087.35
1087.37
1087.39
1087.41
1087.43
1087.44
1087.45
1087.46
1087.47
1087.49
1087.5
1087.51
1087.51
1087.51
1087.52
1087.51
1087.51
1087.51
1087.51
1087.5
1087.49
1087.49
1087.48
1087.47
1087.46
1087.47
1087.44
1087.4
1087.37
1087.35
1087.33
1087.32
1087.31
1087.3
1087.29
1087.27
1087.26
1087.25
1087.25
1087.24
1087.23
1087.23
1087.22
1087.22
1087.21
1087.21
1087.21
1087.21
1087.21
1087.21
1087.21
1087.2
1087.2
1087.2
1087.2
1087.2
1087.2
1087.2
1087.2
1087.2
1087.2
1087.2
1087.21
1087.21
1087.21
1087.21
1087.21
1087.21
1087.21
1087.22
1087.22
1087.22
1087.22
1087.21
1087.21
1087.21
1087.21
1087.21
1087.21
1087.2
1087.2
1087.2
1087.2
1087.2
1087.2
1087.2
1087.2
1087.21
1087.2
952.235
952.209
952.2
952.19
952.169
952.147
952.134
952.13
952.131
952.136
952.143
952.149
952.159
952.169
952.176
952.185
952.192
952.198
952.208
952.221
952.234
952.247
952.257
952.265
952.271
952.275
952.278
952.28
952.28
952.279
952.277
952.273
952.268
952.262
952.255
952.247
952.244
952.226
952.201
952.179
952.163
952.149
952.137
952.125
952.112
952.1
952.088
952.077
952.066
952.056
952.047
952.039
952.031
952.025
952.019
952.014
952.01
952.007
952.004
952.001
951.998
951.996
951.993
951.991
951.989
951.988
951.987
951.986
951.986
951.986
951.986
951.987
951.988
951.989
951.99
951.991
951.992
951.993
951.994
951.994
951.994
951.994
951.993
951.993
951.992
951.99
951.989
951.987
951.985
951.984
951.982
951.981
951.98
951.98
951.98
951.981
951.982
951.983
951.989
951.974
846.33
846.295
846.271
846.248
846.223
846.201
846.187
846.178
846.175
846.176
846.179
846.183
846.186
846.188
846.188
846.191
846.194
846.197
846.204
846.214
846.225
846.237
846.249
846.259
846.267
846.275
846.281
846.286
846.289
846.292
846.292
846.292
846.29
846.286
846.282
846.277
846.271
846.258
846.24
846.223
846.208
846.194
846.182
846.169
846.157
846.144
846.132
846.12
846.108
846.097
846.086
846.077
846.068
846.06
846.052
846.046
846.04
846.035
846.03
846.026
846.022
846.018
846.014
846.011
846.009
846.007
846.005
846.004
846.003
846.003
846.003
846.003
846.003
846.003
846.004
846.004
846.005
846.005
846.005
846.004
846.004
846.003
846.002
846.001
846
845.998
845.997
845.995
845.994
845.993
845.992
845.991
845.99
845.99
845.99
845.991
845.991
845.992
845.995
845.985
761.017
760.977
760.945
760.913
760.884
760.859
760.84
760.827
760.819
760.815
760.814
760.814
760.813
760.81
760.806
760.805
760.804
760.803
760.806
760.812
760.822
760.833
760.844
760.855
760.866
760.876
760.885
760.893
760.899
760.905
760.909
760.911
760.912
760.912
760.91
760.907
760.902
760.892
760.879
760.865
760.851
760.838
760.825
760.813
760.8
760.787
760.774
760.762
760.749
760.737
760.725
760.714
760.704
760.694
760.685
760.677
760.67
760.663
760.657
760.651
760.645
760.64
760.636
760.632
760.629
760.626
760.624
760.622
760.621
760.62
760.619
760.619
760.618
760.618
760.618
760.617
760.617
760.616
760.615
760.614
760.613
760.612
760.611
760.61
760.608
760.607
760.606
760.605
760.604
760.603
760.602
760.601
760.601
760.601
760.601
760.601
760.601
760.601
760.602
760.595
690.681
690.638
690.601
690.564
690.531
690.503
690.48
690.462
690.45
690.441
690.436
690.431
690.426
690.419
690.412
690.407
690.402
690.398
690.397
690.401
690.408
690.417
690.428
690.44
690.452
690.464
690.475
690.486
690.495
690.503
690.51
690.516
690.52
690.522
690.523
690.522
690.519
690.513
690.503
690.491
690.479
690.466
690.454
690.441
690.429
690.416
690.403
690.389
690.376
690.363
690.35
690.338
690.326
690.315
690.305
690.296
690.287
690.278
690.271
690.264
690.257
690.251
690.246
690.241
690.237
690.234
690.231
690.229
690.227
690.225
690.224
690.223
690.222
690.221
690.22
690.219
690.217
690.216
690.215
690.213
690.212
690.21
690.209
690.207
690.206
690.205
690.204
690.203
690.202
690.201
690.201
690.2
690.2
690.199
690.199
690.199
690.198
690.198
690.197
690.192
631.53
631.485
631.445
631.405
631.369
631.338
631.312
631.29
631.273
631.261
631.25
631.242
631.232
631.223
631.212
631.204
631.195
631.188
631.184
631.184
631.189
631.197
631.207
631.219
631.232
631.245
631.258
631.271
631.283
631.294
631.304
631.312
631.319
631.324
631.327
631.329
631.328
631.325
631.318
631.308
631.297
631.286
631.274
631.262
631.25
631.237
631.224
631.21
631.197
631.183
631.169
631.156
631.144
631.132
631.12
631.109
631.099
631.09
631.081
631.072
631.065
631.058
631.052
631.047
631.042
631.038
631.035
631.032
631.03
631.027
631.025
631.024
631.022
631.02
631.018
631.016
631.014
631.012
631.01
631.008
631.006
631.005
631.003
631.001
631
630.999
630.998
630.997
630.997
630.996
630.996
630.996
630.995
630.995
630.994
630.993
630.991
630.99
630.988
630.984
580.934
580.887
580.845
580.804
580.767
580.733
580.704
580.679
580.659
580.642
580.628
580.615
580.602
580.589
580.575
580.563
580.552
580.542
580.535
580.532
580.535
580.541
580.55
580.562
580.575
580.589
580.604
580.618
580.633
580.646
580.658
580.669
580.678
580.686
580.692
580.696
580.698
580.697
580.692
580.686
580.677
580.667
580.657
580.645
580.634
580.621
580.608
580.594
580.58
580.566
580.552
580.538
580.525
580.512
580.5
580.488
580.477
580.466
580.456
580.447
580.438
580.431
580.424
580.418
580.413
580.409
580.405
580.401
580.398
580.396
580.393
580.39
580.388
580.385
580.383
580.38
580.377
580.375
580.372
580.37
580.368
580.366
580.364
580.362
580.361
580.36
580.36
580.359
580.359
580.358
580.358
580.358
580.357
580.356
580.355
580.353
580.351
580.349
580.346
580.342
537.041
536.994
536.952
536.91
536.872
536.837
536.805
536.778
536.754
536.734
536.716
536.7
536.683
536.667
536.65
536.635
536.621
536.608
536.599
536.594
536.594
536.598
536.606
536.618
536.631
536.646
536.662
536.678
536.693
536.709
536.723
536.736
536.748
536.758
536.766
536.772
536.777
536.779
536.777
536.773
536.766
536.759
536.75
536.74
536.729
536.717
536.704
536.691
536.677
536.663
536.648
536.634
536.62
536.607
536.594
536.581
536.569
536.557
536.547
536.537
536.528
536.519
536.512
536.506
536.5
536.495
536.491
536.487
536.483
536.48
536.476
536.473
536.47
536.467
536.464
536.46
536.457
536.454
536.451
536.448
536.446
536.444
536.442
536.44
536.439
536.438
536.438
536.437
536.437
536.437
536.436
536.436
536.435
536.434
536.432
536.43
536.427
536.424
536.42
536.416
498.552
498.506
498.464
498.423
498.384
498.349
498.316
498.286
498.26
498.237
498.216
498.196
498.177
498.157
498.138
498.12
498.103
498.088
498.076
498.069
498.067
498.069
498.076
498.087
498.1
498.115
498.131
498.148
498.165
498.182
498.198
498.213
498.227
498.239
498.25
498.259
498.266
498.27
498.271
498.27
498.266
498.26
498.253
498.245
498.235
498.224
498.212
498.199
498.186
498.172
498.158
498.144
498.129
498.115
498.102
498.089
498.076
498.064
498.052
498.042
498.032
498.023
498.016
498.009
498.003
497.997
497.992
497.988
497.984
497.98
497.976
497.972
497.968
497.964
497.961
497.957
497.953
497.95
497.946
497.943
497.941
497.938
497.936
497.935
497.934
497.933
497.933
497.932
497.932
497.932
497.931
497.931
497.93
497.928
497.926
497.923
497.919
497.916
497.911
497.906
464.573
464.529
464.488
464.448
464.41
464.374
464.34
464.309
464.281
464.256
464.232
464.21
464.187
464.165
464.142
464.122
464.103
464.086
464.072
464.062
464.058
464.059
464.065
464.074
464.087
464.102
464.118
464.136
464.154
464.172
464.19
464.207
464.222
464.237
464.249
464.261
464.27
464.277
464.281
464.282
464.281
464.278
464.273
464.266
464.258
464.248
464.238
464.226
464.213
464.199
464.186
464.172
464.157
464.143
464.13
464.116
464.103
464.09
464.079
464.068
464.058
464.048
464.04
464.033
464.027
464.021
464.015
464.01
464.006
464.001
463.997
463.992
463.988
463.984
463.979
463.975
463.971
463.967
463.964
463.96
463.958
463.955
463.953
463.952
463.951
463.95
463.949
463.949
463.949
463.949
463.948
463.947
463.946
463.944
463.941
463.938
463.934
463.929
463.924
463.919
434.522
434.48
434.441
434.403
434.365
434.33
434.296
434.264
434.234
434.207
434.181
434.156
434.131
434.106
434.082
434.059
434.038
434.019
434.003
433.991
433.985
433.984
433.989
433.997
434.009
434.024
434.04
434.058
434.077
434.096
434.115
434.133
434.15
434.167
434.182
434.195
434.207
434.216
434.223
434.227
434.229
434.228
434.225
434.221
434.215
434.207
434.197
434.186
434.175
434.162
434.149
434.135
434.121
434.107
434.094
434.08
434.067
434.054
434.042
434.031
434.02
434.011
434.003
433.995
433.988
433.982
433.976
433.971
433.966
433.961
433.956
433.951
433.946
433.941
433.937
433.932
433.928
433.924
433.92
433.917
433.914
433.911
433.909
433.907
433.906
433.906
433.905
433.905
433.905
433.904
433.903
433.902
433.901
433.898
433.895
433.891
433.887
433.882
433.876
433.871
408.061
408.023
407.987
407.95
407.914
407.879
407.845
407.813
407.782
407.753
407.726
407.699
407.672
407.645
407.619
407.594
407.571
407.55
407.532
407.519
407.511
407.509
407.511
407.518
407.529
407.544
407.56
407.578
407.597
407.617
407.637
407.656
407.675
407.693
407.71
407.725
407.739
407.751
407.761
407.768
407.772
407.774
407.774
407.772
407.768
407.762
407.754
407.745
407.734
407.722
407.71
407.697
407.683
407.67
407.656
407.643
407.629
407.617
407.605
407.593
407.583
407.573
407.565
407.557
407.55
407.543
407.537
407.531
407.526
407.52
407.515
407.51
407.505
407.5
407.495
407.49
407.486
407.481
407.477
407.474
407.471
407.468
407.466
407.464
407.463
407.462
407.462
407.461
407.461
407.46
407.459
407.458
407.456
407.453
407.45
407.446
407.441
407.436
407.43
407.425
385.051
385.017
384.984
384.95
384.916
384.882
384.848
384.815
384.784
384.754
384.725
384.697
384.669
384.64
384.612
384.586
384.561
384.538
384.519
384.504
384.494
384.49
384.492
384.498
384.508
384.521
384.537
384.555
384.574
384.594
384.615
384.635
384.656
384.675
384.694
384.712
384.728
384.742
384.754
384.764
384.771
384.776
384.778
384.778
384.776
384.772
384.766
384.758
384.749
384.739
384.727
384.715
384.702
384.689
384.676
384.663
384.65
384.637
384.625
384.614
384.603
384.594
384.585
384.577
384.569
384.563
384.556
384.55
384.544
384.539
384.533
384.528
384.522
384.517
384.512
384.507
384.502
384.498
384.494
384.49
384.487
384.484
384.482
384.48
384.479
384.478
384.477
384.477
384.476
384.475
384.474
384.472
384.47
384.467
384.464
384.459
384.454
384.449
384.443
384.438
365.505
365.476
365.446
365.415
365.382
365.349
365.316
365.284
365.252
365.221
365.192
365.162
365.133
365.103
365.074
365.046
365.02
364.995
364.975
364.958
364.947
364.942
364.942
364.947
364.956
364.968
364.984
365.001
365.021
365.041
365.062
365.084
365.105
365.126
365.146
365.166
365.184
365.201
365.215
365.227
365.237
365.245
365.249
365.252
365.252
365.25
365.246
365.239
365.232
365.222
365.212
365.201
365.189
365.176
365.163
365.151
365.138
365.125
365.114
365.102
365.092
365.082
365.073
365.065
365.057
365.05
365.044
365.037
365.031
365.026
365.02
365.014
365.009
365.003
364.998
364.993
364.988
364.984
364.98
364.976
364.973
364.97
364.968
364.966
364.964
364.963
364.962
364.961
364.96
364.959
364.958
364.956
364.953
364.95
364.946
364.942
364.937
364.932
364.925
364.921
349.547
349.522
349.496
349.467
349.436
349.405
349.372
349.34
349.308
349.277
349.247
349.217
349.186
349.156
349.126
349.097
349.069
349.044
349.021
349.004
348.992
348.985
348.984
348.988
348.996
349.008
349.022
349.04
349.059
349.079
349.101
349.123
349.145
349.167
349.189
349.21
349.23
349.249
349.266
349.28
349.292
349.302
349.309
349.314
349.316
349.315
349.313
349.308
349.302
349.294
349.284
349.274
349.263
349.251
349.238
349.226
349.214
349.202
349.19
349.179
349.168
349.159
349.15
349.141
349.134
349.126
349.12
349.113
349.107
349.101
349.095
349.089
349.084
349.078
349.073
349.068
349.064
349.059
349.055
349.051
349.048
349.045
349.043
349.04
349.039
349.037
349.036
349.034
349.033
349.032
349.03
349.028
349.025
349.022
349.018
349.013
349.008
349.003
348.997
348.993
337.362
337.342
337.318
337.292
337.263
337.233
337.201
337.169
337.137
337.106
337.075
337.045
337.014
336.983
336.952
336.922
336.894
336.867
336.844
336.826
336.813
336.805
336.803
336.805
336.813
336.824
336.838
336.855
336.874
336.894
336.916
336.939
336.962
336.985
337.008
337.03
337.052
337.072
337.09
337.107
337.121
337.132
337.141
337.148
337.151
337.153
337.151
337.148
337.143
337.136
337.127
337.118
337.107
337.096
337.084
337.072
337.06
337.048
337.037
337.026
337.016
337.006
336.997
336.988
336.98
336.973
336.966
336.959
336.953
336.947
336.941
336.936
336.93
336.925
336.92
336.915
336.91
336.906
336.902
336.898
336.894
336.891
336.889
336.886
336.884
336.882
336.88
336.879
336.877
336.875
336.873
336.87
336.867
336.864
336.86
336.856
336.851
336.846
336.84
336.836
329.15
329.133
329.112
329.087
329.06
329.031
329
328.968
328.936
328.905
328.874
328.843
328.813
328.782
328.751
328.72
328.691
328.664
328.64
328.621
328.607
328.598
328.595
328.598
328.604
328.615
328.629
328.645
328.664
328.684
328.706
328.729
328.752
328.776
328.799
328.823
328.845
328.867
328.886
328.904
328.919
328.932
328.942
328.95
328.955
328.958
328.957
328.955
328.951
328.944
328.937
328.928
328.917
328.907
328.895
328.884
328.872
328.861
328.849
328.839
328.828
328.819
328.809
328.801
328.793
328.785
328.778
328.772
328.765
328.759
328.753
328.748
328.742
328.737
328.732
328.728
328.723
328.719
328.715
328.711
328.707
328.704
328.701
328.698
328.696
328.693
328.691
328.689
328.686
328.684
328.681
328.679
328.675
328.672
328.668
328.664
328.659
328.654
328.649
328.646
325.067
325.052
325.033
325.01
324.983
324.955
324.924
324.893
324.862
324.831
324.8
324.769
324.739
324.707
324.676
324.645
324.616
324.588
324.564
324.545
324.531
324.522
324.518
324.52
324.526
324.537
324.55
324.566
324.585
324.605
324.626
324.649
324.673
324.697
324.72
324.744
324.767
324.789
324.809
324.828
324.844
324.857
324.868
324.877
324.882
324.885
324.886
324.884
324.88
324.874
324.867
324.858
324.848
324.838
324.827
324.816
324.804
324.793
324.782
324.771
324.761
324.751
324.742
324.733
324.725
324.717
324.71
324.704
324.697
324.691
324.685
324.68
324.675
324.67
324.665
324.661
324.656
324.652
324.648
324.644
324.64
324.637
324.633
324.63
324.627
324.624
324.621
324.618
324.616
324.613
324.61
324.607
324.603
324.6
324.596
324.592
324.588
324.583
324.578
324.575
325.198
325.183
325.164
325.142
325.116
325.088
325.058
325.027
324.996
324.965
324.934
324.904
324.874
324.843
324.812
324.781
324.752
324.724
324.7
324.681
324.667
324.658
324.654
324.656
324.662
324.672
324.685
324.701
324.719
324.739
324.761
324.783
324.807
324.83
324.854
324.878
324.901
324.922
324.943
324.961
324.977
324.99
325.001
325.01
325.015
325.018
325.019
325.017
325.013
325.007
325
324.992
324.982
324.972
324.961
324.949
324.938
324.927
324.916
324.905
324.895
324.885
324.876
324.867
324.859
324.851
324.844
324.838
324.831
324.825
324.82
324.815
324.81
324.805
324.8
324.796
324.792
324.787
324.783
324.779
324.776
324.772
324.768
324.764
324.761
324.757
324.754
324.751
324.747
324.744
324.74
324.737
324.733
324.73
324.726
324.722
324.718
324.714
324.709
324.707
329.538
329.523
329.503
329.48
329.455
329.426
329.397
329.366
329.336
329.305
329.275
329.245
329.216
329.185
329.155
329.124
329.095
329.068
329.045
329.026
329.012
329.003
329
329.002
329.008
329.018
329.031
329.047
329.065
329.085
329.106
329.128
329.15
329.173
329.197
329.22
329.242
329.263
329.282
329.3
329.315
329.328
329.338
329.346
329.351
329.354
329.354
329.351
329.347
329.341
329.333
329.325
329.315
329.304
329.293
329.282
329.271
329.26
329.249
329.238
329.228
329.218
329.209
329.2
329.192
329.184
329.177
329.17
329.164
329.158
329.153
329.148
329.143
329.139
329.135
329.13
329.126
329.122
329.118
329.114
329.11
329.106
329.102
329.098
329.094
329.09
329.086
329.082
329.078
329.074
329.07
329.066
329.062
329.059
329.055
329.051
329.047
329.043
329.039
329.038
337.981
337.963
337.942
337.918
337.892
337.863
337.833
337.803
337.773
337.743
337.714
337.685
337.656
337.626
337.597
337.567
337.538
337.512
337.489
337.471
337.458
337.45
337.447
337.449
337.456
337.466
337.479
337.495
337.513
337.532
337.552
337.574
337.596
337.618
337.64
337.662
337.683
337.703
337.721
337.737
337.751
337.762
337.771
337.778
337.782
337.783
337.782
337.779
337.774
337.767
337.759
337.75
337.74
337.729
337.718
337.707
337.695
337.684
337.673
337.663
337.652
337.643
337.633
337.624
337.616
337.609
337.601
337.595
337.589
337.583
337.578
337.573
337.569
337.565
337.561
337.557
337.553
337.549
337.545
337.541
337.536
337.532
337.528
337.523
337.519
337.514
337.51
337.505
337.5
337.496
337.492
337.487
337.483
337.48
337.476
337.472
337.469
337.465
337.461
337.46
350.353
350.332
350.309
350.283
350.256
350.227
350.197
350.167
350.137
350.108
350.08
350.051
350.023
349.995
349.966
349.937
349.91
349.884
349.863
349.845
349.833
349.826
349.824
349.827
349.834
349.845
349.858
349.874
349.891
349.91
349.93
349.95
349.971
349.992
350.013
350.033
350.053
350.071
350.087
350.101
350.113
350.123
350.13
350.135
350.137
350.137
350.135
350.131
350.124
350.117
350.108
350.098
350.087
350.076
350.065
350.053
350.042
350.031
350.02
350.009
349.999
349.989
349.98
349.971
349.963
349.955
349.948
349.942
349.936
349.93
349.926
349.921
349.917
349.913
349.909
349.905
349.902
349.898
349.894
349.89
349.885
349.881
349.876
349.872
349.867
349.862
349.856
349.851
349.846
349.841
349.836
349.832
349.828
349.824
349.82
349.816
349.813
349.809
349.806
349.805
366.448
366.423
366.396
366.369
366.34
366.31
366.28
366.25
366.221
366.193
366.165
366.138
366.111
366.084
366.056
366.029
366.002
365.979
365.958
365.942
365.931
365.925
365.924
365.928
365.936
365.947
365.96
365.976
365.993
366.011
366.03
366.05
366.069
366.089
366.108
366.126
366.144
366.16
366.174
366.186
366.196
366.203
366.208
366.211
366.211
366.209
366.205
366.2
366.192
366.184
366.174
366.163
366.152
366.14
366.129
366.117
366.105
366.094
366.083
366.072
366.062
366.052
366.043
366.035
366.027
366.019
366.012
366.006
366
365.995
365.991
365.986
365.982
365.979
365.975
365.972
365.968
365.964
365.961
365.956
365.952
365.948
365.943
365.938
365.933
365.927
365.922
365.916
365.91
365.905
365.9
365.895
365.891
365.886
365.883
365.879
365.876
365.872
365.869
365.869
386.074
386.045
386.015
385.985
385.954
385.923
385.893
385.863
385.835
385.808
385.781
385.755
385.73
385.704
385.678
385.652
385.627
385.605
385.587
385.572
385.562
385.558
385.558
385.562
385.57
385.582
385.596
385.611
385.628
385.646
385.664
385.682
385.7
385.718
385.735
385.752
385.767
385.78
385.792
385.801
385.809
385.814
385.817
385.817
385.815
385.812
385.806
385.799
385.79
385.781
385.77
385.758
385.747
385.734
385.722
385.71
385.699
385.687
385.676
385.666
385.656
385.646
385.637
385.629
385.621
385.614
385.607
385.601
385.595
385.591
385.586
385.582
385.579
385.575
385.572
385.569
385.565
385.562
385.558
385.554
385.55
385.545
385.54
385.535
385.53
385.524
385.518
385.512
385.506
385.501
385.495
385.49
385.486
385.481
385.478
385.474
385.471
385.467
385.464
385.465
409.109
409.075
409.041
409.009
408.977
408.945
408.914
408.885
408.857
408.831
408.806
408.782
408.758
408.734
408.71
408.686
408.663
408.643
408.626
408.614
408.605
408.602
408.603
408.608
408.617
408.629
408.643
408.658
408.675
408.692
408.709
408.726
408.743
408.759
408.774
408.788
408.8
408.811
408.82
408.827
408.832
408.835
408.835
408.833
408.829
408.824
408.817
408.808
408.798
408.787
408.776
408.763
408.751
408.739
408.726
408.714
408.702
408.691
408.68
408.67
408.66
408.651
408.642
408.634
408.626
408.619
408.613
408.607
408.602
408.597
408.593
408.589
408.586
408.583
408.58
408.577
408.574
408.571
408.567
408.563
408.559
408.555
408.55
408.545
408.539
408.533
408.527
408.521
408.515
408.509
408.504
408.499
408.494
408.489
408.485
408.482
408.479
408.475
408.473
408.473
435.543
435.505
435.468
435.433
435.399
435.366
435.335
435.307
435.28
435.255
435.232
435.21
435.189
435.167
435.145
435.123
435.103
435.085
435.07
435.059
435.052
435.05
435.052
435.058
435.067
435.079
435.093
435.108
435.124
435.141
435.157
435.172
435.187
435.201
435.214
435.226
435.236
435.244
435.251
435.255
435.257
435.257
435.255
435.251
435.245
435.238
435.229
435.219
435.208
435.197
435.184
435.172
435.159
435.146
435.134
435.121
435.11
435.099
435.088
435.078
435.068
435.059
435.051
435.043
435.036
435.029
435.023
435.018
435.013
435.009
435.005
435.001
434.998
434.996
434.993
434.99
434.987
434.984
434.981
434.977
434.973
434.969
434.964
434.959
434.954
434.948
434.942
434.936
434.93
434.924
434.919
434.913
434.909
434.904
434.9
434.897
434.893
434.89
434.888
434.888
465.523
465.48
465.44
465.403
465.367
465.334
465.303
465.275
465.25
465.228
465.207
465.187
465.168
465.149
465.129
465.11
465.092
465.076
465.064
465.055
465.05
465.049
465.052
465.058
465.068
465.08
465.094
465.108
465.124
465.139
465.154
465.168
465.181
465.193
465.204
465.213
465.22
465.226
465.23
465.231
465.231
465.229
465.225
465.219
465.211
465.202
465.192
465.181
465.169
465.156
465.144
465.13
465.117
465.105
465.092
465.08
465.069
465.058
465.047
465.038
465.028
465.02
465.012
465.005
464.998
464.992
464.986
464.981
464.977
464.973
464.969
464.966
464.964
464.961
464.959
464.956
464.954
464.951
464.948
464.945
464.941
464.937
464.932
464.928
464.922
464.917
464.911
464.906
464.9
464.894
464.888
464.883
464.878
464.874
464.87
464.866
464.863
464.86
464.858
464.858
499.39
499.344
499.302
499.263
499.226
499.193
499.162
499.136
499.112
499.092
499.074
499.057
499.041
499.024
499.008
498.991
498.976
498.963
498.953
498.946
498.943
498.943
498.947
498.954
498.963
498.975
498.989
499.003
499.017
499.031
499.044
499.057
499.068
499.078
499.086
499.093
499.098
499.101
499.102
499.101
499.099
499.094
499.088
499.08
499.071
499.061
499.049
499.037
499.025
499.012
498.998
498.985
498.972
498.959
498.947
498.935
498.924
498.914
498.904
498.895
498.886
498.878
498.871
498.864
498.858
498.852
498.847
498.843
498.839
498.835
498.832
498.829
498.827
498.825
498.822
498.82
498.818
498.816
498.813
498.81
498.807
498.803
498.799
498.795
498.79
498.785
498.779
498.774
498.769
498.763
498.758
498.753
498.748
498.744
498.74
498.736
498.733
498.73
498.728
498.729
537.737
537.689
537.644
537.604
537.566
537.533
537.503
537.478
537.457
537.44
537.425
537.411
537.398
537.385
537.372
537.359
537.347
537.337
537.329
537.324
537.322
537.324
537.328
537.335
537.345
537.356
537.369
537.382
537.395
537.408
537.42
537.43
537.44
537.447
537.453
537.458
537.46
537.461
537.459
537.456
537.451
537.444
537.436
537.427
537.416
537.405
537.393
537.38
537.367
537.353
537.34
537.327
537.314
537.302
537.29
537.279
537.268
537.258
537.249
537.24
537.232
537.225
537.218
537.212
537.207
537.202
537.197
537.193
537.19
537.187
537.184
537.182
537.18
537.178
537.176
537.174
537.172
537.17
537.167
537.165
537.162
537.159
537.155
537.151
537.147
537.143
537.138
537.133
537.128
537.123
537.118
537.113
537.109
537.105
537.101
537.097
537.094
537.091
537.089
537.09
581.465
581.415
581.369
581.328
581.29
581.257
581.229
581.206
581.188
581.174
581.162
581.152
581.144
581.134
581.125
581.114
581.105
581.098
581.094
581.091
581.091
581.093
581.098
581.105
581.114
581.125
581.137
581.149
581.161
581.172
581.182
581.191
581.198
581.203
581.207
581.208
581.208
581.206
581.202
581.197
581.19
581.181
581.171
581.161
581.149
581.137
581.124
581.111
581.098
581.084
581.071
581.059
581.046
581.034
581.023
581.012
581.002
580.993
580.985
580.977
580.97
580.963
580.957
580.952
580.947
580.943
580.939
580.936
580.933
580.93
580.928
580.926
580.924
580.922
580.921
580.919
580.917
580.916
580.914
580.912
580.909
580.906
580.904
580.9
580.897
580.893
580.889
580.885
580.88
580.876
580.872
580.867
580.863
580.859
580.855
580.852
580.849
580.846
580.844
580.846
631.881
631.831
631.784
631.742
631.705
631.673
631.648
631.628
631.613
631.603
631.595
631.589
631.585
631.579
631.573
631.566
631.561
631.557
631.555
631.554
631.556
631.559
631.564
631.571
631.58
631.59
631.6
631.611
631.621
631.63
631.638
631.645
631.65
631.653
631.654
631.653
631.651
631.646
631.64
631.632
631.623
631.613
631.602
631.59
631.578
631.565
631.552
631.539
631.525
631.513
631.5
631.488
631.476
631.465
631.454
631.445
631.435
631.427
631.419
631.412
631.406
631.401
631.396
631.391
631.387
631.384
631.381
631.378
631.376
631.373
631.372
631.37
631.368
631.367
631.366
631.364
631.363
631.361
631.36
631.358
631.356
631.354
631.352
631.349
631.346
631.344
631.34
631.337
631.333
631.33
631.326
631.322
631.319
631.315
631.312
631.308
631.305
631.302
631.3
631.303
690.845
690.795
690.748
690.706
690.67
690.64
690.618
690.602
690.591
690.585
690.581
690.58
690.579
690.578
690.576
690.572
690.57
690.569
690.569
690.572
690.575
690.579
690.585
690.591
690.599
690.608
690.617
690.625
690.634
690.641
690.647
690.652
690.654
690.655
690.654
690.65
690.645
690.639
690.63
690.62
690.61
690.598
690.586
690.573
690.56
690.547
690.534
690.521
690.508
690.496
690.484
690.472
690.462
690.452
690.442
690.433
690.425
690.418
690.411
690.405
690.4
690.395
690.391
690.387
690.384
690.382
690.379
690.377
690.376
690.374
690.373
690.371
690.37
690.369
690.368
690.367
690.366
690.364
690.363
690.362
690.361
690.359
690.357
690.356
690.354
690.352
690.349
690.347
690.344
690.342
690.339
690.336
690.332
690.329
690.326
690.323
690.32
690.318
690.316
690.318
760.996
760.946
760.899
760.858
760.823
760.797
760.779
760.767
760.761
760.76
760.761
760.763
760.767
760.77
760.771
760.771
760.771
760.773
760.776
760.781
760.786
760.791
760.797
760.803
760.81
760.817
760.824
760.831
760.837
760.842
760.846
760.848
760.848
760.847
760.843
760.838
760.831
760.822
760.811
760.799
760.787
760.775
760.762
760.748
760.735
760.722
760.709
760.696
760.684
760.672
760.661
760.651
760.642
760.633
760.624
760.617
760.61
760.603
760.598
760.593
760.588
760.585
760.582
760.579
760.577
760.575
760.574
760.573
760.571
760.57
760.57
760.569
760.568
760.567
760.566
760.565
760.564
760.563
760.562
760.561
760.56
760.559
760.558
760.557
760.556
760.555
760.554
760.552
760.551
760.549
760.547
760.545
760.543
760.54
760.537
760.535
760.532
760.529
760.527
760.531
846.135
846.086
846.04
846
845.969
845.946
845.933
845.927
845.927
845.93
845.935
845.941
845.949
845.955
845.961
845.963
845.966
845.97
845.976
845.982
845.988
845.995
846.001
846.007
846.012
846.018
846.023
846.028
846.032
846.034
846.036
846.036
846.034
846.03
846.024
846.016
846.007
845.996
845.984
845.971
845.957
845.944
845.93
845.917
845.904
845.891
845.878
845.866
845.855
845.844
845.834
845.825
845.817
845.81
845.803
845.796
845.791
845.785
845.781
845.777
845.774
845.771
845.769
845.768
845.767
845.766
845.765
845.765
845.764
845.764
845.763
845.763
845.762
845.761
845.761
845.76
845.759
845.759
845.758
845.757
845.757
845.756
845.756
845.756
845.755
845.755
845.755
845.754
845.754
845.753
845.752
845.751
845.75
845.748
845.746
845.743
845.741
845.739
845.737
845.741
951.891
951.843
951.797
951.76
951.733
951.716
951.709
951.71
951.714
951.721
951.73
951.74
951.751
951.761
951.769
951.774
951.778
951.784
951.792
951.8
951.808
951.815
951.821
951.826
951.831
951.834
951.838
951.84
951.841
951.842
951.841
951.838
951.834
951.828
951.82
951.811
951.8
951.788
951.774
951.76
951.745
951.731
951.718
951.704
951.692
951.679
951.667
951.656
951.646
951.637
951.628
951.62
951.614
951.608
951.602
951.597
951.593
951.589
951.586
951.583
951.581
951.58
951.579
951.578
951.578
951.578
951.578
951.578
951.578
951.579
951.579
951.578
951.578
951.578
951.577
951.577
951.576
951.576
951.575
951.575
951.575
951.575
951.575
951.575
951.575
951.576
951.576
951.577
951.578
951.578
951.578
951.578
951.578
951.577
951.575
951.573
951.572
951.57
951.568
951.574
1086.92
1086.87
1086.82
1086.79
1086.77
1086.76
1086.76
1086.77
1086.78
1086.79
1086.8
1086.81
1086.82
1086.83
1086.85
1086.85
1086.86
1086.86
1086.87
1086.88
1086.89
1086.9
1086.9
1086.91
1086.91
1086.91
1086.92
1086.92
1086.92
1086.91
1086.91
1086.91
1086.9
1086.89
1086.88
1086.87
1086.86
1086.85
1086.83
1086.82
1086.8
1086.79
1086.77
1086.76
1086.75
1086.74
1086.73
1086.72
1086.71
1086.7
1086.69
1086.69
1086.68
1086.68
1086.67
1086.67
1086.67
1086.66
1086.66
1086.66
1086.66
1086.66
1086.66
1086.66
1086.66
1086.66
1086.66
1086.66
1086.66
1086.66
1086.67
1086.67
1086.67
1086.67
1086.67
1086.66
1086.66
1086.66
1086.66
1086.66
1086.66
1086.66
1086.66
1086.66
1086.67
1086.67
1086.67
1086.67
1086.67
1086.67
1086.67
1086.68
1086.68
1086.68
1086.68
1086.67
1086.67
1086.67
1086.67
1086.68
1265.25
1265.2
1265.13
1265.1
1265.09
1265.08
1265.09
1265.1
1265.11
1265.12
1265.14
1265.15
1265.16
1265.18
1265.19
1265.2
1265.2
1265.21
1265.22
1265.23
1265.24
1265.24
1265.25
1265.25
1265.25
1265.25
1265.25
1265.25
1265.25
1265.24
1265.24
1265.23
1265.22
1265.22
1265.2
1265.19
1265.18
1265.17
1265.15
1265.14
1265.12
1265.11
1265.1
1265.09
1265.07
1265.06
1265.05
1265.05
1265.04
1265.03
1265.03
1265.02
1265.02
1265.02
1265.01
1265.01
1265.01
1265.01
1265.01
1265.01
1265.01
1265.01
1265.01
1265.01
1265.01
1265.01
1265.02
1265.02
1265.02
1265.02
1265.02
1265.02
1265.02
1265.02
1265.02
1265.02
1265.02
1265.02
1265.02
1265.02
1265.02
1265.02
1265.02
1265.02
1265.02
1265.03
1265.03
1265.03
1265.03
1265.04
1265.04
1265.04
1265.04
1265.04
1265.04
1265.04
1265.04
1265.04
1265.04
1265.05
1511.19
1511.11
1510.98
1510.92
1510.91
1510.92
1510.93
1510.94
1510.95
1510.96
1510.97
1510.98
1510.99
1511
1511.02
1511.02
1511.03
1511.03
1511.04
1511.05
1511.05
1511.06
1511.07
1511.07
1511.07
1511.07
1511.07
1511.06
1511.06
1511.05
1511.04
1511.04
1511.03
1511.02
1511
1510.99
1510.99
1510.98
1510.96
1510.95
1510.93
1510.92
1510.91
1510.9
1510.89
1510.88
1510.87
1510.86
1510.86
1510.85
1510.85
1510.85
1510.85
1510.85
1510.85
1510.85
1510.85
1510.85
1510.85
1510.85
1510.85
1510.85
1510.85
1510.85
1510.86
1510.86
1510.86
1510.86
1510.86
1510.87
1510.87
1510.87
1510.87
1510.87
1510.87
1510.87
1510.87
1510.87
1510.87
1510.87
1510.87
1510.87
1510.87
1510.87
1510.87
1510.87
1510.87
1510.88
1510.88
1510.88
1510.89
1510.89
1510.89
1510.9
1510.9
1510.9
1510.9
1510.9
1510.89
1510.91
1870.77
1870.58
1870.21
1870.03
1870.02
1870.03
1870.04
1870.04
1870.04
1870.05
1870.05
1870.06
1870.07
1870.08
1870.09
1870.09
1870.09
1870.1
1870.1
1870.1
1870.11
1870.11
1870.12
1870.12
1870.12
1870.12
1870.11
1870.11
1870.1
1870.09
1870.08
1870.08
1870.07
1870.06
1870.04
1870.04
1870.03
1870.03
1870.02
1870.01
1869.99
1869.98
1869.97
1869.96
1869.96
1869.95
1869.95
1869.94
1869.94
1869.94
1869.93
1869.93
1869.93
1869.93
1869.94
1869.94
1869.94
1869.94
1869.94
1869.94
1869.95
1869.95
1869.95
1869.95
1869.95
1869.96
1869.96
1869.96
1869.96
1869.97
1869.97
1869.97
1869.97
1869.97
1869.97
1869.97
1869.97
1869.97
1869.97
1869.97
1869.97
1869.97
1869.97
1869.97
1869.97
1869.97
1869.97
1869.98
1869.98
1869.99
1869.99
1869.99
1870
1870
1870
1870.01
1870.01
1870.01
1870
1870.01
2442.45
2441.71
2440.51
2439.91
2439.85
2439.88
2439.87
2439.85
2439.84
2439.83
2439.83
2439.83
2439.83
2439.83
2439.84
2439.84
2439.83
2439.83
2439.82
2439.82
2439.82
2439.82
2439.83
2439.82
2439.82
2439.82
2439.81
2439.81
2439.8
2439.79
2439.78
2439.78
2439.77
2439.76
2439.75
2439.74
2439.75
2439.76
2439.76
2439.75
2439.74
2439.73
2439.73
2439.72
2439.72
2439.71
2439.71
2439.71
2439.71
2439.71
2439.71
2439.71
2439.71
2439.72
2439.72
2439.72
2439.72
2439.73
2439.73
2439.73
2439.73
2439.74
2439.74
2439.74
2439.74
2439.75
2439.75
2439.75
2439.75
2439.75
2439.76
2439.76
2439.76
2439.76
2439.76
2439.76
2439.76
2439.76
2439.76
2439.76
2439.76
2439.75
2439.75
2439.76
2439.76
2439.76
2439.76
2439.76
2439.77
2439.77
2439.78
2439.78
2439.79
2439.79
2439.79
2439.8
2439.8
2439.8
2439.78
2439.77
3476.09
3472.47
3467.81
3465.63
3465.29
3465.28
3465.24
3465.2
3465.16
3465.14
3465.13
3465.12
3465.1
3465.09
3465.1
3465.1
3465.09
3465.08
3465.07
3465.06
3465.05
3465.05
3465.05
3465.04
3465.04
3465.04
3465.03
3465.03
3465.02
3465.01
3465.01
3465
3464.99
3464.99
3464.97
3464.97
3464.98
3465
3465.01
3465.01
3465.01
3465.01
3465
3465
3465
3465
3465.01
3465.01
3465.01
3465.01
3465.02
3465.02
3465.02
3465.03
3465.03
3465.03
3465.04
3465.04
3465.04
3465.05
3465.05
3465.05
3465.05
3465.05
3465.06
3465.06
3465.06
3465.06
3465.07
3465.07
3465.07
3465.07
3465.07
3465.07
3465.07
3465.07
3465.07
3465.07
3465.07
3465.07
3465.07
3465.06
3465.06
3465.06
3465.06
3465.07
3465.07
3465.07
3465.07
3465.08
3465.08
3465.09
3465.09
3465.1
3465.1
3465.11
3465.11
3465.12
3465.09
3465.19
5790.18
5761.98
5744.35
5738.47
5737.39
5737.16
5737.04
5736.95
5736.89
5736.86
5736.87
5736.89
5736.89
5736.89
5736.91
5736.93
5736.93
5736.92
5736.91
5736.89
5736.89
5736.88
5736.88
5736.87
5736.87
5736.87
5736.87
5736.86
5736.86
5736.85
5736.85
5736.85
5736.84
5736.84
5736.82
5736.8
5736.78
5736.78
5736.78
5736.76
5736.75
5736.74
5736.74
5736.74
5736.75
5736.75
5736.76
5736.76
5736.76
5736.77
5736.77
5736.78
5736.78
5736.79
5736.79
5736.8
5736.8
5736.8
5736.8
5736.8
5736.8
5736.81
5736.81
5736.81
5736.81
5736.81
5736.81
5736.81
5736.82
5736.82
5736.82
5736.82
5736.82
5736.82
5736.82
5736.82
5736.82
5736.82
5736.81
5736.81
5736.81
5736.81
5736.81
5736.81
5736.81
5736.81
5736.81
5736.81
5736.81
5736.82
5736.82
5736.83
5736.83
5736.84
5736.84
5736.84
5736.85
5736.89
5736.92
5738.31
13333.3
13333.3
13333.3
13333.3
13333.3
13333.3
13333.3
13333.3
13333.3
13333.3
13333.3
13333.3
13333.3
13333.3
13333.3
13333.3
13333.3
13333.3
13333.3
13333.3
13333.3
13333.3
13333.3
13333.3
13333.3
13333.3
13333.3
13333.3
13333.3
13333.3
13333.3
13333.3
13333.3
13333.3
13333.3
13333.3
13333.3
13333.3
13333.3
13333.3
13333.3
13333.3
13333.3
13333.3
13333.3
13333.3
13333.3
13333.3
13333.3
13333.3
13333.3
13333.3
13333.3
13333.3
13333.3
13333.3
13333.3
13333.3
13333.3
13333.3
13333.3
13333.3
13333.3
13333.3
13333.3
13333.3
13333.3
13333.3
13333.3
13333.3
13333.3
13333.3
13333.3
13333.3
13333.3
13333.3
13333.3
13333.3
13333.3
13333.3
13333.3
13333.3
13333.3
13333.3
13333.3
13333.3
13333.3
13333.3
13333.3
13333.3
13333.3
13333.3
13333.3
13333.3
13333.3
13333.3
13333.3
13333.3
13333.3
13333.3
)
;

boundaryField
{
    inlet
    {
        type            cyclic;
    }
    outlet
    {
        type            cyclic;
    }
    bottomWall
    {
        beta1           0.075;
        blended         false;
        type            omegaWallFunction;
        value           nonuniform List<scalar> 
100
(
13333.3
13333.3
13333.3
13333.3
13333.3
13333.3
13333.3
13333.3
13333.3
13333.3
13333.3
13333.3
13333.3
13333.3
15770.4
15780.9
13333.3
13333.3
13333.3
13333.3
13333.3
13333.3
13333.3
13333.3
13333.3
13333.3
13333.3
13333.3
13333.3
13333.3
13333.3
13333.3
13333.3
13333.3
13333.3
13333.3
13333.3
13333.3
13333.3
13333.3
13333.3
13333.3
13333.3
13333.3
13333.3
13333.3
13333.3
13333.3
13333.3
13333.3
13333.3
13333.3
13333.3
13333.3
13333.3
13333.3
13333.3
13333.3
13333.3
13333.3
13333.3
13333.3
13333.3
13333.3
13333.3
13333.3
13333.3
13333.3
13333.3
13333.3
13333.3
13333.3
13333.3
13333.3
13333.3
13333.3
13333.3
13333.3
13333.3
13333.3
13333.3
13333.3
13333.3
13333.3
13333.3
13333.3
13333.3
13333.3
13333.3
13333.3
13333.3
13333.3
13333.3
13333.3
13333.3
13333.3
13333.3
13333.3
13333.3
13333.3
)
;
    }
    topWall
    {
        beta1           0.075;
        blended         false;
        type            omegaWallFunction;
        value           nonuniform List<scalar> 
100
(
13333.3
13333.3
13333.3
13333.3
13333.3
13333.3
13333.3
13333.3
13333.3
13333.3
13333.3
13333.3
13333.3
13333.3
13333.3
13333.3
13333.3
13333.3
13333.3
13333.3
13333.3
13333.3
13333.3
13333.3
13333.3
13333.3
13333.3
13333.3
13333.3
13333.3
13333.3
13333.3
13333.3
13333.3
13333.3
13333.3
13333.3
13333.3
13333.3
13333.3
13333.3
13333.3
13333.3
13333.3
13333.3
13333.3
13333.3
13333.3
13333.3
13333.3
13333.3
13333.3
13333.3
13333.3
13333.3
13333.3
13333.3
13333.3
13333.3
13333.3
13333.3
13333.3
13333.3
13333.3
13333.3
13333.3
13333.3
13333.3
13333.3
13333.3
13333.3
13333.3
13333.3
13333.3
13333.3
13333.3
13333.3
13333.3
13333.3
13333.3
13333.3
13333.3
13333.3
13333.3
13333.3
13333.3
13333.3
13333.3
13333.3
13333.3
13333.3
13333.3
13333.3
13333.3
13333.3
13333.3
13333.3
13333.3
13333.3
13333.3
)
;
    }
    frontAndBack
    {
        type            empty;
    }
}


// ************************************************************************* //
