/*--------------------------------*- C++ -*----------------------------------*\
  =========                 |
  \\      /  F ield         | OpenFOAM: The Open Source CFD Toolbox
   \\    /   O peration     | Website:  https://openfoam.org
    \\  /    A nd           | Version:  11
     \\/     M anipulation  |
\*---------------------------------------------------------------------------*/
FoamFile
{
    format      ascii;
    class       volScalarField;
    location    "300";
    object      p;
}
// * * * * * * * * * * * * * * * * * * * * * * * * * * * * * * * * * * * * * //

dimensions      [0 2 -2 0 0 0 0];

internalField   nonuniform List<scalar> 
5000
(
4.77721e-08
0.000118291
-0.00574749
-0.0151015
-0.0242849
-0.028878
-0.0315359
-0.0337466
-0.0360322
-0.0384619
-0.0413858
-0.0447948
-0.046401
-0.0430635
-0.0338219
-0.0201751
-0.00670423
0.00230944
0.00972397
0.0166422
0.0233733
0.0301208
0.0368307
0.0436271
0.0503834
0.0572551
0.064077
0.0710028
0.0778633
0.0847772
0.0916067
0.0985164
0.10537
0.11236
0.119503
0.127946
0.133669
0.134617
0.134534
0.134305
0.133397
0.131898
0.130153
0.128198
0.126197
0.124104
0.122029
0.119911
0.117823
0.115683
0.113573
0.111415
0.1093
0.107146
0.105035
0.102884
0.100774
0.0986292
0.0965124
0.0943383
0.0921657
0.0899436
0.0877478
0.0855246
0.0833391
0.0811285
0.0789678
0.0767764
0.0746346
0.0724639
0.0703244
0.0681433
0.0659705
0.0637709
0.0615678
0.0593613
0.0571533
0.054941
0.0527346
0.0505228
0.0483122
0.0461042
0.0438978
0.0416816
0.0394704
0.0372384
0.0350232
0.0327922
0.0305749
0.0283479
0.0261275
0.0238984
0.0216777
0.0194419
0.0172193
0.0150174
0.0127487
0.010071
0.00789326
0.00281798
0.000199364
2.32799e-05
-0.00577745
-0.0152211
-0.024474
-0.0289723
-0.0315461
-0.0337409
-0.0360267
-0.0384586
-0.0413843
-0.0446697
-0.0460507
-0.0426417
-0.0334921
-0.020414
-0.00717024
0.002138
0.00966755
0.0166248
0.0233685
0.0301196
0.0368306
0.0436271
0.0503834
0.057255
0.0640769
0.0710026
0.0778632
0.0847769
0.0916064
0.098516
0.105369
0.112359
0.119501
0.128021
0.133671
0.13445
0.134426
0.134277
0.133388
0.131895
0.13015
0.128196
0.126195
0.124104
0.122029
0.11991
0.117823
0.115683
0.113572
0.111414
0.109299
0.107146
0.105035
0.102884
0.100774
0.0986292
0.0965124
0.0943383
0.0921657
0.0899436
0.0877478
0.0855246
0.0833391
0.0811285
0.0789679
0.0767765
0.0746346
0.072464
0.0703244
0.0681434
0.0659705
0.0637709
0.0615678
0.0593614
0.0571533
0.054941
0.0527346
0.0505228
0.0483122
0.0461042
0.0438978
0.0416817
0.0394704
0.0372385
0.0350233
0.0327923
0.030575
0.028348
0.0261277
0.0238986
0.0216778
0.019442
0.0172193
0.0150176
0.012749
0.0100715
0.00793208
0.00309983
0.000337797
-3.9446e-05
-0.00580853
-0.0153003
-0.0245878
-0.029032
-0.0315576
-0.0337383
-0.0360229
-0.0384558
-0.0413828
-0.0445843
-0.0458315
-0.0423418
-0.0332118
-0.0204799
-0.00744005
0.00200362
0.00961764
0.0166089
0.0233645
0.0301188
0.0368309
0.0436272
0.0503837
0.0572549
0.0640771
0.0710025
0.0778633
0.0847767
0.0916064
0.0985157
0.105369
0.112358
0.1195
0.128035
0.133621
0.134317
0.134334
0.134236
0.13337
0.131886
0.130145
0.128193
0.126193
0.124102
0.122028
0.11991
0.117822
0.115683
0.113572
0.111414
0.109299
0.107146
0.105035
0.102884
0.100774
0.0986292
0.0965122
0.0943383
0.0921655
0.0899435
0.0877477
0.0855246
0.0833391
0.0811286
0.0789678
0.0767766
0.0746345
0.0724641
0.0703244
0.0681435
0.0659705
0.063771
0.0615678
0.0593614
0.0571533
0.0549411
0.0527346
0.0505228
0.0483122
0.0461043
0.0438978
0.0416817
0.0394704
0.0372386
0.0350233
0.0327924
0.0305751
0.0283481
0.0261277
0.0238987
0.0216779
0.0194422
0.0172193
0.0150179
0.0127492
0.0100742
0.0079464
0.00327364
0.000437518
-8.25404e-05
-0.0058612
-0.0153587
-0.0246333
-0.0290589
-0.0315668
-0.0337394
-0.0360217
-0.0384542
-0.0413797
-0.0445225
-0.0456913
-0.0421346
-0.0330117
-0.0204601
-0.00756276
0.00192458
0.00958433
0.0165976
0.0233619
0.0301185
0.0368315
0.0436274
0.0503843
0.057255
0.0640775
0.0710025
0.0778637
0.0847765
0.0916067
0.0985154
0.105369
0.112356
0.1195
0.128007
0.133536
0.134213
0.134258
0.13419
0.133346
0.131873
0.130137
0.128189
0.126191
0.124101
0.122027
0.11991
0.117822
0.115683
0.113572
0.111414
0.109299
0.107145
0.105034
0.102884
0.100774
0.0986292
0.096512
0.0943383
0.0921653
0.0899434
0.0877475
0.0855246
0.0833389
0.0811287
0.0789677
0.0767767
0.0746344
0.0724642
0.0703243
0.0681435
0.0659704
0.063771
0.0615677
0.0593614
0.0571532
0.0549411
0.0527345
0.0505228
0.0483121
0.0461043
0.0438977
0.0416818
0.0394703
0.0372386
0.0350233
0.0327925
0.0305751
0.0283483
0.0261278
0.0238989
0.021678
0.0194423
0.0172194
0.0150183
0.0127494
0.0100802
0.00794396
0.0033753
0.000530241
-0.000135258
-0.00594653
-0.0154135
-0.0246348
-0.0290614
-0.0315714
-0.0337422
-0.0360222
-0.0384535
-0.0413743
-0.0444674
-0.0455661
-0.0419644
-0.0328658
-0.0204224
-0.00762515
0.00187493
0.00956055
0.0165886
0.0233599
0.0301181
0.0368323
0.0436277
0.0503851
0.0572551
0.0640782
0.0710024
0.0778643
0.0847763
0.0916072
0.0985151
0.105369
0.112354
0.119501
0.127957
0.133435
0.134131
0.134197
0.134147
0.133319
0.131858
0.130129
0.128185
0.126188
0.1241
0.122026
0.119909
0.117821
0.115683
0.113571
0.111414
0.109299
0.107145
0.105034
0.102884
0.100773
0.0986292
0.0965118
0.0943382
0.092165
0.0899433
0.0877473
0.0855246
0.0833388
0.0811288
0.0789676
0.0767768
0.0746343
0.0724644
0.0703242
0.0681436
0.0659703
0.063771
0.0615676
0.0593614
0.0571531
0.0549411
0.0527343
0.0505227
0.048312
0.0461043
0.0438977
0.0416818
0.0394702
0.0372387
0.0350232
0.0327927
0.0305751
0.0283484
0.0261279
0.023899
0.021678
0.0194425
0.0172194
0.0150187
0.0127495
0.0100889
0.00793751
0.00345537
0.000629628
-0.000206077
-0.00606422
-0.0154776
-0.0246157
-0.0290502
-0.0315724
-0.0337457
-0.0360237
-0.0384536
-0.0413665
-0.0444063
-0.0454293
-0.0418009
-0.032748
-0.020389
-0.00767201
0.0018342
0.00953904
0.0165796
0.0233575
0.0301175
0.0368331
0.0436279
0.0503861
0.0572553
0.0640792
0.0710024
0.077865
0.0847761
0.091608
0.0985148
0.105369
0.112351
0.119502
0.127895
0.133323
0.134058
0.134145
0.134105
0.133291
0.131842
0.13012
0.12818
0.126186
0.124099
0.122025
0.119909
0.117821
0.115682
0.113571
0.111414
0.109298
0.107145
0.105034
0.102883
0.100773
0.0986291
0.0965114
0.094338
0.0921647
0.0899432
0.0877471
0.0855246
0.0833386
0.081129
0.0789675
0.0767769
0.0746342
0.0724645
0.070324
0.0681436
0.0659701
0.063771
0.0615674
0.0593614
0.0571529
0.0549411
0.0527342
0.0505227
0.0483119
0.0461043
0.0438976
0.0416819
0.0394701
0.0372387
0.0350232
0.0327928
0.0305752
0.0283486
0.0261279
0.0238992
0.0216781
0.0194427
0.0172194
0.0150191
0.0127494
0.0100997
0.00793666
0.0035449
0.000738763
-0.000293441
-0.00620893
-0.0155547
-0.0245891
-0.0290322
-0.0315712
-0.0337496
-0.0360258
-0.038454
-0.0413563
-0.0443346
-0.0452743
-0.0416305
-0.0326427
-0.0203631
-0.00772071
0.00179227
0.0095157
0.016569
0.0233541
0.0301164
0.0368337
0.043628
0.0503873
0.0572555
0.0640802
0.0710023
0.0778659
0.0847759
0.0916089
0.0985144
0.105369
0.112349
0.119502
0.127826
0.133203
0.133988
0.134097
0.134064
0.133263
0.131826
0.130111
0.128176
0.126183
0.124097
0.122024
0.119908
0.11782
0.115682
0.11357
0.111414
0.109298
0.107145
0.105033
0.102883
0.100773
0.098629
0.0965109
0.0943378
0.0921642
0.089943
0.0877469
0.0855247
0.0833385
0.0811292
0.0789674
0.0767771
0.0746341
0.0724646
0.0703237
0.0681436
0.0659699
0.0637709
0.0615673
0.0593614
0.0571528
0.0549411
0.052734
0.0505227
0.0483118
0.0461044
0.0438975
0.0416819
0.03947
0.0372388
0.0350232
0.032793
0.0305752
0.0283488
0.026128
0.0238994
0.0216781
0.0194428
0.0172194
0.0150194
0.0127492
0.0101119
0.00794519
0.00365459
0.000857543
-0.000393389
-0.00637485
-0.015644
-0.0245612
-0.0290109
-0.0315687
-0.0337538
-0.0360283
-0.0384547
-0.0413434
-0.0442524
-0.0451017
-0.0414489
-0.0325416
-0.0203429
-0.00777577
0.00174563
0.00948892
0.0165562
0.0233494
0.0301147
0.0368341
0.0436281
0.0503886
0.0572557
0.0640814
0.0710023
0.0778669
0.0847758
0.09161
0.0985141
0.105369
0.112346
0.1195
0.127749
0.133075
0.133918
0.134051
0.134025
0.133236
0.13181
0.130102
0.128172
0.126181
0.124096
0.122023
0.119908
0.11782
0.115682
0.11357
0.111414
0.109298
0.107145
0.105033
0.102883
0.100772
0.0986289
0.0965104
0.0943376
0.0921638
0.0899428
0.0877467
0.0855247
0.0833384
0.0811294
0.0789673
0.0767772
0.0746339
0.0724647
0.0703234
0.0681436
0.0659696
0.0637709
0.0615671
0.0593614
0.0571526
0.054941
0.0527338
0.0505227
0.0483116
0.0461044
0.0438975
0.041682
0.0394699
0.0372389
0.0350231
0.0327931
0.0305752
0.028349
0.0261281
0.0238996
0.0216782
0.019443
0.0172193
0.0150198
0.0127487
0.0101253
0.00796338
0.00378438
0.000984776
-0.000502107
-0.00655688
-0.015744
-0.0245343
-0.0289884
-0.0315653
-0.0337583
-0.0360311
-0.0384554
-0.041328
-0.0441606
-0.0449143
-0.0412561
-0.0324405
-0.020326
-0.00783703
0.00169375
0.00945848
0.0165412
0.0233435
0.0301125
0.0368344
0.0436282
0.05039
0.0572559
0.0640827
0.0710022
0.0778679
0.0847757
0.0916112
0.0985137
0.105369
0.112343
0.119498
0.127667
0.13294
0.133846
0.134004
0.133985
0.133209
0.131795
0.130093
0.128168
0.126179
0.124096
0.122023
0.119908
0.117819
0.115682
0.11357
0.111413
0.109297
0.107145
0.105033
0.102883
0.100772
0.0986287
0.0965098
0.0943373
0.0921633
0.0899426
0.0877464
0.0855248
0.0833383
0.0811297
0.0789672
0.0767774
0.0746337
0.0724647
0.0703231
0.0681435
0.0659692
0.0637708
0.0615669
0.0593614
0.0571524
0.054941
0.0527336
0.0505227
0.0483115
0.0461045
0.0438974
0.0416821
0.0394698
0.037239
0.0350231
0.0327933
0.0305752
0.0283492
0.0261281
0.0238998
0.0216782
0.0194431
0.0172193
0.0150201
0.0127481
0.0101398
0.00799041
0.00393075
0.00111891
-0.000616429
-0.00675133
-0.015853
-0.0245097
-0.0289657
-0.0315615
-0.0337629
-0.036034
-0.0384561
-0.0413099
-0.0440608
-0.0447158
-0.0410539
-0.0323372
-0.0203109
-0.00790305
0.00163728
0.00942478
0.0165243
0.0233364
0.0301097
0.0368345
0.0436281
0.0503915
0.0572562
0.0640841
0.0710021
0.077869
0.0847756
0.0916124
0.0985133
0.105369
0.112339
0.119494
0.12758
0.132799
0.133771
0.133957
0.133947
0.133182
0.13178
0.130085
0.128164
0.126177
0.124095
0.122022
0.119908
0.117819
0.115682
0.113569
0.111413
0.109297
0.107145
0.105033
0.102883
0.100771
0.0986285
0.0965092
0.094337
0.0921628
0.0899424
0.0877462
0.085525
0.0833383
0.0811299
0.0789672
0.0767775
0.0746336
0.0724647
0.0703227
0.0681434
0.0659689
0.0637706
0.0615666
0.0593613
0.0571523
0.054941
0.0527334
0.0505227
0.0483114
0.0461046
0.0438974
0.0416822
0.0394697
0.0372391
0.0350231
0.0327935
0.0305753
0.0283494
0.0261282
0.0239
0.0216782
0.0194432
0.0172193
0.0150203
0.0127473
0.0101554
0.00802539
0.00409014
0.00125832
-0.000733944
-0.00695516
-0.0159697
-0.0244878
-0.0289434
-0.0315573
-0.0337678
-0.0360371
-0.0384566
-0.0412892
-0.0439541
-0.0445091
-0.0408446
-0.0322312
-0.0202963
-0.00797227
0.00157727
0.00938839
0.0165056
0.0233284
0.0301066
0.0368345
0.043628
0.0503931
0.0572564
0.0640855
0.071002
0.0778701
0.0847755
0.0916138
0.0985129
0.105369
0.112336
0.119488
0.127487
0.132654
0.133692
0.13391
0.133908
0.133154
0.131765
0.130077
0.128161
0.126175
0.124094
0.122022
0.119908
0.117818
0.115682
0.113569
0.111413
0.109297
0.107145
0.105032
0.102883
0.100771
0.0986283
0.0965086
0.0943367
0.0921622
0.0899423
0.0877461
0.0855251
0.0833383
0.0811302
0.0789671
0.0767777
0.0746334
0.0724647
0.0703223
0.0681432
0.0659685
0.0637705
0.0615664
0.0593613
0.0571521
0.054941
0.0527333
0.0505227
0.0483113
0.0461047
0.0438973
0.0416823
0.0394696
0.0372392
0.035023
0.0327937
0.0305753
0.0283496
0.0261282
0.0239002
0.0216781
0.0194433
0.0172193
0.0150205
0.0127462
0.010172
0.00806749
0.00425945
0.00140163
-0.000852694
-0.00716625
-0.016093
-0.0244691
-0.0289218
-0.031553
-0.0337726
-0.0360404
-0.0384569
-0.041266
-0.043842
-0.0442972
-0.0406302
-0.0321225
-0.0202818
-0.00804333
0.00151468
0.0093499
0.0164856
0.0233195
0.0301031
0.0368343
0.0436279
0.0503946
0.0572566
0.064087
0.0710019
0.0778712
0.0847754
0.0916152
0.0985125
0.105369
0.112332
0.119481
0.127391
0.132505
0.133611
0.133861
0.133869
0.133127
0.13175
0.130069
0.128158
0.126173
0.124094
0.122021
0.119908
0.117818
0.115682
0.113569
0.111413
0.109297
0.107145
0.105032
0.102883
0.100771
0.0986281
0.0965079
0.0943364
0.0921617
0.0899421
0.0877459
0.0855253
0.0833383
0.0811305
0.0789671
0.0767779
0.0746332
0.0724647
0.0703218
0.068143
0.0659681
0.0637704
0.0615662
0.0593612
0.0571519
0.0549409
0.0527331
0.0505227
0.0483112
0.0461048
0.0438972
0.0416824
0.0394696
0.0372393
0.035023
0.0327938
0.0305753
0.0283498
0.0261282
0.0239003
0.0216781
0.0194433
0.0172193
0.0150206
0.012745
0.0101896
0.00811601
0.0044362
0.00154776
-0.000971213
-0.00738259
-0.0162218
-0.024454
-0.0289011
-0.0315488
-0.0337775
-0.0360437
-0.0384571
-0.0412406
-0.0437255
-0.0440824
-0.0404129
-0.0320116
-0.0202669
-0.00811519
0.00145039
0.00930989
0.0164646
0.0233099
0.0300993
0.0368342
0.0436277
0.0503962
0.0572568
0.0640885
0.0710018
0.0778722
0.0847753
0.0916166
0.098512
0.105368
0.112329
0.119473
0.127292
0.132355
0.133528
0.133813
0.13383
0.133101
0.131735
0.130061
0.128154
0.126172
0.124093
0.122021
0.119908
0.117817
0.115682
0.113568
0.111413
0.109296
0.107145
0.105032
0.102883
0.10077
0.0986278
0.0965073
0.0943361
0.0921612
0.089942
0.0877458
0.0855255
0.0833383
0.0811308
0.078967
0.076778
0.074633
0.0724646
0.0703213
0.0681428
0.0659677
0.0637702
0.061566
0.0593612
0.0571517
0.0549409
0.0527329
0.0505228
0.0483112
0.046105
0.0438972
0.0416826
0.0394695
0.0372395
0.035023
0.032794
0.0305753
0.0283499
0.0261282
0.0239004
0.021678
0.0194434
0.0172192
0.0150207
0.0127435
0.0102081
0.00817027
0.00461841
0.00169588
-0.00108816
-0.00760274
-0.0163554
-0.0244428
-0.0288815
-0.0315446
-0.0337824
-0.0360471
-0.038457
-0.041213
-0.043606
-0.0438668
-0.0401945
-0.0318989
-0.0202513
-0.00818703
0.0013851
0.00926884
0.0164429
0.0232999
0.0300953
0.036834
0.0436275
0.0503978
0.057257
0.0640899
0.0710017
0.0778732
0.0847752
0.0916181
0.0985116
0.105368
0.112325
0.119463
0.127191
0.132203
0.133443
0.133763
0.133792
0.133074
0.13172
0.130054
0.128151
0.126171
0.124093
0.122021
0.119908
0.117817
0.115682
0.113568
0.111414
0.109296
0.107145
0.105032
0.102882
0.10077
0.0986276
0.0965066
0.0943357
0.0921606
0.0899418
0.0877457
0.0855257
0.0833384
0.0811311
0.078967
0.0767782
0.0746328
0.0724645
0.0703208
0.0681426
0.0659673
0.0637701
0.0615657
0.0593612
0.0571516
0.0549409
0.0527328
0.0505228
0.0483111
0.0461051
0.0438971
0.0416827
0.0394695
0.0372397
0.035023
0.0327942
0.0305754
0.0283501
0.0261283
0.0239006
0.0216779
0.0194434
0.0172192
0.0150207
0.0127419
0.0102273
0.00822957
0.00480449
0.0018454
-0.00120255
-0.00782508
-0.016493
-0.0244357
-0.0288632
-0.0315406
-0.0337873
-0.0360506
-0.0384567
-0.0411835
-0.0434844
-0.043652
-0.0399765
-0.0317851
-0.0202349
-0.00825825
0.00131942
0.00922719
0.0164206
0.0232895
0.030091
0.0368337
0.0436273
0.0503994
0.0572572
0.0640914
0.0710015
0.0778742
0.0847751
0.0916195
0.0985111
0.105368
0.112321
0.119452
0.127089
0.132052
0.133357
0.133714
0.133753
0.133047
0.131706
0.130046
0.128148
0.126169
0.124093
0.12202
0.119908
0.117817
0.115682
0.113568
0.111414
0.109296
0.107145
0.105031
0.102882
0.100769
0.0986273
0.0965059
0.0943354
0.0921601
0.0899417
0.0877456
0.085526
0.0833385
0.0811315
0.078967
0.0767784
0.0746325
0.0724644
0.0703203
0.0681424
0.0659668
0.06377
0.0615655
0.0593612
0.0571514
0.054941
0.0527327
0.0505229
0.048311
0.0461052
0.0438971
0.0416829
0.0394695
0.0372398
0.035023
0.0327944
0.0305754
0.0283503
0.0261283
0.0239007
0.0216778
0.0194434
0.0172192
0.0150207
0.0127401
0.0102472
0.00829319
0.00499308
0.00199596
-0.00131354
-0.00804845
-0.0166338
-0.0244328
-0.0288464
-0.0315367
-0.0337921
-0.0360541
-0.0384561
-0.0411523
-0.0433618
-0.0434393
-0.0397602
-0.0316705
-0.0202176
-0.00832832
0.00125383
0.00918529
0.016398
0.0232789
0.0300867
0.0368334
0.0436271
0.0504009
0.0572574
0.0640928
0.0710013
0.0778751
0.0847749
0.091621
0.0985105
0.105367
0.112317
0.119439
0.126987
0.131902
0.13327
0.133664
0.133715
0.133021
0.131691
0.130039
0.128146
0.126168
0.124093
0.12202
0.119908
0.117816
0.115682
0.113568
0.111414
0.109296
0.107145
0.105031
0.102882
0.100769
0.098627
0.0965052
0.0943351
0.0921595
0.0899416
0.0877455
0.0855263
0.0833386
0.0811319
0.0789671
0.0767786
0.0746323
0.0724643
0.0703198
0.0681421
0.0659664
0.0637698
0.0615653
0.0593612
0.0571513
0.054941
0.0527325
0.0505231
0.0483109
0.0461054
0.043897
0.041683
0.0394694
0.03724
0.035023
0.0327946
0.0305753
0.0283505
0.0261282
0.0239008
0.0216777
0.0194434
0.0172192
0.0150206
0.0127384
0.0102676
0.0083604
0.005183
0.00214736
-0.00142058
-0.00827155
-0.0167773
-0.0244342
-0.028831
-0.0315332
-0.0337968
-0.0360576
-0.0384553
-0.0411198
-0.0432389
-0.0432299
-0.0395469
-0.0315559
-0.0201995
-0.00839687
0.00118875
0.00914345
0.0163752
0.0232681
0.0300822
0.036833
0.0436268
0.0504024
0.0572576
0.0640942
0.071001
0.0778759
0.0847747
0.0916223
0.0985099
0.105367
0.112313
0.119426
0.126885
0.131754
0.133183
0.133614
0.133677
0.132995
0.131677
0.130031
0.128143
0.126167
0.124093
0.12202
0.119908
0.117816
0.115682
0.113567
0.111414
0.109296
0.107146
0.105031
0.102882
0.100769
0.0986268
0.0965045
0.0943349
0.0921589
0.0899415
0.0877455
0.0855266
0.0833387
0.0811323
0.0789671
0.0767788
0.0746321
0.0724642
0.0703192
0.0681419
0.065966
0.0637697
0.0615651
0.0593612
0.0571512
0.0549411
0.0527324
0.0505232
0.0483108
0.0461055
0.043897
0.0416831
0.0394694
0.0372401
0.035023
0.0327947
0.0305753
0.0283506
0.0261282
0.0239009
0.0216776
0.0194434
0.0172192
0.0150205
0.0127365
0.0102885
0.00843052
0.00537332
0.00229951
-0.00152318
-0.00849361
-0.0169229
-0.02444
-0.0288173
-0.03153
-0.0338014
-0.0360611
-0.0384541
-0.0410861
-0.0431166
-0.0430247
-0.0393375
-0.0314416
-0.0201806
-0.00846357
0.0011245
0.0091019
0.0163525
0.0232574
0.0300776
0.0368325
0.0436266
0.0504039
0.0572578
0.0640955
0.0710007
0.0778767
0.0847745
0.0916237
0.0985093
0.105366
0.112309
0.119411
0.126783
0.131608
0.133097
0.133564
0.133639
0.13297
0.131663
0.130024
0.12814
0.126166
0.124093
0.12202
0.119908
0.117816
0.115682
0.113567
0.111414
0.109296
0.107146
0.105031
0.102882
0.100768
0.0986265
0.0965039
0.0943346
0.0921583
0.0899414
0.0877454
0.0855269
0.0833389
0.0811327
0.0789671
0.076779
0.0746318
0.072464
0.0703186
0.0681416
0.0659655
0.0637696
0.061565
0.0593613
0.0571511
0.0549411
0.0527323
0.0505233
0.0483107
0.0461057
0.043897
0.0416833
0.0394694
0.0372403
0.035023
0.0327949
0.0305753
0.0283508
0.0261282
0.0239011
0.0216775
0.0194434
0.0172193
0.0150203
0.0127346
0.0103096
0.00850292
0.00556335
0.00245249
-0.00162118
-0.00871377
-0.0170702
-0.02445
-0.0288053
-0.0315273
-0.033806
-0.0360647
-0.0384527
-0.0410515
-0.0429953
-0.0428245
-0.0391327
-0.031328
-0.0201611
-0.00852819
0.00106137
0.00906085
0.0163299
0.0232466
0.030073
0.036832
0.0436263
0.0504052
0.057258
0.0640968
0.0710004
0.0778773
0.0847743
0.091625
0.0985087
0.105365
0.112304
0.119396
0.126683
0.131466
0.133011
0.133515
0.133601
0.132944
0.131649
0.130017
0.128138
0.126165
0.124093
0.12202
0.119908
0.117815
0.115682
0.113567
0.111414
0.109296
0.107146
0.105031
0.102882
0.100768
0.0986263
0.0965032
0.0943343
0.0921578
0.0899413
0.0877453
0.0855272
0.0833391
0.0811331
0.0789672
0.0767793
0.0746316
0.0724639
0.0703181
0.0681414
0.0659651
0.0637695
0.0615648
0.0593613
0.0571509
0.0549412
0.0527322
0.0505235
0.0483106
0.0461058
0.0438969
0.0416835
0.0394693
0.0372404
0.035023
0.0327951
0.0305753
0.0283509
0.0261281
0.0239012
0.0216773
0.0194435
0.0172193
0.0150202
0.0127327
0.0103309
0.00857702
0.00575267
0.00260648
-0.00171449
-0.00893174
-0.0172188
-0.0244641
-0.0287951
-0.0315249
-0.0338105
-0.0360682
-0.0384509
-0.0410161
-0.0428758
-0.0426297
-0.0389329
-0.0312154
-0.0201411
-0.00859058
0.000999532
0.00902044
0.0163075
0.023236
0.0300683
0.0368314
0.0436259
0.0504065
0.0572581
0.064098
0.0710001
0.0778779
0.084774
0.0916262
0.098508
0.105364
0.1123
0.11938
0.126585
0.131327
0.132927
0.133466
0.133564
0.132919
0.131636
0.13001
0.128135
0.126163
0.124093
0.12202
0.119908
0.117815
0.115682
0.113567
0.111415
0.109296
0.107146
0.10503
0.102883
0.100768
0.098626
0.0965025
0.094334
0.0921572
0.0899412
0.0877453
0.0855276
0.0833393
0.0811336
0.0789672
0.0767796
0.0746313
0.0724638
0.0703175
0.0681412
0.0659647
0.0637694
0.0615647
0.0593614
0.0571508
0.0549413
0.0527321
0.0505236
0.0483106
0.0461059
0.0438969
0.0416836
0.0394693
0.0372406
0.035023
0.0327953
0.0305753
0.0283511
0.0261281
0.0239013
0.0216772
0.0194435
0.0172194
0.01502
0.0127308
0.0103524
0.00865234
0.00594105
0.0027618
-0.00180329
-0.00914711
-0.0173684
-0.0244823
-0.0287866
-0.031523
-0.0338149
-0.0360718
-0.0384489
-0.0409802
-0.0427582
-0.0424407
-0.0387386
-0.0311042
-0.0201206
-0.00865066
0.000939144
0.00898079
0.0162853
0.0232255
0.0300637
0.0368308
0.0436255
0.0504077
0.0572582
0.0640991
0.0709997
0.0778785
0.0847737
0.0916274
0.0985073
0.105363
0.112296
0.119364
0.126489
0.131191
0.132843
0.133417
0.133528
0.132894
0.131622
0.130003
0.128133
0.126162
0.124093
0.12202
0.119908
0.117815
0.115683
0.113567
0.111415
0.109296
0.107146
0.10503
0.102883
0.100767
0.0986258
0.0965018
0.0943337
0.0921566
0.0899411
0.0877452
0.085528
0.0833395
0.081134
0.0789673
0.0767798
0.074631
0.0724636
0.0703169
0.068141
0.0659642
0.0637693
0.0615645
0.0593615
0.0571507
0.0549414
0.052732
0.0505238
0.0483105
0.0461061
0.0438969
0.0416837
0.0394692
0.0372408
0.0350229
0.0327954
0.0305752
0.0283512
0.0261281
0.0239014
0.0216771
0.0194435
0.0172194
0.0150198
0.0127289
0.0103738
0.00872846
0.00612846
0.00291886
-0.00188781
-0.00936008
-0.0175187
-0.0245044
-0.0287799
-0.0315215
-0.0338194
-0.0360754
-0.0384466
-0.0409439
-0.042643
-0.0422575
-0.0385499
-0.0309944
-0.0200997
-0.00870842
0.000880267
0.00894194
0.0162635
0.023215
0.030059
0.0368301
0.0436251
0.0504088
0.0572582
0.0641002
0.0709992
0.0778789
0.0847733
0.0916284
0.0985065
0.105362
0.112292
0.119347
0.126394
0.13106
0.132761
0.133369
0.133492
0.13287
0.131609
0.129996
0.12813
0.126161
0.124093
0.12202
0.119909
0.117814
0.115683
0.113567
0.111415
0.109295
0.107147
0.10503
0.102883
0.100767
0.0986255
0.0965012
0.0943334
0.0921561
0.0899411
0.0877451
0.0855283
0.0833397
0.0811345
0.0789673
0.0767801
0.0746308
0.0724635
0.0703164
0.0681409
0.0659638
0.0637691
0.0615643
0.0593615
0.0571506
0.0549415
0.0527319
0.0505239
0.0483105
0.0461062
0.0438968
0.0416839
0.0394692
0.0372409
0.0350229
0.0327956
0.0305752
0.0283513
0.026128
0.0239015
0.021677
0.0194435
0.0172195
0.0150196
0.0127271
0.0103951
0.00880495
0.00631493
0.00307863
-0.00196833
-0.00957063
-0.0176697
-0.0245303
-0.0287749
-0.0315204
-0.0338237
-0.036079
-0.0384441
-0.0409073
-0.0425303
-0.04208
-0.0383666
-0.0308863
-0.0200785
-0.00876386
0.000822958
0.00890396
0.016242
0.0232048
0.0300544
0.0368295
0.0436246
0.0504098
0.0572582
0.0641011
0.0709987
0.0778792
0.0847728
0.0916294
0.0985056
0.105361
0.112287
0.119329
0.126302
0.130932
0.13268
0.133321
0.133457
0.132846
0.131596
0.129989
0.128128
0.12616
0.124093
0.12202
0.119909
0.117814
0.115683
0.113567
0.111416
0.109295
0.107147
0.10503
0.102883
0.100767
0.0986253
0.0965004
0.0943331
0.0921556
0.089941
0.0877451
0.0855287
0.0833399
0.081135
0.0789674
0.0767804
0.0746305
0.0724634
0.0703158
0.0681407
0.0659634
0.063769
0.0615642
0.0593616
0.0571506
0.0549417
0.0527318
0.050524
0.0483104
0.0461064
0.0438968
0.041684
0.0394692
0.0372411
0.0350228
0.0327958
0.0305752
0.0283515
0.026128
0.0239017
0.0216769
0.0194436
0.0172196
0.0150193
0.0127254
0.0104163
0.00888127
0.00650061
0.00324284
-0.00204451
-0.00977885
-0.017821
-0.0245594
-0.0287711
-0.0315193
-0.0338276
-0.0360821
-0.0384408
-0.0408701
-0.0424198
-0.0419079
-0.0381884
-0.0307795
-0.0200567
-0.00881694
0.000767307
0.00886696
0.016221
0.0231948
0.0300499
0.0368288
0.0436241
0.0504108
0.0572582
0.0641019
0.0709981
0.0778794
0.0847721
0.09163
0.0985044
0.105359
0.112282
0.119311
0.126212
0.130808
0.1326
0.133273
0.133421
0.132822
0.131583
0.129982
0.128125
0.126159
0.124093
0.122019
0.119909
0.117814
0.115683
0.113567
0.111416
0.109295
0.107147
0.10503
0.102883
0.100766
0.098625
0.0964997
0.0943328
0.0921551
0.0899409
0.087745
0.0855291
0.0833401
0.0811355
0.0789675
0.0767807
0.0746302
0.0724632
0.0703152
0.0681406
0.065963
0.063769
0.061564
0.0593616
0.0571505
0.0549418
0.0527317
0.0505241
0.0483103
0.0461065
0.0438967
0.0416841
0.0394691
0.0372412
0.0350228
0.0327959
0.0305752
0.0283516
0.0261279
0.0239018
0.0216767
0.0194436
0.0172196
0.0150191
0.0127238
0.0104374
0.00895758
0.00668674
0.00340987
-0.00211815
-0.00998618
-0.0179731
-0.0245916
-0.0287684
-0.0315183
-0.0338312
-0.0360849
-0.0384372
-0.0408326
-0.0423114
-0.0417404
-0.0380152
-0.0306744
-0.0200348
-0.00886833
0.000712844
0.00883062
0.0162003
0.0231849
0.0300454
0.0368281
0.0436236
0.0504116
0.057258
0.0641026
0.0709976
0.0778796
0.0847714
0.0916307
0.0985032
0.105358
0.112278
0.119292
0.126124
0.130687
0.132521
0.133226
0.133386
0.132798
0.13157
0.129975
0.128122
0.126157
0.124093
0.122019
0.119908
0.117813
0.115683
0.113566
0.111416
0.109295
0.107147
0.105029
0.102883
0.100766
0.0986246
0.0964988
0.0943323
0.0921544
0.0899408
0.0877448
0.0855294
0.0833402
0.0811359
0.0789675
0.076781
0.07463
0.0724631
0.0703146
0.0681405
0.0659626
0.0637689
0.0615639
0.0593617
0.0571504
0.0549419
0.0527316
0.0505243
0.0483102
0.0461066
0.0438966
0.0416842
0.039469
0.0372413
0.0350226
0.032796
0.0305751
0.0283516
0.0261277
0.0239018
0.0216766
0.0194435
0.0172196
0.0150188
0.0127225
0.0104584
0.00903743
0.00687649
0.00357891
-0.00219122
-0.0101944
-0.0181273
-0.0246277
-0.028768
-0.0315184
-0.0338356
-0.0360886
-0.0384342
-0.0407957
-0.0422056
-0.041578
-0.0378473
-0.0305715
-0.0200135
-0.00891854
0.000659232
0.00879465
0.0161796
0.0231748
0.0300407
0.0368272
0.0436228
0.0504122
0.0572577
0.0641032
0.070997
0.0778799
0.0847709
0.0916315
0.0985023
0.105357
0.112273
0.119274
0.126038
0.130571
0.132445
0.133179
0.133352
0.132775
0.131557
0.129968
0.12812
0.126156
0.124093
0.122019
0.119908
0.117812
0.115683
0.113566
0.111416
0.109295
0.107147
0.105029
0.102883
0.100765
0.0986243
0.096498
0.094332
0.0921539
0.0899407
0.0877447
0.0855297
0.0833404
0.0811363
0.0789675
0.0767813
0.0746297
0.072463
0.070314
0.0681404
0.0659622
0.0637688
0.0615637
0.0593617
0.0571503
0.0549421
0.0527315
0.0505244
0.0483102
0.0461067
0.0438966
0.0416844
0.0394689
0.0372414
0.0350226
0.0327961
0.030575
0.0283517
0.0261277
0.0239019
0.0216765
0.0194436
0.0172197
0.0150186
0.0127214
0.0104789
0.00911748
0.00706661
0.00375271
-0.00226309
-0.0104032
-0.0182834
-0.0246674
-0.0287695
-0.0315195
-0.0338406
-0.0360928
-0.0384314
-0.0407588
-0.0421022
-0.0414204
-0.0376842
-0.0304708
-0.0199926
-0.0089672
0.000606803
0.00875931
0.0161591
0.0231649
0.0300359
0.0368262
0.043622
0.0504128
0.0572574
0.0641038
0.0709963
0.0778801
0.0847703
0.0916322
0.0985013
0.105355
0.112269
0.119255
0.125954
0.130458
0.13237
0.133135
0.13332
0.132753
0.131546
0.129963
0.128118
0.126156
0.124093
0.122019
0.119909
0.117812
0.115683
0.113566
0.111417
0.109295
0.107148
0.105029
0.102883
0.100765
0.0986242
0.0964974
0.0943318
0.0921536
0.0899408
0.0877447
0.0855302
0.0833407
0.0811369
0.0789676
0.0767816
0.0746295
0.0724629
0.0703134
0.0681402
0.0659617
0.0637687
0.0615635
0.0593617
0.0571502
0.0549422
0.0527313
0.0505245
0.0483101
0.0461069
0.0438965
0.0416845
0.0394689
0.0372416
0.0350226
0.0327964
0.0305751
0.028352
0.0261277
0.0239022
0.0216764
0.0194437
0.0172198
0.0150184
0.0127202
0.0104991
0.00919374
0.00725513
0.00393287
-0.00233258
-0.0106123
-0.0184405
-0.0247093
-0.0287718
-0.0315204
-0.0338452
-0.0360967
-0.038428
-0.0407212
-0.0420005
-0.0412669
-0.0375253
-0.0303717
-0.0199714
-0.00901398
0.00055578
0.00872483
0.016139
0.0231551
0.0300313
0.0368253
0.0436213
0.0504134
0.0572572
0.0641043
0.0709954
0.07788
0.0847696
0.0916326
0.0985001
0.105354
0.112264
0.119235
0.125871
0.130346
0.132297
0.133091
0.133287
0.132732
0.131534
0.129957
0.128116
0.126155
0.124094
0.122019
0.119909
0.117812
0.115684
0.113566
0.111417
0.109295
0.107148
0.105029
0.102884
0.100765
0.0986241
0.0964968
0.0943316
0.0921532
0.0899408
0.0877447
0.0855307
0.0833409
0.0811374
0.0789677
0.076782
0.0746292
0.0724628
0.0703128
0.06814
0.0659613
0.0637686
0.0615633
0.0593617
0.0571501
0.0549423
0.0527312
0.0505246
0.04831
0.046107
0.0438965
0.0416847
0.0394689
0.0372418
0.0350226
0.0327965
0.030575
0.0283521
0.0261276
0.0239023
0.0216763
0.0194437
0.0172199
0.0150181
0.0127191
0.0105192
0.00926904
0.00744631
0.00411945
-0.00239994
-0.0108222
-0.0185991
-0.0247534
-0.0287748
-0.0315212
-0.0338493
-0.0361002
-0.038424
-0.040683
-0.0419002
-0.0411171
-0.0373704
-0.0302739
-0.0199499
-0.00905893
0.000506147
0.00869119
0.0161194
0.0231456
0.0300267
0.0368244
0.0436206
0.050414
0.0572568
0.0641047
0.0709944
0.0778797
0.0847688
0.0916328
0.0984987
0.105352
0.112259
0.119215
0.125789
0.130237
0.132224
0.133047
0.133256
0.13271
0.131522
0.129951
0.128114
0.126154
0.124094
0.122019
0.11991
0.117812
0.115684
0.113566
0.111417
0.109295
0.107149
0.105029
0.102884
0.100764
0.0986238
0.0964961
0.0943312
0.0921528
0.0899408
0.0877447
0.0855311
0.0833412
0.0811379
0.0789677
0.0767824
0.074629
0.0724627
0.0703122
0.0681398
0.0659609
0.0637685
0.0615631
0.0593617
0.05715
0.0549425
0.0527311
0.0505247
0.0483099
0.0461071
0.0438964
0.0416848
0.0394688
0.0372419
0.0350225
0.0327966
0.0305749
0.0283523
0.0261275
0.0239024
0.0216762
0.0194437
0.01722
0.0150177
0.0127181
0.0105391
0.00934363
0.0076406
0.00431165
-0.00246582
-0.0110339
-0.0187595
-0.0247998
-0.0287788
-0.0315221
-0.0338535
-0.0361036
-0.0384198
-0.0406446
-0.0418016
-0.0409712
-0.0372195
-0.0301778
-0.0199283
-0.00910226
0.000457741
0.00865826
0.0161001
0.0231363
0.0300222
0.0368234
0.0436198
0.0504145
0.0572565
0.064105
0.0709934
0.0778793
0.0847679
0.0916328
0.0984972
0.10535
0.112253
0.119193
0.125708
0.13013
0.132152
0.133003
0.133224
0.132689
0.131511
0.129945
0.128112
0.126153
0.124094
0.122019
0.11991
0.117812
0.115684
0.113566
0.111418
0.109295
0.107149
0.105029
0.102884
0.100764
0.0986236
0.0964954
0.0943309
0.0921524
0.0899408
0.0877447
0.0855315
0.0833414
0.0811384
0.0789678
0.0767827
0.0746288
0.0724626
0.0703116
0.0681396
0.0659605
0.0637685
0.0615629
0.0593618
0.0571499
0.0549426
0.052731
0.0505248
0.0483098
0.0461072
0.0438963
0.0416849
0.0394687
0.037242
0.0350224
0.0327967
0.0305749
0.0283524
0.0261274
0.0239025
0.0216761
0.0194438
0.01722
0.0150174
0.0127173
0.0105589
0.00941724
0.00783737
0.00450938
-0.00253027
-0.0112476
-0.018922
-0.0248484
-0.0287838
-0.0315234
-0.0338576
-0.0361071
-0.0384154
-0.0406062
-0.0417048
-0.040829
-0.0370726
-0.0300834
-0.0199067
-0.00914404
0.000410579
0.00862603
0.0160811
0.023127
0.0300177
0.0368225
0.0436191
0.0504149
0.0572561
0.0641052
0.0709923
0.0778789
0.0847669
0.0916328
0.0984956
0.105348
0.112248
0.119172
0.125628
0.130025
0.132081
0.132961
0.133193
0.132668
0.1315
0.129939
0.12811
0.126153
0.124095
0.122019
0.11991
0.117811
0.115685
0.113566
0.111418
0.109295
0.107149
0.105029
0.102884
0.100764
0.0986234
0.0964947
0.0943306
0.092152
0.0899408
0.0877447
0.085532
0.0833416
0.0811389
0.0789679
0.0767831
0.0746286
0.0724625
0.070311
0.0681394
0.0659601
0.0637684
0.0615627
0.0593619
0.0571498
0.0549427
0.0527309
0.0505249
0.0483097
0.0461073
0.0438962
0.041685
0.0394687
0.0372422
0.0350224
0.0327969
0.0305748
0.0283525
0.0261273
0.0239026
0.021676
0.0194438
0.0172201
0.015017
0.0127166
0.0105784
0.00948958
0.00803657
0.00471255
-0.00259305
-0.0114633
-0.0190862
-0.0248991
-0.0287897
-0.0315248
-0.0338616
-0.0361105
-0.0384109
-0.0405679
-0.04161
-0.0406906
-0.0369298
-0.0299909
-0.0198852
-0.00918421
0.00036473
0.00859456
0.0160625
0.0231179
0.0300132
0.0368214
0.0436183
0.0504153
0.0572557
0.0641053
0.0709912
0.0778783
0.0847659
0.0916327
0.098494
0.105346
0.112242
0.11915
0.12555
0.129923
0.132012
0.132919
0.133163
0.132648
0.131489
0.129933
0.128108
0.126152
0.124095
0.122019
0.11991
0.117811
0.115685
0.113566
0.111419
0.109295
0.10715
0.105029
0.102885
0.100764
0.0986231
0.0964941
0.0943303
0.0921516
0.0899409
0.0877447
0.0855325
0.0833419
0.0811394
0.078968
0.0767835
0.0746284
0.0724624
0.0703104
0.0681392
0.0659597
0.0637683
0.0615626
0.0593619
0.0571497
0.0549428
0.0527308
0.050525
0.0483097
0.0461074
0.0438961
0.0416851
0.0394686
0.0372423
0.0350223
0.032797
0.0305747
0.0283526
0.0261273
0.0239027
0.0216758
0.0194438
0.0172202
0.0150166
0.012716
0.0105976
0.00956035
0.00823792
0.0049208
-0.00265395
-0.0116807
-0.0192519
-0.0249516
-0.0287964
-0.0315265
-0.0338656
-0.0361139
-0.0384062
-0.0405297
-0.0415173
-0.0405563
-0.0367912
-0.0299004
-0.0198638
-0.00922272
0.000320305
0.00856395
0.0160443
0.0231089
0.0300088
0.0368204
0.0436176
0.0504156
0.0572552
0.0641054
0.07099
0.0778776
0.0847648
0.0916325
0.0984924
0.105344
0.112237
0.119128
0.125473
0.129823
0.131944
0.132878
0.133134
0.132629
0.131478
0.129928
0.128106
0.126151
0.124095
0.122019
0.11991
0.117811
0.115685
0.113566
0.111419
0.109295
0.10715
0.105029
0.102885
0.100763
0.0986229
0.0964934
0.09433
0.0921512
0.0899409
0.0877447
0.085533
0.0833421
0.0811399
0.0789681
0.0767839
0.0746282
0.0724622
0.0703098
0.0681389
0.0659592
0.0637682
0.0615624
0.059362
0.0571496
0.0549429
0.0527307
0.0505251
0.0483096
0.0461075
0.0438961
0.0416852
0.0394686
0.0372424
0.0350223
0.0327971
0.0305747
0.0283528
0.0261272
0.0239028
0.0216757
0.0194438
0.0172203
0.0150162
0.0127156
0.0106165
0.00962917
0.00844091
0.00513352
-0.00271246
-0.0118994
-0.0194187
-0.0250058
-0.0288039
-0.0315284
-0.0338695
-0.0361171
-0.0384013
-0.040492
-0.0414271
-0.0404264
-0.0366572
-0.0298123
-0.0198427
-0.00925945
0.000277442
0.00853428
0.0160266
0.0231002
0.0300044
0.0368194
0.0436168
0.0504159
0.0572547
0.0641055
0.0709888
0.0778769
0.0847636
0.0916323
0.0984908
0.105342
0.112231
0.119106
0.125398
0.129726
0.131877
0.132838
0.133106
0.13261
0.131468
0.129922
0.128104
0.12615
0.124095
0.122019
0.11991
0.11781
0.115685
0.113566
0.111419
0.109295
0.10715
0.105029
0.102885
0.100763
0.0986226
0.0964928
0.0943297
0.0921509
0.089941
0.0877448
0.0855335
0.0833423
0.0811405
0.0789682
0.0767843
0.0746281
0.0724621
0.0703092
0.0681387
0.0659588
0.0637681
0.0615622
0.059362
0.0571495
0.054943
0.0527306
0.0505252
0.0483095
0.0461076
0.043896
0.0416853
0.0394686
0.0372426
0.0350222
0.0327973
0.0305746
0.0283529
0.0261271
0.0239029
0.0216756
0.0194438
0.0172204
0.0150158
0.0127153
0.0106349
0.00969561
0.00864476
0.00534988
-0.00276813
-0.0121186
-0.0195861
-0.0250614
-0.0288122
-0.0315305
-0.0338734
-0.0361203
-0.0383963
-0.0404548
-0.0413398
-0.0403012
-0.0365281
-0.0297267
-0.0198219
-0.00929432
0.000236307
0.00850569
0.0160095
0.0230916
0.0300001
0.0368183
0.043616
0.0504161
0.0572542
0.0641055
0.0709876
0.0778762
0.0847623
0.091632
0.0984891
0.10534
0.112225
0.119084
0.125325
0.129632
0.131812
0.132799
0.133078
0.132591
0.131458
0.129917
0.128102
0.12615
0.124096
0.122019
0.119911
0.11781
0.115685
0.113566
0.11142
0.109295
0.107151
0.105029
0.102886
0.100763
0.0986224
0.0964922
0.0943294
0.0921506
0.0899411
0.0877449
0.0855339
0.0833426
0.081141
0.0789683
0.0767847
0.0746279
0.072462
0.0703087
0.0681384
0.0659584
0.063768
0.0615621
0.0593621
0.0571494
0.0549431
0.0527306
0.0505254
0.0483094
0.0461077
0.043896
0.0416855
0.0394686
0.0372427
0.0350222
0.0327974
0.0305746
0.028353
0.0261271
0.023903
0.0216755
0.0194439
0.0172205
0.0150154
0.0127152
0.0106528
0.00975915
0.00884859
0.00556897
-0.00282039
-0.0123374
-0.0197534
-0.0251182
-0.0288211
-0.0315329
-0.0338772
-0.0361235
-0.0383913
-0.0404186
-0.0412556
-0.0401812
-0.0364044
-0.0296441
-0.0198015
-0.00932716
0.000197081
0.00847832
0.015993
0.0230834
0.029996
0.0368173
0.0436153
0.0504162
0.0572537
0.0641054
0.0709864
0.0778753
0.0847611
0.0916317
0.0984875
0.105338
0.112219
0.119063
0.125255
0.129542
0.13175
0.132761
0.133051
0.132573
0.131448
0.129912
0.128101
0.126149
0.124096
0.122019
0.119911
0.11781
0.115686
0.113566
0.11142
0.109295
0.107151
0.105029
0.102886
0.100763
0.0986221
0.0964916
0.0943292
0.0921503
0.0899412
0.087745
0.0855344
0.0833428
0.0811415
0.0789685
0.0767851
0.0746278
0.0724618
0.0703081
0.0681382
0.0659581
0.0637679
0.0615619
0.0593621
0.0571493
0.0549432
0.0527305
0.0505255
0.0483094
0.0461078
0.0438959
0.0416856
0.0394686
0.0372429
0.0350222
0.0327976
0.0305746
0.0283532
0.0261271
0.0239031
0.0216754
0.0194439
0.0172206
0.015015
0.0127153
0.01067
0.00981929
0.00905136
0.00578981
-0.00286894
-0.0125547
-0.0199195
-0.025176
-0.0288306
-0.0315355
-0.0338809
-0.0361265
-0.0383863
-0.0403834
-0.0411752
-0.040067
-0.0362865
-0.0295648
-0.0197816
-0.00935784
0.000159964
0.00845231
0.0159772
0.0230755
0.029992
0.0368162
0.0436145
0.0504164
0.0572532
0.0641053
0.0709853
0.0778745
0.0847598
0.0916313
0.0984859
0.105336
0.112214
0.119042
0.125188
0.129456
0.131689
0.132724
0.133025
0.132556
0.131439
0.129907
0.128099
0.126149
0.124097
0.12202
0.119911
0.11781
0.115686
0.113566
0.111421
0.109295
0.107151
0.105029
0.102886
0.100762
0.0986219
0.096491
0.0943289
0.09215
0.0899413
0.0877451
0.0855349
0.0833431
0.0811421
0.0789686
0.0767855
0.0746277
0.0724617
0.0703076
0.0681379
0.0659577
0.0637679
0.0615617
0.0593622
0.0571492
0.0549433
0.0527304
0.0505256
0.0483093
0.0461079
0.0438959
0.0416857
0.0394686
0.0372431
0.0350222
0.0327977
0.0305746
0.0283534
0.0261271
0.0239033
0.0216754
0.019444
0.0172207
0.0150147
0.0127155
0.0106865
0.00987548
0.00925192
0.00601119
-0.00291324
-0.0127695
-0.0200837
-0.0252342
-0.0288407
-0.0315383
-0.0338846
-0.0361294
-0.0383814
-0.0403496
-0.0410989
-0.0399592
-0.036175
-0.0294892
-0.0197622
-0.00938622
0.000125157
0.00842782
0.0159623
0.023068
0.0299882
0.0368152
0.0436138
0.0504165
0.0572526
0.0641052
0.0709841
0.0778736
0.0847585
0.0916309
0.0984844
0.105334
0.112209
0.119021
0.125124
0.129374
0.131632
0.132688
0.133001
0.13254
0.13143
0.129903
0.128098
0.126148
0.124097
0.12202
0.119911
0.117809
0.115686
0.113566
0.111421
0.109296
0.107152
0.105029
0.102887
0.100762
0.0986218
0.0964905
0.0943286
0.0921497
0.0899414
0.0877452
0.0855354
0.0833433
0.0811426
0.0789688
0.0767859
0.0746276
0.0724616
0.0703071
0.0681376
0.0659573
0.0637678
0.0615616
0.0593622
0.0571492
0.0549433
0.0527304
0.0505257
0.0483093
0.046108
0.0438958
0.0416858
0.0394686
0.0372432
0.0350223
0.0327979
0.0305746
0.0283535
0.0261271
0.0239034
0.0216753
0.019444
0.0172209
0.0150143
0.0127159
0.0107022
0.00992716
0.00944885
0.00623166
-0.00295294
-0.0129799
-0.0202446
-0.0252924
-0.0288513
-0.0315414
-0.0338882
-0.0361322
-0.0383766
-0.0403175
-0.0410273
-0.0398582
-0.0360703
-0.0294176
-0.0197435
-0.00941214
9.28614e-05
0.00840502
0.0159484
0.023061
0.0299845
0.0368142
0.0436131
0.0504165
0.0572521
0.064105
0.0709829
0.0778727
0.0847573
0.0916304
0.0984829
0.105332
0.112203
0.119002
0.125063
0.129297
0.131577
0.132655
0.132977
0.132525
0.131421
0.129899
0.128096
0.126148
0.124097
0.12202
0.119912
0.117809
0.115686
0.113566
0.111422
0.109296
0.107152
0.105029
0.102887
0.100762
0.0986216
0.09649
0.0943284
0.0921495
0.0899415
0.0877453
0.0855359
0.0833436
0.0811431
0.078969
0.0767863
0.0746275
0.0724616
0.0703066
0.0681374
0.065957
0.0637677
0.0615614
0.0593623
0.0571491
0.0549434
0.0527303
0.0505258
0.0483092
0.0461081
0.0438958
0.041686
0.0394686
0.0372434
0.0350223
0.0327981
0.0305746
0.0283537
0.0261271
0.0239036
0.0216753
0.0194441
0.0172211
0.0150141
0.0127165
0.0107169
0.00997379
0.00964049
0.00644941
-0.00298759
-0.0131845
-0.0204009
-0.0253501
-0.0288623
-0.0315447
-0.0338917
-0.036135
-0.0383721
-0.0402874
-0.0409608
-0.0397647
-0.0359731
-0.0293504
-0.0197256
-0.00943546
6.32714e-05
0.00838404
0.0159355
0.0230545
0.0299811
0.0368132
0.0436124
0.0504166
0.0572516
0.0641049
0.0709819
0.0778718
0.084756
0.0916299
0.0984815
0.10533
0.112198
0.118983
0.125007
0.129225
0.131526
0.132622
0.132954
0.13251
0.131413
0.129895
0.128095
0.126147
0.124098
0.12202
0.119912
0.117809
0.115687
0.113567
0.111422
0.109296
0.107152
0.105029
0.102887
0.100762
0.0986215
0.0964896
0.0943281
0.0921493
0.0899416
0.0877454
0.0855364
0.0833438
0.0811436
0.0789691
0.0767867
0.0746275
0.0724615
0.0703061
0.0681371
0.0659566
0.0637676
0.0615613
0.0593623
0.057149
0.0549435
0.0527303
0.0505259
0.0483091
0.0461082
0.0438957
0.0416861
0.0394687
0.0372436
0.0350224
0.0327983
0.0305747
0.028354
0.0261272
0.0239038
0.0216753
0.0194443
0.0172212
0.0150138
0.0127173
0.0107305
0.0100149
0.00982491
0.006662
-0.00301701
-0.0133813
-0.0205511
-0.0254064
-0.0288736
-0.0315482
-0.0338951
-0.0361376
-0.0383679
-0.0402596
-0.0408998
-0.0396792
-0.0358838
-0.029288
-0.0197086
-0.00945607
3.65782e-05
0.00836505
0.0159238
0.0230485
0.029978
0.0368122
0.0436118
0.0504166
0.0572511
0.0641047
0.0709808
0.077871
0.0847549
0.0916294
0.0984802
0.105329
0.112194
0.118966
0.124956
0.129159
0.131478
0.132592
0.132933
0.132496
0.131406
0.129891
0.128094
0.126147
0.124098
0.12202
0.119912
0.117809
0.115687
0.113567
0.111423
0.109296
0.107153
0.105029
0.102888
0.100762
0.0986215
0.0964891
0.0943279
0.092149
0.0899417
0.0877456
0.0855368
0.0833441
0.0811441
0.0789693
0.0767871
0.0746274
0.0724615
0.0703057
0.0681368
0.0659563
0.0637676
0.0615612
0.0593623
0.0571489
0.0549435
0.0527302
0.050526
0.0483091
0.0461083
0.0438957
0.0416862
0.0394687
0.0372438
0.0350224
0.0327984
0.0305748
0.0283542
0.0261272
0.023904
0.0216754
0.0194444
0.0172215
0.0150136
0.0127182
0.010743
0.0100504
0.0100001
0.00686628
-0.003041
-0.0135683
-0.0206934
-0.0254603
-0.0288849
-0.0315517
-0.0338984
-0.0361401
-0.0383641
-0.0402344
-0.0408449
-0.0396023
-0.0358031
-0.0292309
-0.0196925
-0.00947384
1.29554e-05
0.00834817
0.0159134
0.0230432
0.0299751
0.0368113
0.0436113
0.0504167
0.0572506
0.0641044
0.0709798
0.0778702
0.0847538
0.0916289
0.098479
0.105327
0.11219
0.118951
0.124909
0.129099
0.131435
0.132564
0.132913
0.132483
0.131398
0.129887
0.128092
0.126147
0.124099
0.122021
0.119913
0.117809
0.115687
0.113567
0.111423
0.109296
0.107153
0.105029
0.102888
0.100762
0.0986215
0.0964887
0.0943277
0.0921489
0.0899418
0.0877457
0.0855373
0.0833443
0.0811445
0.0789694
0.0767875
0.0746274
0.0724615
0.0703053
0.0681366
0.065956
0.0637675
0.061561
0.0593624
0.0571488
0.0549435
0.0527301
0.0505261
0.048309
0.0461083
0.0438956
0.0416863
0.0394687
0.0372439
0.0350225
0.0327986
0.0305748
0.0283544
0.0261273
0.0239042
0.0216755
0.0194446
0.0172217
0.0150135
0.0127193
0.0107543
0.0100802
0.0101638
0.00705865
-0.00305998
-0.0137428
-0.0208255
-0.0255106
-0.0288958
-0.0315553
-0.0339015
-0.0361425
-0.0383608
-0.0402119
-0.0407965
-0.0395343
-0.0357312
-0.0291793
-0.0196776
-0.00948871
-7.43934e-06
0.00833356
0.0159043
0.0230385
0.0299726
0.0368105
0.0436108
0.0504167
0.0572502
0.0641042
0.070979
0.0778694
0.0847528
0.0916285
0.098478
0.105326
0.112186
0.118937
0.124868
0.129046
0.131396
0.132538
0.132895
0.132471
0.131392
0.129884
0.128091
0.126147
0.124099
0.122021
0.119913
0.117809
0.115687
0.113567
0.111424
0.109297
0.107154
0.105029
0.102888
0.100762
0.0986215
0.0964884
0.0943275
0.0921487
0.0899419
0.0877458
0.0855376
0.0833445
0.0811449
0.0789696
0.0767878
0.0746274
0.0724615
0.070305
0.0681363
0.0659558
0.0637675
0.0615609
0.0593624
0.0571487
0.0549436
0.0527301
0.0505261
0.0483089
0.0461084
0.0438956
0.0416863
0.0394688
0.0372441
0.0350225
0.0327988
0.0305749
0.0283546
0.0261274
0.0239045
0.0216755
0.0194448
0.0172219
0.0150134
0.0127204
0.0107643
0.0101043
0.0103137
0.00723493
-0.00307496
-0.0139021
-0.0209451
-0.0255557
-0.0289057
-0.0315588
-0.0339044
-0.0361448
-0.038358
-0.0401925
-0.0407547
-0.0394758
-0.0356688
-0.0291338
-0.0196639
-0.00950066
-2.44869e-05
0.0083213
0.0158967
0.0230346
0.0299704
0.0368098
0.0436104
0.0504167
0.0572498
0.0641041
0.0709782
0.0778687
0.0847519
0.091628
0.0984771
0.105325
0.112183
0.118924
0.124833
0.129
0.131361
0.132515
0.132878
0.132459
0.131386
0.129881
0.12809
0.126146
0.1241
0.122021
0.119914
0.117809
0.115688
0.113567
0.111424
0.109297
0.107154
0.105029
0.102889
0.100762
0.0986216
0.0964881
0.0943273
0.0921485
0.089942
0.0877459
0.085538
0.0833447
0.0811453
0.0789697
0.0767882
0.0746274
0.0724616
0.0703047
0.0681361
0.0659555
0.0637674
0.0615608
0.0593624
0.0571486
0.0549436
0.05273
0.0505262
0.0483088
0.0461084
0.0438955
0.0416864
0.0394688
0.0372442
0.0350226
0.0327989
0.030575
0.0283548
0.0261275
0.0239047
0.0216757
0.019445
0.0172222
0.0150134
0.0127217
0.0107731
0.0101229
0.0104472
0.0073895
-0.00308791
-0.0140419
-0.0210493
-0.0255943
-0.0289144
-0.0315621
-0.0339071
-0.0361471
-0.0383559
-0.0401763
-0.0407198
-0.0394268
-0.035616
-0.0290945
-0.0196516
-0.00950969
-3.81076e-05
0.00831148
0.0158905
0.0230315
0.0299686
0.0368092
0.04361
0.0504167
0.0572495
0.0641039
0.0709775
0.0778682
0.0847511
0.0916276
0.0984765
0.105324
0.11218
0.118914
0.124803
0.128961
0.131332
0.132494
0.132863
0.132449
0.13138
0.129878
0.128089
0.126146
0.1241
0.122022
0.119914
0.117809
0.115688
0.113568
0.111424
0.109297
0.107154
0.105029
0.102889
0.100762
0.0986216
0.0964878
0.0943271
0.0921484
0.0899421
0.0877459
0.0855383
0.0833449
0.0811456
0.0789699
0.0767885
0.0746275
0.0724616
0.0703044
0.0681359
0.0659553
0.0637673
0.0615606
0.0593624
0.0571485
0.0549436
0.0527299
0.0505262
0.0483087
0.0461084
0.0438954
0.0416864
0.0394688
0.0372443
0.0350226
0.0327991
0.0305751
0.028355
0.0261277
0.0239049
0.0216758
0.0194452
0.0172224
0.0150134
0.0127229
0.0107806
0.0101364
0.0105619
0.00751596
-0.00310007
-0.0141577
-0.021135
-0.0256249
-0.0289214
-0.0315651
-0.0339098
-0.0361493
-0.0383543
-0.0401633
-0.0406919
-0.0393876
-0.0355731
-0.0290618
-0.0196407
-0.00951589
-4.82765e-05
0.00830415
0.0158859
0.0230291
0.0299672
0.0368087
0.0436097
0.0504168
0.0572493
0.0641038
0.070977
0.0778677
0.0847505
0.0916273
0.098476
0.105323
0.112178
0.118906
0.124779
0.12893
0.131307
0.132476
0.13285
0.13244
0.131375
0.129875
0.128088
0.126146
0.1241
0.122022
0.119915
0.11781
0.115688
0.113568
0.111425
0.109297
0.107155
0.105029
0.102889
0.100762
0.0986217
0.0964876
0.0943269
0.0921482
0.0899421
0.087746
0.0855385
0.083345
0.0811459
0.07897
0.0767887
0.0746275
0.0724617
0.0703042
0.0681358
0.0659551
0.0637673
0.0615605
0.0593623
0.0571484
0.0549436
0.0527298
0.0505262
0.0483087
0.0461084
0.0438953
0.0416864
0.0394688
0.0372444
0.0350227
0.0327992
0.0305751
0.0283552
0.0261278
0.0239051
0.0216759
0.0194455
0.0172227
0.0150134
0.0127242
0.0107869
0.0101453
0.0106539
0.00760902
-0.00311027
-0.0142456
-0.0211984
-0.0256467
-0.0289271
-0.0315681
-0.0339125
-0.0361515
-0.0383534
-0.0401536
-0.0406709
-0.0393578
-0.0355401
-0.0290359
-0.0196314
-0.00951944
-5.50895e-05
0.00829926
0.0158828
0.0230276
0.0299662
0.0368084
0.0436096
0.0504169
0.0572491
0.0641038
0.0709767
0.0778673
0.08475
0.0916271
0.0984756
0.105323
0.112177
0.118899
0.124761
0.128905
0.131286
0.132461
0.132838
0.132432
0.13137
0.129873
0.128087
0.126146
0.124101
0.122022
0.119915
0.11781
0.115689
0.113568
0.111425
0.109297
0.107155
0.10503
0.102889
0.100762
0.0986218
0.0964874
0.0943268
0.0921481
0.0899421
0.087746
0.0855387
0.0833451
0.0811461
0.07897
0.0767889
0.0746275
0.0724617
0.070304
0.0681356
0.0659549
0.0637672
0.0615604
0.0593623
0.0571483
0.0549436
0.0527297
0.0505262
0.0483086
0.0461084
0.0438952
0.0416864
0.0394687
0.0372444
0.0350227
0.0327993
0.0305752
0.0283554
0.0261279
0.0239053
0.0216761
0.0194457
0.0172229
0.0150135
0.0127254
0.010792
0.0101509
0.0107185
0.00766654
-0.00311435
-0.0143066
-0.0212399
-0.025661
-0.028932
-0.0315714
-0.0339153
-0.0361536
-0.0383531
-0.040147
-0.0406563
-0.039337
-0.0355167
-0.0290168
-0.0196239
-0.00952065
-5.88152e-05
0.00829666
0.0158812
0.0230268
0.0299657
0.0368082
0.0436095
0.050417
0.0572491
0.0641038
0.0709765
0.0778671
0.0847498
0.091627
0.0984755
0.105323
0.112176
0.118895
0.124748
0.128887
0.131271
0.13245
0.132829
0.132426
0.131367
0.129871
0.128087
0.126145
0.124101
0.122023
0.119915
0.11781
0.115689
0.113568
0.111426
0.109298
0.107155
0.10503
0.10289
0.100762
0.0986218
0.0964873
0.0943266
0.092148
0.0899421
0.0877459
0.0855388
0.0833452
0.0811462
0.0789701
0.076789
0.0746275
0.0724618
0.0703039
0.0681355
0.0659547
0.0637671
0.0615603
0.0593623
0.0571483
0.0549435
0.0527297
0.0505262
0.0483085
0.0461083
0.0438951
0.0416864
0.0394687
0.0372445
0.0350227
0.0327994
0.0305752
0.0283555
0.0261279
0.0239055
0.0216762
0.0194459
0.0172231
0.0150136
0.0127264
0.0107959
0.0101554
0.0107556
0.00770047
-0.00312483
-0.0143578
-0.0212684
-0.0256731
-0.028938
-0.031575
-0.0339179
-0.0361555
-0.0383533
-0.0401431
-0.0406474
-0.0393243
-0.0355023
-0.0290047
-0.0196186
-0.00952026
-6.00573e-05
0.00829589
0.0158808
0.0230267
0.0299655
0.0368081
0.0436095
0.0504171
0.0572491
0.0641039
0.0709765
0.0778671
0.0847497
0.0916271
0.0984756
0.105323
0.112176
0.118892
0.12474
0.128876
0.131261
0.132441
0.132823
0.132422
0.131364
0.129869
0.128086
0.126145
0.124101
0.122023
0.119916
0.11781
0.115689
0.113568
0.111426
0.109298
0.107155
0.10503
0.10289
0.100762
0.0986218
0.0964872
0.0943265
0.0921479
0.089942
0.0877459
0.0855388
0.0833452
0.0811463
0.0789701
0.0767891
0.0746275
0.0724618
0.0703038
0.0681354
0.0659546
0.0637671
0.0615603
0.0593622
0.0571482
0.0549435
0.0527296
0.0505262
0.0483084
0.0461083
0.0438951
0.0416864
0.0394687
0.0372445
0.0350227
0.0327994
0.0305753
0.0283556
0.026128
0.0239056
0.0216763
0.019446
0.0172233
0.0150136
0.0127272
0.0107988
0.0101605
0.0107919
0.00773289
-0.00317285
-0.0144011
-0.0212729
-0.0256829
-0.0289441
-0.0315779
-0.0339194
-0.0361566
-0.0383536
-0.0401415
-0.0406435
-0.0393188
-0.035496
-0.0289994
-0.019616
-0.0095194
-5.98365e-05
0.00829622
0.0158811
0.0230269
0.0299656
0.0368082
0.0436096
0.0504172
0.0572493
0.0641041
0.0709767
0.0778673
0.0847499
0.0916273
0.098476
0.105323
0.112176
0.118891
0.124737
0.12887
0.131255
0.132437
0.132819
0.132419
0.131363
0.129869
0.128086
0.126145
0.124101
0.122023
0.119916
0.11781
0.115689
0.113568
0.111426
0.109298
0.107155
0.10503
0.10289
0.100762
0.0986218
0.0964871
0.0943264
0.0921478
0.089942
0.0877458
0.0855388
0.0833452
0.0811463
0.0789701
0.0767892
0.0746275
0.0724618
0.0703038
0.0681353
0.0659545
0.063767
0.0615602
0.0593621
0.0571481
0.0549434
0.0527295
0.0505261
0.0483084
0.0461083
0.0438951
0.0416863
0.0394687
0.0372446
0.0350228
0.0327995
0.0305754
0.0283557
0.0261282
0.0239058
0.0216765
0.0194462
0.0172235
0.0150137
0.0127276
0.0108006
0.0101649
0.0108402
)
;

boundaryField
{
    inlet
    {
        type            cyclic;
    }
    outlet
    {
        type            cyclic;
    }
    bottomWall
    {
        type            zeroGradient;
    }
    topWall
    {
        type            zeroGradient;
    }
    frontAndBack
    {
        type            empty;
    }
}


// ************************************************************************* //
