/*--------------------------------*- C++ -*----------------------------------*\
  =========                 |
  \\      /  F ield         | OpenFOAM: The Open Source CFD Toolbox
   \\    /   O peration     | Website:  https://openfoam.org
    \\  /    A nd           | Version:  11
     \\/     M anipulation  |
\*---------------------------------------------------------------------------*/
FoamFile
{
    format      ascii;
    class       volVectorField;
    location    "300";
    object      wallShearStress;
}
// * * * * * * * * * * * * * * * * * * * * * * * * * * * * * * * * * * * * * //

dimensions      [0 2 -2 0 0 0 0];

internalField   uniform (0 0 0);

boundaryField
{
    inlet
    {
        type            cyclic;
    }
    outlet
    {
        type            cyclic;
    }
    bottomWall
    {
        type            calculated;
        value           nonuniform List<vector> 
100
(
(-0.304094 2.87419e-05 0)
(-0.301062 0.000101101 0)
(-0.300812 4.46697e-05 0)
(-0.300725 -4.11715e-05 0)
(-0.301061 -6.41772e-05 0)
(-0.300952 -1.72682e-05 0)
(-0.300901 -1.25043e-05 0)
(-0.300881 -6.51894e-06 0)
(-0.300872 -2.95637e-06 0)
(-0.300868 -1.32569e-06 0)
(-0.300862 -7.98305e-07 0)
(-0.300851 -2.39578e-05 0)
(-0.301404 -5.89879e-05 0)
(-0.304456 -4.86187e-05 0)
(-0.302505 -2.5525e-05 0)
(-0.302732 8.07141e-05 0)
(-0.301289 0.000124851 0)
(-0.30077 4.57398e-05 0)
(-0.3006 1.61932e-05 0)
(-0.300545 5.67278e-06 0)
(-0.300526 1.97505e-06 0)
(-0.30052 6.98556e-07 0)
(-0.300518 2.47219e-07 0)
(-0.300518 1.07273e-07 0)
(-0.300518 5.15706e-08 0)
(-0.300519 4.33096e-08 0)
(-0.300519 3.55061e-08 0)
(-0.30052 4.85705e-08 0)
(-0.300521 3.83562e-08 0)
(-0.300522 5.02358e-08 0)
(-0.300523 4.15288e-08 0)
(-0.300525 5.73854e-08 0)
(-0.300526 4.96376e-08 0)
(-0.300527 9.93458e-08 0)
(-0.300526 -1.02075e-07 0)
(-0.300535 1.00858e-05 0)
(-0.30058 -4.93018e-05 0)
(-0.301002 -5.89519e-05 0)
(-0.300933 -9.7663e-06 0)
(-0.300896 -7.02856e-06 0)
(-0.300882 -3.046e-06 0)
(-0.300878 -9.07755e-07 0)
(-0.300878 -7.77366e-08 0)
(-0.300879 1.65047e-07 0)
(-0.30088 1.78294e-07 0)
(-0.300882 1.43472e-07 0)
(-0.300883 9.98386e-08 0)
(-0.300884 7.19389e-08 0)
(-0.300885 4.87823e-08 0)
(-0.300886 3.58407e-08 0)
(-0.300886 2.17709e-08 0)
(-0.300887 1.90437e-08 0)
(-0.300887 1.23819e-08 0)
(-0.300888 1.17872e-08 0)
(-0.300888 4.68842e-09 0)
(-0.300888 6.11581e-09 0)
(-0.300888 3.86721e-09 0)
(-0.300888 6.67774e-09 0)
(-0.300889 2.65031e-09 0)
(-0.300889 3.54763e-09 0)
(-0.300889 -3.33085e-09 0)
(-0.300889 -1.97868e-09 0)
(-0.300889 -4.50322e-09 0)
(-0.300889 -2.25096e-09 0)
(-0.300889 -4.97029e-09 0)
(-0.300888 -2.55304e-09 0)
(-0.300888 -7.32917e-09 0)
(-0.300888 -4.69986e-09 0)
(-0.300888 -5.92211e-09 0)
(-0.300888 -1.50862e-09 0)
(-0.300888 -5.75674e-09 0)
(-0.300888 -4.34436e-09 0)
(-0.300888 -7.69259e-09 0)
(-0.300887 -4.09541e-09 0)
(-0.300887 -5.0132e-09 0)
(-0.300887 -7.96089e-10 0)
(-0.300887 -1.68534e-09 0)
(-0.300887 1.32083e-09 0)
(-0.300887 -3.55613e-10 0)
(-0.300887 1.94569e-09 0)
(-0.300887 -1.58701e-09 0)
(-0.300887 -8.14928e-10 0)
(-0.300887 -4.31915e-09 0)
(-0.300887 -3.28867e-09 0)
(-0.300887 -8.21159e-09 0)
(-0.300887 -7.24644e-09 0)
(-0.300887 -1.25661e-08 0)
(-0.300886 -1.24991e-08 0)
(-0.300886 -1.71068e-08 0)
(-0.300885 -1.64554e-08 0)
(-0.300885 -1.89219e-08 0)
(-0.300884 -1.73777e-08 0)
(-0.300884 -1.86335e-08 0)
(-0.300883 -1.67929e-08 0)
(-0.300883 -2.40901e-08 0)
(-0.300882 -2.61296e-08 0)
(-0.300882 -8.27813e-08 0)
(-0.300878 -3.39685e-07 0)
(-0.300884 3.69891e-06 0)
(-0.300921 -2.84984e-05 0)
)
;
    }
    topWall
    {
        type            calculated;
        value           nonuniform List<vector> 
100
(
(-0.300705 -6.90044e-05 0)
(-0.300972 5.0552e-05 0)
(-0.301383 5.30399e-05 0)
(-0.301493 2.9586e-05 0)
(-0.301519 1.53022e-05 0)
(-0.301532 8.15044e-06 0)
(-0.30154 4.12572e-06 0)
(-0.301544 2.11404e-06 0)
(-0.301545 1.11804e-06 0)
(-0.301544 6.07477e-07 0)
(-0.301542 1.84836e-07 0)
(-0.30154 -4.02431e-07 0)
(-0.301538 -7.98704e-07 0)
(-0.301535 -7.20845e-07 0)
(-0.301527 -1.88487e-07 0)
(-0.301518 1.24827e-07 0)
(-0.301512 2.12526e-07 0)
(-0.30151 1.55356e-07 0)
(-0.301509 7.58001e-08 0)
(-0.301508 1.79779e-08 0)
(-0.301507 7.2811e-09 0)
(-0.301506 5.07495e-09 0)
(-0.301506 9.7979e-09 0)
(-0.301505 6.54134e-09 0)
(-0.301505 -8.37625e-09 0)
(-0.301506 -1.97488e-08 0)
(-0.301506 -3.58528e-08 0)
(-0.301507 -4.75518e-08 0)
(-0.301508 -5.09261e-08 0)
(-0.30151 -5.18184e-08 0)
(-0.301511 -4.95313e-08 0)
(-0.301513 -5.10242e-08 0)
(-0.301514 -6.22489e-08 0)
(-0.301517 -9.72042e-08 0)
(-0.301521 -1.70271e-07 0)
(-0.301527 -1.09101e-07 0)
(-0.301532 1.40017e-07 0)
(-0.301537 2.91267e-07 0)
(-0.301542 3.5895e-07 0)
(-0.301546 3.83464e-07 0)
(-0.301551 3.3172e-07 0)
(-0.301554 2.28839e-07 0)
(-0.301557 1.33656e-07 0)
(-0.301559 6.58574e-08 0)
(-0.301561 2.06872e-08 0)
(-0.301562 -4.86274e-09 0)
(-0.301564 -2.15224e-08 0)
(-0.301565 -2.55077e-08 0)
(-0.301566 -2.64886e-08 0)
(-0.301566 -1.92496e-08 0)
(-0.301567 -1.54952e-08 0)
(-0.301567 -1.05618e-08 0)
(-0.301568 -1.00247e-08 0)
(-0.301568 -4.95052e-09 0)
(-0.301568 -3.37717e-09 0)
(-0.301568 1.88376e-11 0)
(-0.301568 -1.6165e-09 0)
(-0.301568 1.38071e-09 0)
(-0.301568 2.28677e-09 0)
(-0.301568 7.10806e-09 0)
(-0.301568 8.41354e-09 0)
(-0.301568 1.15665e-08 0)
(-0.301567 9.6413e-09 0)
(-0.301567 8.74929e-09 0)
(-0.301567 5.07011e-09 0)
(-0.301567 5.95533e-09 0)
(-0.301567 3.5349e-09 0)
(-0.301567 4.02117e-09 0)
(-0.301566 1.154e-10 0)
(-0.301566 1.06442e-09 0)
(-0.301566 1.90239e-09 0)
(-0.301566 5.14677e-09 0)
(-0.301566 8.38481e-09 0)
(-0.301566 8.58099e-09 0)
(-0.301566 1.09053e-08 0)
(-0.301565 9.83004e-09 0)
(-0.301565 1.00616e-08 0)
(-0.301565 8.64767e-09 0)
(-0.301565 8.17864e-09 0)
(-0.301565 4.37826e-09 0)
(-0.301564 5.99887e-09 0)
(-0.301564 2.68728e-09 0)
(-0.301564 1.71433e-09 0)
(-0.301564 -4.30706e-10 0)
(-0.301564 -4.6922e-09 0)
(-0.301565 -7.19726e-09 0)
(-0.301565 -1.06642e-08 0)
(-0.301565 -1.23955e-08 0)
(-0.301566 -1.3982e-08 0)
(-0.301566 -1.61246e-08 0)
(-0.301567 -1.70921e-08 0)
(-0.301567 -1.7836e-08 0)
(-0.301568 -1.89742e-08 0)
(-0.301568 -1.9103e-08 0)
(-0.301569 -2.44506e-08 0)
(-0.30157 -4.21029e-08 0)
(-0.301569 -3.49066e-08 0)
(-0.301568 -1.91895e-07 0)
(-0.301574 -4.10822e-07 0)
(-0.301576 -8.74589e-05 0)
)
;
    }
    frontAndBack
    {
        type            empty;
    }
}


// ************************************************************************* //
