/*--------------------------------*- C++ -*----------------------------------*\
| =========                 |                                                 |
| \\      /  F ield         | OpenFOAM: The Open Source CFD Toolbox           |
|  \\    /   O peration     | Version:  v2512                                 |
|   \\  /    A nd           | Web:      www.openfoam.com                      |
|    \\/     M anipulation  |                                                 |
\*---------------------------------------------------------------------------*/
// case_027 · cloud sample (no particle tracking · wedge-axis-safe)
// uniform/midPoint sample types in OpenFOAM v2312 use particle tracking that
// crashes on degenerate wedge axis faces. cloud type uses meshSearch::findCell
// directly · no tet decomposition needed · F-NEW-B candidate.
FoamFile
{
    version     2.0;
    format      ascii;
    class       dictionary;
    object      sampleDict;
}

type sets;
libs (sampling);
writeControl onEnd;
interpolationScheme cell;   // raw cell-centered (no vertex interpolation · safer near wedge axis)
setFormat raw;
fields (p U);

sets
(
    exitProfile
    {
        type        cloud;
        axis        y;
        points
        (
            (0.4995 2.500000e-04 0.0)
            (0.4995 3.715385e-04 0.0)
            (0.4995 4.930769e-04 0.0)
            (0.4995 6.146154e-04 0.0)
            (0.4995 7.361538e-04 0.0)
            (0.4995 8.576923e-04 0.0)
            (0.4995 9.792308e-04 0.0)
            (0.4995 1.100769e-03 0.0)
            (0.4995 1.222308e-03 0.0)
            (0.4995 1.343846e-03 0.0)
            (0.4995 1.465385e-03 0.0)
            (0.4995 1.586923e-03 0.0)
            (0.4995 1.708462e-03 0.0)
            (0.4995 1.830000e-03 0.0)
            (0.4995 1.951538e-03 0.0)
            (0.4995 2.073077e-03 0.0)
            (0.4995 2.194615e-03 0.0)
            (0.4995 2.316154e-03 0.0)
            (0.4995 2.437692e-03 0.0)
            (0.4995 2.559231e-03 0.0)
            (0.4995 2.680769e-03 0.0)
            (0.4995 2.802308e-03 0.0)
            (0.4995 2.923846e-03 0.0)
            (0.4995 3.045385e-03 0.0)
            (0.4995 3.166923e-03 0.0)
            (0.4995 3.288462e-03 0.0)
            (0.4995 3.410000e-03 0.0)
            (0.4995 3.531538e-03 0.0)
            (0.4995 3.653077e-03 0.0)
            (0.4995 3.774615e-03 0.0)
            (0.4995 3.896154e-03 0.0)
            (0.4995 4.017692e-03 0.0)
            (0.4995 4.139231e-03 0.0)
            (0.4995 4.260769e-03 0.0)
            (0.4995 4.382308e-03 0.0)
            (0.4995 4.503846e-03 0.0)
            (0.4995 4.625385e-03 0.0)
            (0.4995 4.746923e-03 0.0)
            (0.4995 4.868462e-03 0.0)
            (0.4995 4.990000e-03 0.0)
        );
    }

    midProfile
    {
        type        cloud;
        axis        y;
        points
        (
            (0.25 2.500000e-04 0.0)
            (0.25 3.715385e-04 0.0)
            (0.25 4.930769e-04 0.0)
            (0.25 6.146154e-04 0.0)
            (0.25 7.361538e-04 0.0)
            (0.25 8.576923e-04 0.0)
            (0.25 9.792308e-04 0.0)
            (0.25 1.100769e-03 0.0)
            (0.25 1.222308e-03 0.0)
            (0.25 1.343846e-03 0.0)
            (0.25 1.465385e-03 0.0)
            (0.25 1.586923e-03 0.0)
            (0.25 1.708462e-03 0.0)
            (0.25 1.830000e-03 0.0)
            (0.25 1.951538e-03 0.0)
            (0.25 2.073077e-03 0.0)
            (0.25 2.194615e-03 0.0)
            (0.25 2.316154e-03 0.0)
            (0.25 2.437692e-03 0.0)
            (0.25 2.559231e-03 0.0)
            (0.25 2.680769e-03 0.0)
            (0.25 2.802308e-03 0.0)
            (0.25 2.923846e-03 0.0)
            (0.25 3.045385e-03 0.0)
            (0.25 3.166923e-03 0.0)
            (0.25 3.288462e-03 0.0)
            (0.25 3.410000e-03 0.0)
            (0.25 3.531538e-03 0.0)
            (0.25 3.653077e-03 0.0)
            (0.25 3.774615e-03 0.0)
            (0.25 3.896154e-03 0.0)
            (0.25 4.017692e-03 0.0)
            (0.25 4.139231e-03 0.0)
            (0.25 4.260769e-03 0.0)
            (0.25 4.382308e-03 0.0)
            (0.25 4.503846e-03 0.0)
            (0.25 4.625385e-03 0.0)
            (0.25 4.746923e-03 0.0)
            (0.25 4.868462e-03 0.0)
            (0.25 4.990000e-03 0.0)
        );
    }

    axisPressure
    {
        type        cloud;
        axis        x;
        points
        (
            (0.050000 0.00025 0.0)
            (0.055000 0.00025 0.0)
            (0.060000 0.00025 0.0)
            (0.065000 0.00025 0.0)
            (0.070000 0.00025 0.0)
            (0.075000 0.00025 0.0)
            (0.080000 0.00025 0.0)
            (0.085000 0.00025 0.0)
            (0.090000 0.00025 0.0)
            (0.095000 0.00025 0.0)
            (0.100000 0.00025 0.0)
            (0.105000 0.00025 0.0)
            (0.110000 0.00025 0.0)
            (0.115000 0.00025 0.0)
            (0.120000 0.00025 0.0)
            (0.125000 0.00025 0.0)
            (0.130000 0.00025 0.0)
            (0.135000 0.00025 0.0)
            (0.140000 0.00025 0.0)
            (0.145000 0.00025 0.0)
            (0.150000 0.00025 0.0)
            (0.155000 0.00025 0.0)
            (0.160000 0.00025 0.0)
            (0.165000 0.00025 0.0)
            (0.170000 0.00025 0.0)
            (0.175000 0.00025 0.0)
            (0.180000 0.00025 0.0)
            (0.185000 0.00025 0.0)
            (0.190000 0.00025 0.0)
            (0.195000 0.00025 0.0)
            (0.200000 0.00025 0.0)
            (0.205000 0.00025 0.0)
            (0.210000 0.00025 0.0)
            (0.215000 0.00025 0.0)
            (0.220000 0.00025 0.0)
            (0.225000 0.00025 0.0)
            (0.230000 0.00025 0.0)
            (0.235000 0.00025 0.0)
            (0.240000 0.00025 0.0)
            (0.245000 0.00025 0.0)
            (0.250000 0.00025 0.0)
            (0.255000 0.00025 0.0)
            (0.260000 0.00025 0.0)
            (0.265000 0.00025 0.0)
            (0.270000 0.00025 0.0)
            (0.275000 0.00025 0.0)
            (0.280000 0.00025 0.0)
            (0.285000 0.00025 0.0)
            (0.290000 0.00025 0.0)
            (0.295000 0.00025 0.0)
            (0.300000 0.00025 0.0)
            (0.305000 0.00025 0.0)
            (0.310000 0.00025 0.0)
            (0.315000 0.00025 0.0)
            (0.320000 0.00025 0.0)
            (0.325000 0.00025 0.0)
            (0.330000 0.00025 0.0)
            (0.335000 0.00025 0.0)
            (0.340000 0.00025 0.0)
            (0.345000 0.00025 0.0)
            (0.350000 0.00025 0.0)
            (0.355000 0.00025 0.0)
            (0.360000 0.00025 0.0)
            (0.365000 0.00025 0.0)
            (0.370000 0.00025 0.0)
            (0.375000 0.00025 0.0)
            (0.380000 0.00025 0.0)
            (0.385000 0.00025 0.0)
            (0.390000 0.00025 0.0)
            (0.395000 0.00025 0.0)
            (0.400000 0.00025 0.0)
            (0.405000 0.00025 0.0)
            (0.410000 0.00025 0.0)
            (0.415000 0.00025 0.0)
            (0.420000 0.00025 0.0)
            (0.425000 0.00025 0.0)
            (0.430000 0.00025 0.0)
            (0.435000 0.00025 0.0)
            (0.440000 0.00025 0.0)
            (0.445000 0.00025 0.0)
            (0.450000 0.00025 0.0)
        );
    }
);
