/*--------------------------------*- C++ -*----------------------------------*\
  =========                 |
  \\      /  F ield         | OpenFOAM: The Open Source CFD Toolbox
   \\    /   O peration     | Website:  https://openfoam.org
    \\  /    A nd           | Version:  11
     \\/     M anipulation  |
\*---------------------------------------------------------------------------*/
FoamFile
{
    format      ascii;
    class       volScalarField;
    location    "1000";
    object      k;
}
// * * * * * * * * * * * * * * * * * * * * * * * * * * * * * * * * * * * * * //

dimensions      [0 2 -2 0 0 0 0];

internalField   nonuniform List<scalar> 
5000
(
1.11224
1.0323
1.04139
1.08049
1.08371
1.11394
1.03281
1.02846
1.04104
1.04209
1.04319
1.04365
1.04377
1.04373
1.08219
1.08442
1.11405
1.1162
1.11666
1.03354
1.02863
1.0285
1.02856
1.02858
1.02858
1.02858
1.02857
1.02856
1.02854
1.02853
1.02852
1.02853
1.02854
1.02856
1.02857
1.02858
1.02858
1.02857
1.02869
1.04081
1.04191
1.04304
1.04351
1.04366
1.04372
1.04375
1.04378
1.04379
1.0438
1.0438
1.04381
1.04381
1.04381
1.04381
1.04381
1.04381
1.04381
1.04381
1.04381
1.04381
1.04381
1.04381
1.04381
1.04381
1.04382
1.04382
1.04382
1.04382
1.04382
1.04382
1.04382
1.04382
1.04382
1.04382
1.04382
1.04382
1.04382
1.04382
1.04382
1.04382
1.04382
1.04382
1.04382
1.04382
1.04382
1.04382
1.04382
1.04382
1.04382
1.04382
1.04382
1.04382
1.04382
1.04382
1.04382
1.04382
1.04382
1.04382
1.0438
1.04378
0.945151
0.936998
0.933099
0.937558
0.938539
0.944833
0.937043
0.935784
0.933021
0.932554
0.93274
0.932884
0.932939
0.93288
0.937916
0.938781
0.944929
0.946325
0.946672
0.937527
0.935954
0.935762
0.935745
0.93574
0.935731
0.935725
0.935722
0.935723
0.935721
0.935721
0.935717
0.935718
0.935718
0.935725
0.935732
0.93574
0.935745
0.93574
0.935738
0.933027
0.932542
0.932712
0.932853
0.93291
0.932933
0.932943
0.932949
0.932952
0.932953
0.932953
0.932954
0.932953
0.932954
0.932954
0.932954
0.932954
0.932954
0.932954
0.932955
0.932955
0.932955
0.932956
0.932956
0.932956
0.932957
0.932957
0.932957
0.932957
0.932958
0.932958
0.932958
0.932958
0.932958
0.932958
0.932959
0.932959
0.93296
0.93296
0.93296
0.93296
0.93296
0.93296
0.93296
0.932961
0.932961
0.932961
0.932961
0.932961
0.932961
0.932961
0.932961
0.932961
0.932962
0.932961
0.932962
0.932962
0.932962
0.932961
0.932954
0.932894
0.883026
0.882549
0.880782
0.880802
0.880742
0.882404
0.882537
0.882618
0.880811
0.880453
0.880478
0.880541
0.880585
0.880586
0.880944
0.880876
0.882505
0.88296
0.883078
0.882788
0.882812
0.882842
0.882878
0.8829
0.882909
0.882911
0.882909
0.882909
0.882906
0.882904
0.882901
0.8829
0.882901
0.882907
0.882914
0.882923
0.882928
0.882924
0.88285
0.880943
0.880523
0.880511
0.880557
0.880591
0.880609
0.880616
0.880619
0.880619
0.880619
0.880618
0.880618
0.880618
0.880618
0.880618
0.880618
0.880617
0.880618
0.880618
0.880618
0.880618
0.880618
0.880619
0.880619
0.880619
0.880619
0.880619
0.880619
0.880619
0.880619
0.880619
0.88062
0.88062
0.88062
0.88062
0.880621
0.880621
0.880621
0.880621
0.880621
0.880621
0.880621
0.880621
0.880621
0.880622
0.880622
0.880622
0.880622
0.880622
0.880622
0.880622
0.880622
0.880622
0.880622
0.880622
0.880622
0.880622
0.880622
0.880622
0.880621
0.880619
0.836153
0.836222
0.835774
0.835514
0.835391
0.835758
0.836159
0.836314
0.835794
0.83571
0.835742
0.83579
0.835831
0.835835
0.835646
0.835504
0.835846
0.835931
0.835964
0.836294
0.836461
0.836523
0.83657
0.836603
0.836623
0.836633
0.836637
0.836639
0.836638
0.836637
0.836635
0.836635
0.836635
0.836638
0.836643
0.836648
0.836652
0.83665
0.836592
0.835972
0.835822
0.835811
0.835835
0.835861
0.835878
0.835887
0.835891
0.835892
0.835893
0.835894
0.835894
0.835894
0.835894
0.835894
0.835894
0.835894
0.835894
0.835894
0.835894
0.835894
0.835894
0.835894
0.835894
0.835894
0.835894
0.835894
0.835894
0.835894
0.835894
0.835894
0.835895
0.835895
0.835895
0.835895
0.835895
0.835895
0.835895
0.835895
0.835895
0.835895
0.835895
0.835895
0.835895
0.835895
0.835895
0.835896
0.835895
0.835896
0.835895
0.835895
0.835895
0.835895
0.835895
0.835895
0.835895
0.835895
0.835895
0.835895
0.835896
0.835887
0.793569
0.793577
0.793483
0.793355
0.793293
0.793339
0.793486
0.79355
0.793456
0.793466
0.793501
0.793541
0.79358
0.793587
0.793465
0.793388
0.793416
0.793407
0.793414
0.793574
0.793657
0.793697
0.793735
0.793768
0.793792
0.793808
0.793817
0.793822
0.793823
0.793825
0.793824
0.793825
0.793825
0.793827
0.79383
0.793833
0.793836
0.793835
0.793803
0.793645
0.793603
0.793596
0.79361
0.793629
0.793645
0.793655
0.793661
0.793664
0.793667
0.793668
0.793669
0.793669
0.793669
0.79367
0.79367
0.79367
0.79367
0.793669
0.79367
0.79367
0.79367
0.793669
0.793669
0.793669
0.793669
0.793669
0.793669
0.793669
0.79367
0.79367
0.79367
0.79367
0.79367
0.79367
0.79367
0.79367
0.79367
0.79367
0.79367
0.79367
0.79367
0.79367
0.79367
0.79367
0.79367
0.79367
0.79367
0.79367
0.79367
0.79367
0.79367
0.79367
0.79367
0.793669
0.793669
0.793669
0.793669
0.793669
0.79367
0.793652
0.753019
0.752995
0.752961
0.752904
0.752872
0.752857
0.752889
0.752905
0.752899
0.752917
0.752942
0.752974
0.753007
0.753019
0.752975
0.752942
0.752922
0.752904
0.752904
0.752957
0.752986
0.753008
0.753036
0.753065
0.753089
0.753108
0.75312
0.753128
0.753133
0.753136
0.753137
0.753139
0.75314
0.753142
0.753144
0.753146
0.753148
0.753149
0.753132
0.753089
0.753067
0.753057
0.753061
0.753074
0.753087
0.753097
0.753104
0.753108
0.753112
0.753114
0.753115
0.753116
0.753117
0.753117
0.753117
0.753118
0.753118
0.753118
0.753118
0.753118
0.753118
0.753118
0.753117
0.753117
0.753117
0.753117
0.753117
0.753117
0.753117
0.753117
0.753117
0.753117
0.753118
0.753117
0.753117
0.753117
0.753118
0.753117
0.753117
0.753117
0.753117
0.753117
0.753117
0.753117
0.753117
0.753117
0.753117
0.753117
0.753117
0.753117
0.753117
0.753116
0.753116
0.753116
0.753116
0.753116
0.753116
0.753116
0.753116
0.753099
0.713872
0.713844
0.713817
0.713783
0.713758
0.713737
0.713734
0.713733
0.713735
0.713744
0.71376
0.713783
0.71381
0.713825
0.713816
0.713803
0.713785
0.713772
0.713771
0.713786
0.713795
0.713807
0.713828
0.713852
0.713875
0.713894
0.713908
0.713919
0.713925
0.713931
0.713934
0.713937
0.713939
0.71394
0.713942
0.713945
0.713947
0.713948
0.713939
0.71392
0.713901
0.713887
0.713885
0.713891
0.7139
0.713909
0.713916
0.713921
0.713925
0.713928
0.71393
0.713931
0.713932
0.713933
0.713934
0.713934
0.713934
0.713934
0.713934
0.713934
0.713934
0.713934
0.713934
0.713934
0.713934
0.713934
0.713934
0.713934
0.713934
0.713934
0.713934
0.713934
0.713934
0.713934
0.713934
0.713934
0.713934
0.713934
0.713934
0.713934
0.713933
0.713933
0.713933
0.713933
0.713933
0.713933
0.713933
0.713933
0.713933
0.713932
0.713932
0.713932
0.713932
0.713932
0.713932
0.713931
0.713931
0.713931
0.713931
0.713918
0.675952
0.675929
0.675904
0.675876
0.675854
0.675833
0.67582
0.675814
0.675812
0.675815
0.675823
0.675839
0.67586
0.675875
0.675878
0.675873
0.675863
0.675855
0.675853
0.675856
0.675859
0.675867
0.675882
0.675902
0.675922
0.675941
0.675956
0.675967
0.675976
0.675983
0.675987
0.675991
0.675994
0.675997
0.675999
0.676001
0.676003
0.676005
0.676001
0.675989
0.675972
0.675957
0.67595
0.675952
0.675957
0.675964
0.67597
0.675975
0.675979
0.675983
0.675985
0.675987
0.675988
0.675989
0.67599
0.67599
0.675991
0.675991
0.675991
0.675991
0.675991
0.675991
0.675991
0.675991
0.675991
0.675991
0.675991
0.675991
0.675991
0.675991
0.675991
0.675991
0.675991
0.675991
0.675991
0.67599
0.67599
0.67599
0.67599
0.67599
0.67599
0.67599
0.67599
0.67599
0.67599
0.675989
0.675989
0.675989
0.675989
0.675989
0.675989
0.675988
0.675988
0.675988
0.675988
0.675988
0.675987
0.675987
0.675987
0.675978
0.639247
0.639228
0.639207
0.639183
0.639162
0.639142
0.639127
0.639118
0.639113
0.639111
0.639114
0.639124
0.63914
0.639153
0.63916
0.63916
0.639154
0.639149
0.639147
0.639147
0.639148
0.639154
0.639164
0.63918
0.639197
0.639214
0.639229
0.639242
0.639251
0.639259
0.639265
0.63927
0.639274
0.639277
0.63928
0.639282
0.639285
0.639287
0.639285
0.639277
0.639263
0.639249
0.639241
0.639239
0.639242
0.639246
0.639251
0.639256
0.63926
0.639263
0.639266
0.639268
0.639269
0.639271
0.639271
0.639272
0.639273
0.639273
0.639273
0.639273
0.639273
0.639273
0.639273
0.639273
0.639273
0.639273
0.639273
0.639273
0.639273
0.639273
0.639273
0.639273
0.639273
0.639273
0.639273
0.639273
0.639273
0.639273
0.639273
0.639273
0.639272
0.639272
0.639272
0.639272
0.639272
0.639272
0.639272
0.639271
0.639271
0.639271
0.639271
0.639271
0.63927
0.63927
0.63927
0.63927
0.63927
0.639269
0.639269
0.639263
0.603817
0.603802
0.603785
0.603765
0.603745
0.603726
0.603711
0.6037
0.603693
0.603688
0.603688
0.603693
0.603704
0.603715
0.603723
0.603725
0.603722
0.603719
0.603717
0.603716
0.603717
0.60372
0.603728
0.60374
0.603754
0.60377
0.603784
0.603796
0.603806
0.603815
0.603822
0.603828
0.603832
0.603836
0.603839
0.603842
0.603845
0.603847
0.603847
0.603842
0.603832
0.60382
0.603811
0.603807
0.603808
0.60381
0.603814
0.603818
0.603821
0.603825
0.603827
0.603829
0.603831
0.603833
0.603834
0.603835
0.603835
0.603836
0.603836
0.603836
0.603836
0.603836
0.603837
0.603837
0.603837
0.603837
0.603837
0.603836
0.603836
0.603836
0.603836
0.603836
0.603836
0.603836
0.603836
0.603836
0.603836
0.603836
0.603836
0.603836
0.603836
0.603836
0.603835
0.603835
0.603835
0.603835
0.603835
0.603835
0.603834
0.603834
0.603834
0.603834
0.603833
0.603833
0.603833
0.603833
0.603832
0.603832
0.603832
0.603828
0.569761
0.56975
0.569736
0.569719
0.569702
0.569684
0.569669
0.569658
0.569649
0.569643
0.56964
0.569642
0.569649
0.569657
0.569664
0.569667
0.569666
0.569664
0.569662
0.569662
0.569662
0.569664
0.56967
0.569679
0.569691
0.569704
0.569717
0.569728
0.569739
0.569747
0.569755
0.569761
0.569766
0.569771
0.569775
0.569778
0.569781
0.569784
0.569785
0.569782
0.569775
0.569765
0.569757
0.569752
0.569751
0.569752
0.569754
0.569757
0.569761
0.569763
0.569766
0.569768
0.56977
0.569772
0.569773
0.569774
0.569775
0.569775
0.569776
0.569776
0.569776
0.569776
0.569777
0.569777
0.569777
0.569777
0.569777
0.569777
0.569777
0.569777
0.569777
0.569777
0.569777
0.569777
0.569776
0.569776
0.569776
0.569776
0.569776
0.569776
0.569776
0.569776
0.569776
0.569776
0.569775
0.569775
0.569775
0.569775
0.569775
0.569775
0.569774
0.569774
0.569774
0.569774
0.569773
0.569773
0.569773
0.569772
0.569773
0.569769
0.537202
0.537194
0.537183
0.537169
0.537153
0.537137
0.537123
0.537112
0.537102
0.537095
0.53709
0.53709
0.537093
0.537099
0.537105
0.537108
0.537108
0.537107
0.537106
0.537105
0.537105
0.537106
0.53711
0.537117
0.537126
0.537137
0.537149
0.53716
0.53717
0.537178
0.537186
0.537193
0.537198
0.537203
0.537207
0.537211
0.537214
0.537217
0.537219
0.537218
0.537213
0.537206
0.537199
0.537194
0.537192
0.537192
0.537193
0.537195
0.537198
0.5372
0.537203
0.537205
0.537207
0.537208
0.53721
0.537211
0.537212
0.537212
0.537213
0.537213
0.537214
0.537214
0.537214
0.537214
0.537214
0.537214
0.537214
0.537214
0.537214
0.537214
0.537214
0.537214
0.537214
0.537214
0.537214
0.537214
0.537214
0.537214
0.537214
0.537214
0.537214
0.537214
0.537214
0.537214
0.537213
0.537213
0.537213
0.537213
0.537213
0.537213
0.537212
0.537212
0.537212
0.537212
0.537211
0.537211
0.537211
0.537211
0.537211
0.537208
0.506274
0.506268
0.506259
0.506248
0.506235
0.50622
0.506207
0.506196
0.506187
0.506178
0.506173
0.50617
0.506171
0.506175
0.506179
0.506181
0.506182
0.506182
0.506181
0.50618
0.50618
0.506181
0.506184
0.506189
0.506196
0.506205
0.506215
0.506225
0.506234
0.506242
0.50625
0.506257
0.506262
0.506268
0.506272
0.506276
0.50628
0.506283
0.506285
0.506286
0.506283
0.506278
0.506272
0.506267
0.506264
0.506263
0.506264
0.506265
0.506267
0.506269
0.506272
0.506274
0.506275
0.506277
0.506278
0.506279
0.50628
0.506281
0.506282
0.506282
0.506283
0.506283
0.506283
0.506283
0.506284
0.506284
0.506284
0.506284
0.506284
0.506284
0.506284
0.506284
0.506284
0.506284
0.506284
0.506284
0.506284
0.506284
0.506284
0.506284
0.506284
0.506284
0.506284
0.506284
0.506284
0.506283
0.506283
0.506283
0.506283
0.506283
0.506283
0.506282
0.506282
0.506282
0.506282
0.506281
0.506281
0.506281
0.506281
0.506279
0.477119
0.477114
0.477107
0.477098
0.477087
0.477074
0.477062
0.477052
0.477042
0.477034
0.477027
0.477024
0.477023
0.477024
0.477027
0.477029
0.47703
0.47703
0.477029
0.477028
0.477028
0.477029
0.47703
0.477034
0.477039
0.477047
0.477055
0.477064
0.477072
0.47708
0.477087
0.477094
0.4771
0.477105
0.47711
0.477114
0.477118
0.477121
0.477124
0.477125
0.477124
0.47712
0.477116
0.477112
0.477109
0.477108
0.477107
0.477108
0.47711
0.477111
0.477113
0.477115
0.477117
0.477118
0.477119
0.477121
0.477122
0.477122
0.477123
0.477124
0.477124
0.477125
0.477125
0.477125
0.477125
0.477126
0.477126
0.477126
0.477126
0.477126
0.477126
0.477126
0.477126
0.477126
0.477127
0.477127
0.477127
0.477127
0.477127
0.477127
0.477127
0.477127
0.477127
0.477126
0.477126
0.477126
0.477126
0.477126
0.477126
0.477126
0.477126
0.477125
0.477125
0.477125
0.477125
0.477124
0.477124
0.477124
0.477124
0.477122
0.449877
0.449873
0.449868
0.44986
0.449851
0.449841
0.44983
0.44982
0.449811
0.449803
0.449796
0.449791
0.449789
0.449789
0.44979
0.449791
0.449792
0.449792
0.449791
0.449791
0.44979
0.449791
0.449792
0.449794
0.449798
0.449804
0.449811
0.449818
0.449826
0.449833
0.44984
0.449847
0.449852
0.449858
0.449862
0.449867
0.44987
0.449874
0.449877
0.449879
0.449879
0.449877
0.449873
0.44987
0.449867
0.449866
0.449865
0.449865
0.449866
0.449867
0.449869
0.449871
0.449872
0.449873
0.449875
0.449876
0.449877
0.449878
0.449878
0.449879
0.44988
0.44988
0.449881
0.449881
0.449881
0.449881
0.449882
0.449882
0.449882
0.449882
0.449882
0.449882
0.449883
0.449883
0.449883
0.449883
0.449883
0.449883
0.449883
0.449883
0.449883
0.449883
0.449883
0.449883
0.449883
0.449883
0.449883
0.449883
0.449883
0.449883
0.449883
0.449883
0.449882
0.449882
0.449882
0.449882
0.449881
0.449881
0.449881
0.44988
0.424686
0.424683
0.424679
0.424673
0.424666
0.424657
0.424647
0.424638
0.42463
0.424622
0.424615
0.42461
0.424606
0.424605
0.424605
0.424605
0.424606
0.424606
0.424605
0.424604
0.424604
0.424604
0.424605
0.424606
0.424609
0.424614
0.424619
0.424626
0.424632
0.424639
0.424645
0.424651
0.424656
0.424662
0.424666
0.424671
0.424674
0.424678
0.424681
0.424683
0.424684
0.424683
0.424681
0.424678
0.424676
0.424674
0.424673
0.424673
0.424674
0.424675
0.424676
0.424677
0.424679
0.42468
0.424681
0.424682
0.424683
0.424684
0.424685
0.424686
0.424686
0.424687
0.424687
0.424687
0.424688
0.424688
0.424688
0.424689
0.424689
0.424689
0.42469
0.42469
0.42469
0.42469
0.42469
0.424691
0.424691
0.424691
0.424691
0.424691
0.424691
0.424691
0.424691
0.424691
0.424691
0.424691
0.424691
0.424691
0.424691
0.424691
0.424691
0.424691
0.424691
0.424691
0.42469
0.42469
0.42469
0.42469
0.42469
0.424689
0.401675
0.401673
0.401669
0.401665
0.401659
0.401651
0.401643
0.401635
0.401627
0.40162
0.401613
0.401607
0.401603
0.401601
0.4016
0.401599
0.401599
0.401599
0.401598
0.401598
0.401597
0.401597
0.401597
0.401598
0.4016
0.401604
0.401608
0.401613
0.401619
0.401625
0.40163
0.401636
0.401641
0.401646
0.401651
0.401655
0.401658
0.401662
0.401665
0.401668
0.401669
0.401669
0.401667
0.401666
0.401664
0.401662
0.401661
0.401661
0.401661
0.401662
0.401663
0.401664
0.401665
0.401666
0.401667
0.401668
0.401669
0.40167
0.401671
0.401671
0.401672
0.401673
0.401673
0.401674
0.401674
0.401674
0.401675
0.401675
0.401676
0.401676
0.401676
0.401676
0.401677
0.401677
0.401677
0.401678
0.401678
0.401678
0.401678
0.401679
0.401679
0.401679
0.401679
0.401679
0.401679
0.401679
0.401679
0.401679
0.401679
0.401679
0.401679
0.401679
0.401679
0.401679
0.401679
0.401678
0.401678
0.401678
0.401678
0.401677
0.38096
0.380958
0.380955
0.380952
0.380946
0.38094
0.380933
0.380926
0.380919
0.380912
0.380905
0.3809
0.380895
0.380892
0.38089
0.380889
0.380889
0.380888
0.380887
0.380887
0.380886
0.380886
0.380886
0.380886
0.380888
0.38089
0.380894
0.380898
0.380902
0.380907
0.380912
0.380917
0.380922
0.380927
0.380931
0.380935
0.380939
0.380942
0.380945
0.380948
0.380949
0.38095
0.380949
0.380948
0.380947
0.380945
0.380945
0.380944
0.380944
0.380944
0.380945
0.380946
0.380947
0.380948
0.380949
0.38095
0.380951
0.380951
0.380952
0.380953
0.380954
0.380954
0.380955
0.380955
0.380956
0.380956
0.380957
0.380957
0.380958
0.380958
0.380959
0.380959
0.380959
0.38096
0.38096
0.380961
0.380961
0.380961
0.380962
0.380962
0.380962
0.380962
0.380962
0.380963
0.380963
0.380963
0.380963
0.380963
0.380963
0.380963
0.380963
0.380963
0.380963
0.380963
0.380963
0.380962
0.380962
0.380962
0.380962
0.380961
0.362641
0.36264
0.362638
0.362635
0.362631
0.362626
0.36262
0.362614
0.362607
0.362601
0.362595
0.362589
0.362584
0.362581
0.362578
0.362576
0.362575
0.362574
0.362573
0.362573
0.362572
0.362572
0.362571
0.362572
0.362572
0.362574
0.362577
0.36258
0.362584
0.362588
0.362592
0.362597
0.362601
0.362605
0.362609
0.362613
0.362616
0.36262
0.362623
0.362625
0.362627
0.362628
0.362628
0.362628
0.362627
0.362626
0.362625
0.362624
0.362624
0.362624
0.362625
0.362625
0.362626
0.362627
0.362627
0.362628
0.362629
0.36263
0.362631
0.362632
0.362632
0.362633
0.362634
0.362634
0.362635
0.362636
0.362636
0.362637
0.362637
0.362638
0.362638
0.362639
0.362639
0.36264
0.36264
0.362641
0.362641
0.362642
0.362642
0.362642
0.362643
0.362643
0.362643
0.362643
0.362644
0.362644
0.362644
0.362644
0.362644
0.362644
0.362644
0.362644
0.362644
0.362644
0.362644
0.362644
0.362644
0.362643
0.362643
0.362643
0.346805
0.346804
0.346803
0.3468
0.346797
0.346793
0.346788
0.346782
0.346777
0.346771
0.346765
0.346759
0.346755
0.346751
0.346748
0.346746
0.346744
0.346743
0.346742
0.346741
0.34674
0.34674
0.346739
0.346739
0.34674
0.346741
0.346743
0.346745
0.346748
0.346752
0.346755
0.346759
0.346763
0.346766
0.34677
0.346773
0.346777
0.34678
0.346783
0.346785
0.346787
0.346789
0.346789
0.346789
0.346788
0.346788
0.346787
0.346786
0.346786
0.346786
0.346786
0.346787
0.346787
0.346788
0.346788
0.346789
0.34679
0.346791
0.346792
0.346792
0.346793
0.346794
0.346795
0.346796
0.346796
0.346797
0.346798
0.346798
0.346799
0.3468
0.3468
0.346801
0.346801
0.346802
0.346803
0.346803
0.346804
0.346804
0.346805
0.346805
0.346805
0.346806
0.346806
0.346806
0.346807
0.346807
0.346807
0.346807
0.346808
0.346808
0.346808
0.346808
0.346808
0.346808
0.346808
0.346808
0.346807
0.346807
0.346807
0.346807
0.33352
0.333519
0.333518
0.333516
0.333513
0.333509
0.333505
0.333501
0.333496
0.33349
0.333485
0.333479
0.333475
0.333471
0.333467
0.333465
0.333463
0.333461
0.33346
0.333459
0.333458
0.333458
0.333457
0.333457
0.333457
0.333458
0.333459
0.333461
0.333464
0.333466
0.333469
0.333472
0.333475
0.333479
0.333482
0.333485
0.333488
0.333491
0.333493
0.333496
0.333498
0.333499
0.3335
0.3335
0.3335
0.3335
0.333499
0.333499
0.333498
0.333498
0.333498
0.333498
0.333499
0.333499
0.3335
0.333501
0.333501
0.333502
0.333503
0.333504
0.333505
0.333506
0.333506
0.333507
0.333508
0.333509
0.33351
0.33351
0.333511
0.333512
0.333513
0.333513
0.333514
0.333515
0.333515
0.333516
0.333517
0.333517
0.333518
0.333518
0.333519
0.333519
0.33352
0.33352
0.33352
0.333521
0.333521
0.333521
0.333521
0.333522
0.333522
0.333522
0.333522
0.333522
0.333522
0.333522
0.333522
0.333521
0.333521
0.333521
0.322837
0.322836
0.322835
0.322833
0.322831
0.322828
0.322825
0.322821
0.322816
0.322811
0.322806
0.322801
0.322796
0.322792
0.322789
0.322786
0.322784
0.322782
0.32278
0.322779
0.322779
0.322778
0.322777
0.322777
0.322777
0.322778
0.322779
0.32278
0.322782
0.322784
0.322786
0.322788
0.322791
0.322794
0.322796
0.322799
0.322802
0.322804
0.322807
0.322809
0.322811
0.322813
0.322814
0.322814
0.322814
0.322814
0.322814
0.322813
0.322813
0.322812
0.322812
0.322812
0.322813
0.322813
0.322814
0.322814
0.322815
0.322816
0.322817
0.322818
0.322819
0.32282
0.322821
0.322821
0.322822
0.322823
0.322824
0.322825
0.322826
0.322827
0.322828
0.322828
0.322829
0.32283
0.322831
0.322832
0.322832
0.322833
0.322833
0.322834
0.322835
0.322835
0.322836
0.322836
0.322837
0.322837
0.322837
0.322838
0.322838
0.322838
0.322838
0.322838
0.322839
0.322839
0.322839
0.322838
0.322838
0.322838
0.322838
0.322838
0.314794
0.314793
0.314792
0.314791
0.314789
0.314787
0.314784
0.31478
0.314776
0.314771
0.314767
0.314762
0.314757
0.314753
0.314749
0.314746
0.314744
0.314742
0.314741
0.314739
0.314739
0.314738
0.314738
0.314737
0.314737
0.314737
0.314738
0.314739
0.31474
0.314741
0.314743
0.314745
0.314747
0.314749
0.314751
0.314754
0.314756
0.314758
0.314761
0.314763
0.314765
0.314767
0.314768
0.314768
0.314769
0.314768
0.314768
0.314768
0.314767
0.314767
0.314767
0.314767
0.314767
0.314767
0.314768
0.314768
0.314769
0.31477
0.314771
0.314772
0.314773
0.314774
0.314775
0.314776
0.314777
0.314778
0.314779
0.31478
0.314781
0.314782
0.314783
0.314784
0.314785
0.314786
0.314786
0.314787
0.314788
0.314789
0.314789
0.31479
0.314791
0.314791
0.314792
0.314792
0.314793
0.314793
0.314794
0.314794
0.314794
0.314795
0.314795
0.314795
0.314795
0.314795
0.314795
0.314795
0.314795
0.314795
0.314795
0.314795
0.309416
0.309416
0.309415
0.309414
0.309412
0.30941
0.309407
0.309404
0.3094
0.309396
0.309392
0.309387
0.309383
0.309378
0.309375
0.309372
0.309369
0.309367
0.309366
0.309364
0.309364
0.309363
0.309363
0.309362
0.309362
0.309362
0.309362
0.309363
0.309363
0.309364
0.309365
0.309366
0.309368
0.30937
0.309372
0.309374
0.309376
0.309378
0.30938
0.309382
0.309384
0.309386
0.309387
0.309388
0.309388
0.309388
0.309388
0.309387
0.309387
0.309386
0.309386
0.309386
0.309386
0.309386
0.309387
0.309387
0.309388
0.309389
0.30939
0.309391
0.309393
0.309394
0.309395
0.309396
0.309397
0.309398
0.3094
0.309401
0.309402
0.309403
0.309404
0.309405
0.309406
0.309407
0.309408
0.309409
0.309409
0.30941
0.309411
0.309412
0.309412
0.309413
0.309414
0.309414
0.309415
0.309415
0.309416
0.309416
0.309416
0.309417
0.309417
0.309417
0.309417
0.309417
0.309417
0.309417
0.309417
0.309417
0.309417
0.309417
0.306719
0.306719
0.306718
0.306717
0.306715
0.306713
0.306711
0.306708
0.306705
0.306701
0.306696
0.306692
0.306687
0.306683
0.30668
0.306676
0.306674
0.306672
0.30667
0.306669
0.306669
0.306668
0.306668
0.306668
0.306667
0.306667
0.306667
0.306667
0.306667
0.306667
0.306668
0.306669
0.30667
0.306671
0.306673
0.306675
0.306677
0.306678
0.30668
0.306682
0.306684
0.306686
0.306687
0.306687
0.306688
0.306688
0.306688
0.306687
0.306687
0.306686
0.306686
0.306686
0.306686
0.306686
0.306687
0.306687
0.306688
0.306689
0.306691
0.306692
0.306693
0.306694
0.306696
0.306697
0.306698
0.3067
0.306701
0.306702
0.306703
0.306704
0.306705
0.306707
0.306708
0.306709
0.30671
0.30671
0.306711
0.306712
0.306713
0.306714
0.306715
0.306715
0.306716
0.306716
0.306717
0.306718
0.306718
0.306718
0.306719
0.306719
0.30672
0.30672
0.30672
0.30672
0.30672
0.30672
0.30672
0.30672
0.30672
0.306719
0.306721
0.30672
0.306719
0.306719
0.306717
0.306715
0.306713
0.30671
0.306707
0.306703
0.306699
0.306694
0.30669
0.306686
0.306682
0.306679
0.306677
0.306675
0.306674
0.306673
0.306672
0.306672
0.306672
0.306671
0.306671
0.306671
0.30667
0.30667
0.30667
0.306669
0.30667
0.30667
0.306671
0.306672
0.306673
0.306675
0.306676
0.306678
0.30668
0.306681
0.306683
0.306684
0.306685
0.306686
0.306687
0.306687
0.306686
0.306686
0.306685
0.306685
0.306684
0.306684
0.306684
0.306685
0.306685
0.306686
0.306687
0.306688
0.30669
0.306691
0.306693
0.306694
0.306696
0.306697
0.306698
0.3067
0.306701
0.306702
0.306704
0.306705
0.306706
0.306707
0.306708
0.306709
0.306711
0.306711
0.306712
0.306713
0.306714
0.306715
0.306716
0.306716
0.306717
0.306718
0.306718
0.306719
0.306719
0.30672
0.30672
0.306721
0.306721
0.306721
0.306721
0.306721
0.306722
0.306722
0.306721
0.306721
0.306721
0.306721
0.309421
0.309421
0.30942
0.309419
0.309418
0.309416
0.309414
0.309411
0.309407
0.309403
0.309399
0.309395
0.30939
0.309386
0.309383
0.30938
0.309378
0.309376
0.309375
0.309374
0.309374
0.309374
0.309374
0.309373
0.309373
0.309372
0.309372
0.309371
0.309371
0.30937
0.30937
0.30937
0.30937
0.309371
0.309372
0.309373
0.309375
0.309376
0.309378
0.309379
0.309381
0.309382
0.309383
0.309384
0.309384
0.309384
0.309384
0.309383
0.309383
0.309382
0.309382
0.309381
0.309382
0.309382
0.309383
0.309384
0.309385
0.309387
0.309388
0.30939
0.309392
0.309393
0.309395
0.309396
0.309398
0.309399
0.309401
0.309402
0.309403
0.309405
0.309406
0.309407
0.309408
0.309409
0.309411
0.309412
0.309413
0.309413
0.309414
0.309415
0.309416
0.309417
0.309417
0.309418
0.309419
0.309419
0.30942
0.30942
0.309421
0.309421
0.309421
0.309421
0.309422
0.309422
0.309422
0.309422
0.309422
0.309422
0.309422
0.309421
0.314802
0.314802
0.314801
0.3148
0.314798
0.314797
0.314794
0.314791
0.314787
0.314783
0.314779
0.314775
0.31477
0.314767
0.314763
0.31476
0.314758
0.314757
0.314756
0.314756
0.314756
0.314756
0.314756
0.314756
0.314755
0.314754
0.314754
0.314753
0.314752
0.314751
0.31475
0.31475
0.31475
0.31475
0.314751
0.314752
0.314754
0.314755
0.314757
0.314758
0.314759
0.314761
0.314762
0.314762
0.314762
0.314762
0.314762
0.314761
0.31476
0.31476
0.314759
0.314759
0.314759
0.31476
0.314761
0.314762
0.314764
0.314766
0.314767
0.314769
0.314771
0.314773
0.314775
0.314776
0.314778
0.31478
0.314781
0.314783
0.314784
0.314785
0.314787
0.314788
0.314789
0.31479
0.314791
0.314792
0.314793
0.314794
0.314795
0.314796
0.314797
0.314797
0.314798
0.314799
0.314799
0.3148
0.3148
0.314801
0.314801
0.314802
0.314802
0.314802
0.314802
0.314803
0.314803
0.314803
0.314803
0.314802
0.314802
0.314802
0.322848
0.322848
0.322847
0.322846
0.322844
0.322842
0.32284
0.322836
0.322832
0.322828
0.322823
0.322819
0.322815
0.322811
0.322808
0.322805
0.322804
0.322803
0.322802
0.322802
0.322803
0.322803
0.322803
0.322803
0.322802
0.322801
0.3228
0.322799
0.322797
0.322796
0.322795
0.322794
0.322794
0.322795
0.322796
0.322797
0.322798
0.322799
0.322801
0.322802
0.322803
0.322804
0.322805
0.322806
0.322805
0.322805
0.322805
0.322804
0.322803
0.322802
0.322802
0.322802
0.322803
0.322804
0.322805
0.322807
0.322808
0.32281
0.322812
0.322814
0.322816
0.322818
0.32282
0.322822
0.322824
0.322826
0.322827
0.322829
0.32283
0.322832
0.322833
0.322834
0.322835
0.322836
0.322838
0.322839
0.32284
0.32284
0.322841
0.322842
0.322843
0.322844
0.322844
0.322845
0.322845
0.322846
0.322847
0.322847
0.322847
0.322848
0.322848
0.322848
0.322848
0.322849
0.322849
0.322849
0.322849
0.322848
0.322848
0.322848
0.333534
0.333534
0.333533
0.333532
0.33353
0.333528
0.333525
0.333521
0.333516
0.333512
0.333507
0.333502
0.333498
0.333494
0.333491
0.333489
0.333488
0.333488
0.333488
0.333489
0.333489
0.33349
0.33349
0.333489
0.333489
0.333487
0.333486
0.333484
0.333482
0.333481
0.33348
0.333479
0.333479
0.333479
0.33348
0.333481
0.333483
0.333484
0.333485
0.333486
0.333487
0.333488
0.333489
0.333489
0.333489
0.333488
0.333487
0.333486
0.333485
0.333485
0.333485
0.333485
0.333486
0.333487
0.333489
0.333491
0.333493
0.333495
0.333498
0.3335
0.333502
0.333504
0.333506
0.333508
0.33351
0.333512
0.333514
0.333515
0.333517
0.333518
0.333519
0.333521
0.333522
0.333523
0.333524
0.333525
0.333526
0.333527
0.333528
0.333529
0.333529
0.33353
0.333531
0.333531
0.333532
0.333532
0.333533
0.333533
0.333534
0.333534
0.333534
0.333534
0.333535
0.333535
0.333535
0.333535
0.333535
0.333534
0.333534
0.333534
0.346822
0.346822
0.346821
0.34682
0.346818
0.346815
0.346811
0.346807
0.346802
0.346797
0.346792
0.346787
0.346783
0.346779
0.346777
0.346775
0.346775
0.346775
0.346776
0.346777
0.346778
0.346779
0.346779
0.346778
0.346777
0.346775
0.346773
0.346771
0.346769
0.346767
0.346766
0.346765
0.346765
0.346766
0.346767
0.346768
0.346769
0.346771
0.346772
0.346773
0.346774
0.346775
0.346775
0.346775
0.346774
0.346773
0.346772
0.346771
0.34677
0.34677
0.34677
0.346771
0.346772
0.346774
0.346776
0.346778
0.346781
0.346783
0.346786
0.346789
0.346791
0.346793
0.346795
0.346798
0.346799
0.346801
0.346803
0.346804
0.346806
0.346807
0.346809
0.34681
0.346811
0.346812
0.346813
0.346814
0.346815
0.346816
0.346817
0.346817
0.346818
0.346819
0.346819
0.34682
0.34682
0.346821
0.346821
0.346822
0.346822
0.346822
0.346823
0.346823
0.346823
0.346823
0.346823
0.346823
0.346823
0.346823
0.346823
0.346822
0.362661
0.362661
0.36266
0.362658
0.362655
0.362652
0.362648
0.362642
0.362637
0.362631
0.362626
0.362621
0.362617
0.362614
0.362612
0.362611
0.362611
0.362612
0.362614
0.362615
0.362617
0.362618
0.362617
0.362617
0.362615
0.362613
0.36261
0.362608
0.362605
0.362603
0.362602
0.362602
0.362602
0.362603
0.362604
0.362606
0.362607
0.362608
0.362609
0.36261
0.362611
0.362612
0.362612
0.362611
0.36261
0.362609
0.362608
0.362606
0.362605
0.362605
0.362605
0.362607
0.362608
0.362611
0.362613
0.362616
0.362619
0.362622
0.362625
0.362628
0.36263
0.362633
0.362635
0.362637
0.362639
0.362641
0.362643
0.362644
0.362646
0.362647
0.362648
0.36265
0.362651
0.362652
0.362653
0.362654
0.362655
0.362655
0.362656
0.362657
0.362657
0.362658
0.362659
0.362659
0.36266
0.36266
0.36266
0.362661
0.362661
0.362661
0.362661
0.362662
0.362662
0.362662
0.362662
0.362662
0.362662
0.362662
0.362661
0.362661
0.380982
0.380981
0.38098
0.380978
0.380975
0.380971
0.380965
0.380959
0.380953
0.380947
0.380941
0.380936
0.380933
0.38093
0.380929
0.380929
0.38093
0.380931
0.380934
0.380936
0.380938
0.380938
0.380938
0.380937
0.380935
0.380932
0.380929
0.380926
0.380923
0.380921
0.38092
0.38092
0.38092
0.380922
0.380924
0.380925
0.380926
0.380927
0.380928
0.380929
0.38093
0.38093
0.38093
0.380929
0.380928
0.380926
0.380925
0.380923
0.380922
0.380922
0.380923
0.380925
0.380927
0.38093
0.380933
0.380937
0.38094
0.380944
0.380947
0.38095
0.380953
0.380955
0.380957
0.38096
0.380962
0.380963
0.380965
0.380967
0.380968
0.380969
0.38097
0.380972
0.380973
0.380974
0.380975
0.380975
0.380976
0.380977
0.380978
0.380978
0.380979
0.380979
0.38098
0.38098
0.380981
0.380981
0.380982
0.380982
0.380982
0.380982
0.380982
0.380983
0.380983
0.380983
0.380983
0.380983
0.380983
0.380982
0.380982
0.380982
0.4017
0.401699
0.401698
0.401695
0.401691
0.401686
0.401679
0.401672
0.401665
0.401659
0.401653
0.401648
0.401645
0.401643
0.401642
0.401643
0.401645
0.401648
0.401651
0.401654
0.401656
0.401656
0.401655
0.401653
0.401651
0.401647
0.401643
0.40164
0.401637
0.401635
0.401634
0.401634
0.401636
0.401638
0.40164
0.401641
0.401643
0.401644
0.401645
0.401646
0.401646
0.401646
0.401646
0.401644
0.401642
0.40164
0.401639
0.401637
0.401637
0.401637
0.401638
0.401641
0.401644
0.401647
0.401651
0.401655
0.401659
0.401663
0.401666
0.401669
0.401672
0.401675
0.401677
0.401679
0.401681
0.401683
0.401685
0.401686
0.401687
0.401689
0.40169
0.401691
0.401692
0.401693
0.401694
0.401694
0.401695
0.401696
0.401696
0.401697
0.401698
0.401698
0.401698
0.401699
0.401699
0.4017
0.4017
0.4017
0.4017
0.4017
0.401701
0.401701
0.401701
0.401701
0.401701
0.401701
0.4017
0.4017
0.4017
0.4017
0.424713
0.424713
0.424711
0.424707
0.424702
0.424695
0.424688
0.42468
0.424672
0.424665
0.424659
0.424655
0.424652
0.424651
0.424651
0.424653
0.424656
0.42466
0.424664
0.424667
0.424669
0.424669
0.424668
0.424665
0.424661
0.424657
0.424653
0.424649
0.424646
0.424644
0.424644
0.424645
0.424647
0.42465
0.424652
0.424654
0.424655
0.424656
0.424657
0.424658
0.424658
0.424658
0.424657
0.424655
0.424652
0.42465
0.424648
0.424647
0.424646
0.424647
0.424649
0.424653
0.424657
0.424661
0.424666
0.42467
0.424674
0.424678
0.424682
0.424685
0.424688
0.424691
0.424693
0.424695
0.424697
0.424699
0.4247
0.424702
0.424703
0.424704
0.424705
0.424706
0.424707
0.424708
0.424709
0.424709
0.42471
0.424711
0.424711
0.424712
0.424712
0.424712
0.424713
0.424713
0.424713
0.424714
0.424714
0.424714
0.424714
0.424714
0.424714
0.424714
0.424714
0.424714
0.424714
0.424714
0.424714
0.424714
0.424714
0.424713
0.449906
0.449905
0.449903
0.449898
0.449892
0.449884
0.449875
0.449865
0.449857
0.44985
0.449844
0.44984
0.449838
0.449838
0.44984
0.449843
0.449847
0.449852
0.449857
0.449861
0.449862
0.449862
0.449859
0.449855
0.449851
0.449845
0.449841
0.449837
0.449834
0.449832
0.449832
0.449834
0.449838
0.449841
0.449844
0.449845
0.449846
0.449847
0.449849
0.44985
0.44985
0.449849
0.449847
0.449844
0.449841
0.449839
0.449836
0.449835
0.449836
0.449837
0.44984
0.449845
0.44985
0.449855
0.44986
0.449865
0.44987
0.449874
0.449878
0.449881
0.449884
0.449886
0.449889
0.449891
0.449893
0.449894
0.449895
0.449897
0.449898
0.449899
0.4499
0.449901
0.449902
0.449902
0.449903
0.449904
0.449904
0.449905
0.449905
0.449905
0.449906
0.449906
0.449906
0.449907
0.449907
0.449907
0.449907
0.449907
0.449908
0.449908
0.449908
0.449908
0.449908
0.449908
0.449908
0.449907
0.449907
0.449907
0.449907
0.449906
0.47715
0.477149
0.477146
0.47714
0.477132
0.477122
0.477111
0.477101
0.477092
0.477085
0.47708
0.477076
0.477075
0.477077
0.47708
0.477085
0.47709
0.477096
0.477102
0.477106
0.477107
0.477105
0.477101
0.477096
0.47709
0.477084
0.477079
0.477075
0.477072
0.477071
0.477072
0.477075
0.47708
0.477084
0.477087
0.477088
0.477089
0.47709
0.477091
0.477092
0.477092
0.47709
0.477088
0.477084
0.477081
0.477078
0.477076
0.477075
0.477076
0.477079
0.477083
0.477089
0.477095
0.477101
0.477106
0.477112
0.477117
0.477121
0.477125
0.477128
0.477131
0.477133
0.477136
0.477138
0.477139
0.477141
0.477142
0.477143
0.477144
0.477145
0.477146
0.477147
0.477147
0.477148
0.477148
0.477149
0.477149
0.47715
0.47715
0.477151
0.477151
0.477151
0.477151
0.477151
0.477152
0.477152
0.477152
0.477152
0.477152
0.477152
0.477152
0.477152
0.477152
0.477152
0.477152
0.477152
0.477151
0.477151
0.477151
0.47715
0.506308
0.506307
0.506302
0.506294
0.506284
0.506272
0.50626
0.506249
0.50624
0.506233
0.506228
0.506226
0.506227
0.50623
0.506235
0.506242
0.506248
0.506255
0.506261
0.506265
0.506265
0.506262
0.506256
0.506249
0.506242
0.506235
0.506229
0.506226
0.506223
0.506223
0.506226
0.50623
0.506236
0.506241
0.506244
0.506245
0.506246
0.506247
0.506248
0.506249
0.506248
0.506245
0.506242
0.506237
0.506233
0.506231
0.506229
0.506229
0.506231
0.506235
0.506241
0.506248
0.506255
0.506261
0.506268
0.506273
0.506278
0.506283
0.506286
0.50629
0.506292
0.506295
0.506297
0.506298
0.5063
0.506301
0.506302
0.506303
0.506304
0.506305
0.506306
0.506306
0.506307
0.506307
0.506308
0.506308
0.506309
0.506309
0.506309
0.50631
0.50631
0.50631
0.50631
0.50631
0.50631
0.50631
0.50631
0.50631
0.50631
0.506311
0.50631
0.50631
0.50631
0.50631
0.50631
0.50631
0.50631
0.506309
0.506309
0.506308
0.537239
0.537237
0.537231
0.537221
0.537208
0.537193
0.53718
0.537168
0.537159
0.537153
0.53715
0.537149
0.537152
0.537157
0.537164
0.537172
0.53718
0.537188
0.537194
0.537197
0.537196
0.537191
0.537182
0.537173
0.537165
0.537157
0.537152
0.537149
0.537147
0.537148
0.537152
0.537159
0.537166
0.537172
0.537174
0.537175
0.537175
0.537176
0.537178
0.537178
0.537177
0.537172
0.537167
0.537162
0.537158
0.537156
0.537154
0.537155
0.537159
0.537165
0.537172
0.53718
0.537188
0.537196
0.537202
0.537208
0.537213
0.537217
0.537221
0.537224
0.537227
0.537229
0.53723
0.537232
0.537233
0.537234
0.537235
0.537236
0.537237
0.537238
0.537238
0.537239
0.537239
0.537239
0.53724
0.53724
0.53724
0.537241
0.537241
0.537241
0.537241
0.537241
0.537241
0.537242
0.537242
0.537242
0.537242
0.537242
0.537242
0.537242
0.537242
0.537241
0.537241
0.537241
0.537241
0.537241
0.537241
0.53724
0.53724
0.537239
0.569801
0.569798
0.56979
0.569777
0.569761
0.569744
0.56973
0.569718
0.56971
0.569705
0.569703
0.569704
0.569709
0.569717
0.569727
0.569736
0.569745
0.569753
0.56976
0.569762
0.569758
0.56975
0.569739
0.569728
0.569718
0.569711
0.569706
0.569703
0.569702
0.569705
0.569712
0.569721
0.56973
0.569735
0.569737
0.569736
0.569735
0.569737
0.569739
0.569739
0.569736
0.56973
0.569724
0.569719
0.569715
0.569712
0.569711
0.569714
0.569719
0.569727
0.569737
0.569746
0.569755
0.569763
0.56977
0.569776
0.56978
0.569784
0.569788
0.56979
0.569793
0.569795
0.569796
0.569797
0.569798
0.569799
0.5698
0.569801
0.569801
0.569802
0.569802
0.569803
0.569803
0.569803
0.569804
0.569804
0.569804
0.569804
0.569804
0.569804
0.569805
0.569805
0.569805
0.569805
0.569805
0.569805
0.569805
0.569805
0.569805
0.569805
0.569804
0.569804
0.569804
0.569804
0.569804
0.569804
0.569804
0.569803
0.569803
0.569802
0.603861
0.603857
0.603846
0.603829
0.603809
0.60379
0.603775
0.603764
0.603757
0.603754
0.603754
0.603758
0.603766
0.603777
0.603788
0.603799
0.603809
0.603818
0.603823
0.603823
0.603816
0.603805
0.603791
0.603777
0.603767
0.60376
0.603756
0.603754
0.603755
0.60376
0.603769
0.603781
0.603791
0.603796
0.603796
0.603794
0.603793
0.603796
0.603798
0.603798
0.603793
0.603785
0.603777
0.603771
0.603768
0.603765
0.603766
0.60377
0.603778
0.603789
0.6038
0.603811
0.603821
0.603829
0.603835
0.603841
0.603845
0.603849
0.603852
0.603854
0.603856
0.603858
0.603859
0.60386
0.603861
0.603861
0.603862
0.603863
0.603863
0.603863
0.603864
0.603864
0.603864
0.603864
0.603865
0.603865
0.603865
0.603865
0.603865
0.603865
0.603865
0.603865
0.603865
0.603865
0.603865
0.603865
0.603865
0.603865
0.603865
0.603865
0.603865
0.603865
0.603864
0.603864
0.603864
0.603864
0.603864
0.603863
0.603863
0.603862
0.639297
0.639291
0.639276
0.639254
0.639231
0.639209
0.639194
0.639185
0.639181
0.639179
0.639181
0.639189
0.639201
0.639215
0.639228
0.63924
0.639251
0.639259
0.639263
0.639261
0.63925
0.639234
0.639217
0.639201
0.639191
0.639185
0.639182
0.639181
0.639184
0.639192
0.639205
0.639219
0.63923
0.639234
0.639231
0.639228
0.639227
0.639232
0.639235
0.639232
0.639225
0.639213
0.639205
0.639199
0.639197
0.639195
0.639197
0.639204
0.639215
0.639229
0.639242
0.639253
0.639263
0.639271
0.639278
0.639283
0.639287
0.63929
0.639292
0.639294
0.639296
0.639297
0.639298
0.639298
0.639299
0.639299
0.6393
0.6393
0.6393
0.639301
0.639301
0.639301
0.639301
0.639301
0.639301
0.639302
0.639302
0.639302
0.639302
0.639302
0.639302
0.639302
0.639302
0.639302
0.639302
0.639302
0.639302
0.639301
0.639301
0.639301
0.639301
0.639301
0.639301
0.639301
0.639301
0.6393
0.6393
0.6393
0.639299
0.639298
0.67601
0.676003
0.675983
0.675953
0.675927
0.675903
0.675888
0.675883
0.675883
0.675884
0.675889
0.675901
0.675917
0.675934
0.675949
0.675962
0.675972
0.67598
0.675981
0.675975
0.67596
0.675938
0.675919
0.6759
0.675889
0.675885
0.675887
0.675887
0.675892
0.675904
0.675921
0.675938
0.675948
0.67595
0.675945
0.675941
0.675942
0.675949
0.675951
0.675945
0.675934
0.675918
0.675907
0.675903
0.675904
0.675903
0.675907
0.675918
0.675933
0.675949
0.675963
0.675976
0.675985
0.675993
0.675998
0.676003
0.676006
0.676008
0.67601
0.676012
0.676013
0.676014
0.676014
0.676015
0.676015
0.676015
0.676016
0.676016
0.676016
0.676016
0.676016
0.676016
0.676016
0.676016
0.676017
0.676017
0.676017
0.676017
0.676017
0.676017
0.676017
0.676017
0.676017
0.676017
0.676016
0.676016
0.676016
0.676016
0.676016
0.676016
0.676016
0.676016
0.676016
0.676015
0.676015
0.676015
0.676015
0.676015
0.676014
0.676012
0.713945
0.713934
0.71391
0.713867
0.713836
0.713811
0.713795
0.713793
0.713807
0.713813
0.713822
0.713839
0.71386
0.71388
0.713896
0.713908
0.713917
0.713924
0.713921
0.713909
0.713891
0.713857
0.713834
0.713813
0.713799
0.713798
0.713811
0.713816
0.713824
0.713841
0.713862
0.713882
0.713889
0.713885
0.713881
0.713877
0.713881
0.713892
0.713893
0.713875
0.713857
0.713837
0.713821
0.713819
0.713831
0.713834
0.713841
0.713856
0.713876
0.713894
0.71391
0.713922
0.713931
0.713937
0.713942
0.713945
0.713948
0.713949
0.713951
0.713952
0.713953
0.713953
0.713953
0.713954
0.713954
0.713954
0.713954
0.713954
0.713954
0.713954
0.713954
0.713954
0.713954
0.713954
0.713954
0.713954
0.713954
0.713954
0.713954
0.713954
0.713954
0.713954
0.713954
0.713954
0.713954
0.713954
0.713954
0.713954
0.713954
0.713954
0.713954
0.713953
0.713953
0.713953
0.713953
0.713953
0.713953
0.713952
0.713951
0.713948
0.753125
0.753097
0.753071
0.752999
0.752956
0.752937
0.752916
0.752918
0.752972
0.752995
0.75301
0.753035
0.753061
0.753082
0.753098
0.753109
0.753116
0.753122
0.753109
0.753074
0.753058
0.752997
0.752961
0.752944
0.752923
0.752923
0.752975
0.752996
0.75301
0.753034
0.75306
0.753081
0.75308
0.753054
0.753055
0.753056
0.753065
0.75308
0.753079
0.753028
0.752993
0.752974
0.75295
0.752948
0.752998
0.753017
0.753029
0.753051
0.753075
0.753096
0.753112
0.753123
0.75313
0.753135
0.753138
0.753141
0.753142
0.753143
0.753144
0.753145
0.753145
0.753145
0.753146
0.753146
0.753146
0.753146
0.753146
0.753146
0.753146
0.753146
0.753146
0.753146
0.753146
0.753146
0.753146
0.753146
0.753146
0.753146
0.753146
0.753146
0.753145
0.753145
0.753145
0.753145
0.753145
0.753145
0.753145
0.753145
0.753145
0.753145
0.753145
0.753145
0.753145
0.753144
0.753144
0.753144
0.753144
0.753144
0.753143
0.753138
0.793759
0.793641
0.79361
0.793473
0.79339
0.793431
0.793406
0.793411
0.793571
0.793649
0.79368
0.793714
0.793745
0.793767
0.793781
0.793789
0.793794
0.793796
0.793767
0.793624
0.793604
0.793479
0.793402
0.793441
0.793413
0.793413
0.79357
0.793646
0.793675
0.793708
0.793739
0.79376
0.793742
0.793607
0.793607
0.793616
0.793632
0.793653
0.793648
0.793524
0.793442
0.793475
0.793444
0.793443
0.793598
0.793672
0.793698
0.79373
0.793759
0.79378
0.793795
0.793803
0.793809
0.793812
0.793814
0.793815
0.793816
0.793816
0.793817
0.793817
0.793817
0.793817
0.793817
0.793817
0.793817
0.793817
0.793817
0.793817
0.793817
0.793817
0.793817
0.793817
0.793817
0.793817
0.793817
0.793817
0.793817
0.793817
0.793817
0.793817
0.793817
0.793816
0.793816
0.793816
0.793816
0.793816
0.793816
0.793816
0.793816
0.793816
0.793816
0.793816
0.793816
0.793816
0.793816
0.793816
0.793815
0.793815
0.793813
0.793807
0.83648
0.835967
0.835872
0.83568
0.835505
0.835855
0.835881
0.835893
0.836221
0.836437
0.836501
0.836547
0.836581
0.8366
0.836609
0.836613
0.836615
0.836612
0.836558
0.835968
0.835878
0.835696
0.835523
0.835865
0.835884
0.83589
0.836212
0.836425
0.836486
0.83653
0.836563
0.836581
0.836536
0.835954
0.83588
0.835895
0.835921
0.835946
0.835941
0.835754
0.835569
0.835904
0.835921
0.835927
0.836249
0.836459
0.836518
0.83656
0.836592
0.836613
0.836624
0.836629
0.836632
0.836633
0.836634
0.836634
0.836635
0.836635
0.836635
0.836635
0.836635
0.836635
0.836635
0.836635
0.836634
0.836634
0.836634
0.836634
0.836634
0.836634
0.836634
0.836634
0.836634
0.836634
0.836634
0.836634
0.836634
0.836634
0.836634
0.836634
0.836634
0.836634
0.836634
0.836634
0.836634
0.836634
0.836634
0.836634
0.836634
0.836634
0.836634
0.836634
0.836634
0.836634
0.836634
0.836633
0.836633
0.836633
0.836631
0.836622
0.882807
0.881086
0.880719
0.881068
0.880825
0.882406
0.882711
0.882774
0.882515
0.882862
0.882957
0.883008
0.883037
0.883048
0.88305
0.883047
0.883043
0.883035
0.882962
0.881127
0.880743
0.881095
0.880849
0.882416
0.88271
0.882764
0.882497
0.882839
0.882929
0.882976
0.883004
0.883013
0.882947
0.88112
0.880743
0.88076
0.880803
0.880833
0.880829
0.881174
0.880899
0.882457
0.882752
0.882811
0.882546
0.882886
0.882974
0.88302
0.883047
0.883061
0.883066
0.883068
0.883068
0.883068
0.883068
0.883068
0.883068
0.883068
0.883068
0.883068
0.883068
0.883068
0.883068
0.883068
0.883068
0.883067
0.883067
0.883067
0.883067
0.883067
0.883067
0.883068
0.883068
0.883068
0.883068
0.883068
0.883068
0.883068
0.883068
0.883068
0.883068
0.883068
0.883068
0.883068
0.883068
0.883068
0.883068
0.883068
0.883068
0.883068
0.883068
0.883068
0.883068
0.883068
0.883068
0.883068
0.883068
0.883067
0.883064
0.883056
0.93689
0.933798
0.932885
0.93792
0.93839
0.944429
0.945605
0.945889
0.93703
0.936486
0.936446
0.936455
0.93646
0.936457
0.936449
0.93644
0.936432
0.936419
0.936417
0.933809
0.932926
0.937969
0.938442
0.944457
0.945613
0.945886
0.937012
0.936461
0.936415
0.93642
0.936425
0.93642
0.936418
0.93383
0.933011
0.933148
0.933267
0.933306
0.933242
0.938138
0.938493
0.944483
0.945642
0.945922
0.937056
0.936505
0.936459
0.936464
0.936469
0.936469
0.936467
0.936465
0.936463
0.936462
0.936462
0.936462
0.936462
0.936462
0.936462
0.936463
0.936463
0.936463
0.936463
0.936463
0.936463
0.936463
0.936463
0.936463
0.936463
0.936463
0.936463
0.936463
0.936464
0.936464
0.936464
0.936464
0.936464
0.936464
0.936464
0.936464
0.936464
0.936464
0.936464
0.936464
0.936464
0.936464
0.936464
0.936465
0.936464
0.936464
0.936464
0.936464
0.936464
0.936465
0.936465
0.936464
0.936464
0.936464
0.936461
0.936462
1.03404
1.04156
1.04203
1.08121
1.08381
1.11344
1.1157
1.11618
1.03389
1.02906
1.02891
1.02895
1.02897
1.02898
1.02898
1.02898
1.02898
1.02897
1.02909
1.04119
1.04206
1.08132
1.08395
1.11353
1.11574
1.11621
1.03383
1.02899
1.02884
1.02889
1.02891
1.0289
1.02902
1.04129
1.04227
1.04331
1.04374
1.04384
1.04377
1.0819
1.08405
1.11352
1.11572
1.1162
1.0339
1.02906
1.0289
1.02894
1.02897
1.02897
1.02897
1.02897
1.02897
1.02897
1.02897
1.02897
1.02897
1.02898
1.02898
1.02898
1.02898
1.02898
1.02898
1.02898
1.02898
1.02898
1.02898
1.02898
1.02898
1.02898
1.02898
1.02898
1.02898
1.02898
1.02898
1.02898
1.02898
1.02898
1.02898
1.02898
1.02898
1.02898
1.02898
1.02898
1.02898
1.02898
1.02898
1.02898
1.02898
1.02898
1.02898
1.02898
1.02898
1.02898
1.02898
1.02898
1.02898
1.02898
1.02898
1.02899
)
;

boundaryField
{
    inlet
    {
        type            cyclic;
    }
    outlet
    {
        type            cyclic;
    }
    bottomWall
    {
        type            kqRWallFunction;
        value           nonuniform List<scalar> 
100
(
1.11224
1.0323
1.04139
1.08049
1.08371
1.11394
1.03281
1.02846
1.04104
1.04209
1.04319
1.04365
1.04377
1.04373
1.08219
1.08442
1.11405
1.1162
1.11666
1.03354
1.02863
1.0285
1.02856
1.02858
1.02858
1.02858
1.02857
1.02856
1.02854
1.02853
1.02852
1.02853
1.02854
1.02856
1.02857
1.02858
1.02858
1.02857
1.02869
1.04081
1.04191
1.04304
1.04351
1.04366
1.04372
1.04375
1.04378
1.04379
1.0438
1.0438
1.04381
1.04381
1.04381
1.04381
1.04381
1.04381
1.04381
1.04381
1.04381
1.04381
1.04381
1.04381
1.04381
1.04381
1.04382
1.04382
1.04382
1.04382
1.04382
1.04382
1.04382
1.04382
1.04382
1.04382
1.04382
1.04382
1.04382
1.04382
1.04382
1.04382
1.04382
1.04382
1.04382
1.04382
1.04382
1.04382
1.04382
1.04382
1.04382
1.04382
1.04382
1.04382
1.04382
1.04382
1.04382
1.04382
1.04382
1.04382
1.0438
1.04378
)
;
    }
    topWall
    {
        type            kqRWallFunction;
        value           nonuniform List<scalar> 
100
(
1.03404
1.04156
1.04203
1.08121
1.08381
1.11344
1.1157
1.11618
1.03389
1.02906
1.02891
1.02895
1.02897
1.02898
1.02898
1.02898
1.02898
1.02897
1.02909
1.04119
1.04206
1.08132
1.08395
1.11353
1.11574
1.11621
1.03383
1.02899
1.02884
1.02889
1.02891
1.0289
1.02902
1.04129
1.04227
1.04331
1.04374
1.04384
1.04377
1.0819
1.08405
1.11352
1.11572
1.1162
1.0339
1.02906
1.0289
1.02894
1.02897
1.02897
1.02897
1.02897
1.02897
1.02897
1.02897
1.02897
1.02897
1.02898
1.02898
1.02898
1.02898
1.02898
1.02898
1.02898
1.02898
1.02898
1.02898
1.02898
1.02898
1.02898
1.02898
1.02898
1.02898
1.02898
1.02898
1.02898
1.02898
1.02898
1.02898
1.02898
1.02898
1.02898
1.02898
1.02898
1.02898
1.02898
1.02898
1.02898
1.02898
1.02898
1.02898
1.02898
1.02898
1.02898
1.02898
1.02898
1.02898
1.02898
1.02898
1.02899
)
;
    }
    frontAndBack
    {
        type            empty;
    }
}


// ************************************************************************* //
