/*--------------------------------*- C++ -*----------------------------------*\
  =========                 |
  \\      /  F ield         | OpenFOAM: The Open Source CFD Toolbox
   \\    /   O peration     | Website:  https://openfoam.org
    \\  /    A nd           | Version:  11
     \\/     M anipulation  |
\*---------------------------------------------------------------------------*/
FoamFile
{
    format      ascii;
    class       volScalarField;
    location    "1000";
    object      nut;
}
// * * * * * * * * * * * * * * * * * * * * * * * * * * * * * * * * * * * * * //

dimensions      [0 2 -1 0 0 0 0];

internalField   nonuniform List<scalar> 
5000
(
7.86153e-05
6.5934e-05
7.26643e-05
7.56528e-05
7.57227e-05
7.86073e-05
6.59363e-05
6.55803e-05
7.2681e-05
7.23067e-05
7.22727e-05
7.22746e-05
7.22774e-05
7.22857e-05
7.56225e-05
7.57241e-05
7.86141e-05
7.89972e-05
7.90583e-05
6.59556e-05
6.55844e-05
6.55714e-05
6.55751e-05
6.55777e-05
6.55789e-05
6.55794e-05
6.55789e-05
6.55785e-05
6.55779e-05
6.55779e-05
6.55775e-05
6.55777e-05
6.55776e-05
6.55778e-05
6.55775e-05
6.55773e-05
6.55769e-05
6.55767e-05
6.55766e-05
7.27072e-05
7.2314e-05
7.22749e-05
7.22762e-05
7.22787e-05
7.22795e-05
7.22792e-05
7.22791e-05
7.2279e-05
7.22792e-05
7.22794e-05
7.22796e-05
7.22797e-05
7.22798e-05
7.22799e-05
7.228e-05
7.228e-05
7.22801e-05
7.22801e-05
7.22801e-05
7.22801e-05
7.228e-05
7.228e-05
7.22801e-05
7.22801e-05
7.22802e-05
7.22802e-05
7.22803e-05
7.22803e-05
7.22804e-05
7.22804e-05
7.22804e-05
7.22803e-05
7.22803e-05
7.22803e-05
7.22803e-05
7.22803e-05
7.22804e-05
7.22804e-05
7.22804e-05
7.22804e-05
7.22804e-05
7.22804e-05
7.22804e-05
7.22805e-05
7.22805e-05
7.22805e-05
7.22805e-05
7.22805e-05
7.22805e-05
7.22805e-05
7.22805e-05
7.22805e-05
7.22805e-05
7.22805e-05
7.22805e-05
7.22805e-05
7.22805e-05
7.22804e-05
7.228e-05
7.229e-05
0.000163349
0.000157651
0.000160171
0.000162097
0.000162469
0.00016387
0.000157698
0.000156858
0.000160077
0.000160243
0.000160265
0.000160282
0.00016029
0.000160257
0.000162102
0.000162484
0.000163876
0.000164291
0.000164394
0.000157806
0.000156937
0.000156852
0.000156853
0.000156858
0.000156861
0.000156862
0.000156861
0.000156862
0.000156862
0.000156862
0.000156862
0.000156862
0.000156863
0.000156864
0.000156864
0.000156864
0.000156864
0.000156861
0.000156793
0.000160084
0.000160249
0.000160266
0.000160281
0.00016029
0.000160294
0.000160296
0.000160297
0.000160298
0.000160299
0.000160299
0.000160299
0.000160299
0.0001603
0.0001603
0.0001603
0.0001603
0.0001603
0.0001603
0.0001603
0.0001603
0.0001603
0.0001603
0.0001603
0.0001603
0.0001603
0.0001603
0.0001603
0.0001603
0.0001603
0.0001603
0.0001603
0.0001603
0.0001603
0.0001603
0.0001603
0.0001603
0.0001603
0.0001603
0.0001603
0.0001603
0.0001603
0.0001603
0.0001603
0.0001603
0.0001603
0.0001603
0.0001603
0.0001603
0.0001603
0.0001603
0.0001603
0.0001603
0.0001603
0.0001603
0.0001603
0.0001603
0.0001603
0.0001603
0.000160298
0.000160267
0.000253054
0.00025176
0.000251871
0.000252395
0.000252532
0.000253157
0.000251745
0.000251395
0.000251801
0.0002518
0.000251802
0.000251818
0.000251831
0.000251804
0.000252383
0.000252541
0.000253166
0.000253422
0.000253499
0.000251843
0.000251466
0.000251426
0.000251438
0.00025145
0.000251458
0.000251462
0.000251464
0.000251466
0.000251466
0.000251468
0.000251468
0.000251469
0.00025147
0.00025147
0.00025147
0.000251471
0.000251471
0.000251469
0.000251412
0.000251841
0.000251827
0.000251818
0.000251829
0.00025184
0.000251846
0.00025185
0.000251853
0.000251855
0.000251857
0.000251858
0.000251858
0.000251859
0.000251859
0.000251859
0.000251859
0.000251859
0.000251859
0.000251859
0.000251859
0.000251859
0.000251859
0.000251859
0.000251859
0.000251859
0.000251859
0.000251859
0.00025186
0.00025186
0.00025186
0.00025186
0.00025186
0.00025186
0.00025186
0.00025186
0.00025186
0.00025186
0.00025186
0.00025186
0.00025186
0.00025186
0.00025186
0.00025186
0.00025186
0.00025186
0.00025186
0.00025186
0.00025186
0.00025186
0.00025186
0.00025186
0.00025186
0.00025186
0.00025186
0.00025186
0.00025186
0.00025186
0.00025186
0.000251859
0.000251857
0.000251822
0.000340713
0.000340459
0.000340344
0.000340416
0.000340437
0.000340648
0.000340407
0.000340318
0.000340293
0.00034027
0.000340275
0.000340293
0.000340309
0.000340295
0.000340414
0.000340447
0.000340658
0.000340762
0.0003408
0.000340464
0.000340364
0.000340361
0.000340377
0.000340393
0.000340405
0.000340413
0.000340417
0.000340421
0.000340424
0.000340427
0.000340428
0.00034043
0.000340431
0.000340431
0.000340431
0.000340432
0.000340433
0.000340431
0.000340396
0.000340361
0.000340318
0.000340309
0.000340319
0.000340329
0.000340337
0.000340343
0.000340347
0.00034035
0.000340353
0.000340355
0.000340356
0.000340357
0.000340357
0.000340358
0.000340358
0.000340358
0.000340358
0.000340358
0.000340359
0.000340359
0.000340359
0.000340359
0.000340359
0.000340359
0.000340359
0.000340359
0.000340359
0.000340359
0.000340359
0.000340359
0.000340359
0.000340359
0.000340359
0.000340359
0.000340359
0.000340359
0.000340359
0.000340359
0.000340359
0.000340359
0.000340359
0.000340359
0.000340359
0.000340359
0.000340359
0.000340359
0.000340359
0.000340359
0.000340359
0.000340359
0.000340359
0.000340359
0.000340359
0.000340359
0.000340359
0.000340359
0.000340359
0.000340359
0.000340356
0.000340328
0.000422804
0.000422748
0.000422684
0.00042267
0.000422662
0.000422715
0.000422686
0.000422667
0.000422633
0.000422623
0.000422633
0.00042265
0.000422666
0.000422662
0.00042267
0.000422667
0.000422721
0.000422753
0.000422768
0.000422714
0.000422695
0.000422702
0.000422718
0.000422734
0.000422747
0.000422758
0.000422765
0.000422771
0.000422776
0.00042278
0.000422783
0.000422785
0.000422787
0.000422788
0.000422788
0.000422789
0.000422791
0.00042279
0.000422768
0.000422718
0.00042269
0.000422684
0.00042269
0.000422699
0.000422707
0.000422713
0.000422718
0.000422722
0.000422726
0.000422728
0.00042273
0.000422731
0.000422732
0.000422733
0.000422734
0.000422734
0.000422734
0.000422735
0.000422735
0.000422735
0.000422735
0.000422735
0.000422735
0.000422735
0.000422735
0.000422735
0.000422735
0.000422735
0.000422735
0.000422736
0.000422736
0.000422736
0.000422736
0.000422736
0.000422736
0.000422736
0.000422736
0.000422736
0.000422736
0.000422736
0.000422736
0.000422736
0.000422736
0.000422736
0.000422736
0.000422736
0.000422736
0.000422736
0.000422736
0.000422736
0.000422736
0.000422736
0.000422736
0.000422736
0.000422736
0.000422735
0.000422735
0.000422735
0.000422733
0.000422713
0.000498573
0.00049855
0.000498518
0.000498497
0.000498485
0.00049849
0.000498485
0.000498476
0.000498459
0.000498457
0.000498466
0.00049848
0.000498495
0.000498496
0.000498489
0.000498481
0.000498489
0.000498495
0.000498501
0.000498494
0.000498492
0.000498499
0.000498512
0.000498526
0.000498541
0.000498552
0.000498561
0.000498569
0.000498575
0.000498581
0.000498585
0.000498589
0.000498591
0.000498593
0.000498594
0.000498596
0.000498597
0.000498598
0.000498584
0.000498554
0.000498536
0.00049853
0.000498533
0.00049854
0.000498546
0.000498552
0.000498558
0.000498562
0.000498566
0.000498569
0.000498571
0.000498573
0.000498575
0.000498576
0.000498576
0.000498577
0.000498578
0.000498578
0.000498578
0.000498579
0.000498579
0.000498579
0.000498579
0.000498579
0.00049858
0.00049858
0.00049858
0.00049858
0.00049858
0.00049858
0.00049858
0.00049858
0.00049858
0.00049858
0.00049858
0.00049858
0.00049858
0.00049858
0.00049858
0.00049858
0.00049858
0.00049858
0.00049858
0.00049858
0.00049858
0.00049858
0.00049858
0.00049858
0.00049858
0.00049858
0.00049858
0.00049858
0.00049858
0.00049858
0.00049858
0.00049858
0.00049858
0.000498579
0.000498578
0.000498563
0.000568129
0.000568113
0.000568091
0.000568072
0.00056806
0.000568053
0.000568046
0.000568036
0.000568024
0.000568022
0.000568029
0.000568039
0.000568052
0.000568056
0.000568051
0.000568045
0.000568042
0.00056804
0.000568042
0.000568042
0.000568041
0.000568045
0.000568055
0.000568068
0.000568082
0.000568094
0.000568104
0.000568113
0.00056812
0.000568127
0.000568133
0.000568137
0.000568141
0.000568143
0.000568145
0.000568147
0.000568149
0.00056815
0.000568141
0.000568123
0.000568109
0.000568103
0.000568103
0.000568107
0.000568112
0.000568117
0.000568123
0.000568127
0.000568131
0.000568135
0.000568137
0.00056814
0.000568141
0.000568143
0.000568144
0.000568145
0.000568146
0.000568146
0.000568147
0.000568147
0.000568148
0.000568148
0.000568148
0.000568148
0.000568148
0.000568149
0.000568149
0.000568149
0.000568149
0.000568149
0.000568149
0.000568149
0.000568149
0.000568149
0.000568149
0.000568149
0.00056815
0.00056815
0.00056815
0.00056815
0.00056815
0.00056815
0.00056815
0.00056815
0.00056815
0.00056815
0.00056815
0.00056815
0.00056815
0.00056815
0.00056815
0.000568149
0.000568149
0.000568149
0.000568149
0.000568149
0.000568149
0.000568149
0.000568147
0.000568137
0.000631866
0.000631852
0.000631833
0.000631816
0.000631804
0.000631793
0.000631783
0.000631772
0.000631761
0.000631758
0.000631761
0.000631768
0.000631778
0.000631783
0.000631781
0.000631777
0.000631773
0.000631769
0.000631769
0.000631769
0.000631767
0.000631769
0.000631777
0.000631788
0.0006318
0.000631812
0.000631823
0.000631832
0.000631841
0.000631848
0.000631855
0.00063186
0.000631865
0.000631868
0.000631871
0.000631873
0.000631876
0.000631878
0.000631872
0.000631859
0.000631848
0.000631841
0.00063184
0.000631841
0.000631844
0.000631849
0.000631854
0.000631858
0.000631862
0.000631866
0.000631869
0.000631871
0.000631873
0.000631875
0.000631877
0.000631878
0.000631879
0.00063188
0.00063188
0.000631881
0.000631881
0.000631882
0.000631882
0.000631882
0.000631883
0.000631883
0.000631883
0.000631883
0.000631883
0.000631883
0.000631884
0.000631884
0.000631884
0.000631884
0.000631884
0.000631884
0.000631884
0.000631884
0.000631885
0.000631885
0.000631885
0.000631885
0.000631885
0.000631885
0.000631885
0.000631885
0.000631885
0.000631885
0.000631885
0.000631885
0.000631885
0.000631885
0.000631885
0.000631884
0.000631884
0.000631884
0.000631884
0.000631884
0.000631883
0.000631875
0.00069026
0.000690248
0.000690231
0.000690216
0.000690203
0.000690191
0.00069018
0.000690167
0.000690156
0.000690151
0.000690151
0.000690156
0.000690163
0.000690168
0.000690168
0.000690165
0.000690162
0.000690157
0.000690156
0.000690155
0.000690153
0.000690154
0.000690159
0.000690168
0.000690179
0.000690191
0.000690201
0.000690211
0.00069022
0.000690228
0.000690235
0.000690242
0.000690247
0.000690251
0.000690254
0.000690257
0.00069026
0.000690263
0.000690259
0.000690251
0.000690242
0.000690234
0.000690231
0.000690231
0.000690233
0.000690237
0.000690241
0.000690245
0.000690249
0.000690253
0.000690256
0.000690258
0.000690261
0.000690263
0.000690264
0.000690266
0.000690267
0.000690268
0.000690269
0.00069027
0.00069027
0.000690271
0.000690271
0.000690272
0.000690272
0.000690272
0.000690273
0.000690273
0.000690273
0.000690273
0.000690273
0.000690274
0.000690274
0.000690274
0.000690274
0.000690274
0.000690275
0.000690275
0.000690275
0.000690275
0.000690275
0.000690275
0.000690275
0.000690275
0.000690275
0.000690275
0.000690275
0.000690275
0.000690275
0.000690275
0.000690275
0.000690275
0.000690275
0.000690275
0.000690275
0.000690275
0.000690275
0.000690274
0.000690273
0.000690268
0.000743797
0.000743787
0.000743772
0.000743757
0.000743744
0.000743732
0.00074372
0.000743707
0.000743696
0.000743689
0.000743687
0.000743689
0.000743693
0.000743698
0.000743698
0.000743697
0.000743694
0.00074369
0.000743688
0.000743686
0.000743684
0.000743683
0.000743687
0.000743694
0.000743704
0.000743715
0.000743725
0.000743735
0.000743744
0.000743753
0.00074376
0.000743767
0.000743773
0.000743777
0.000743781
0.000743785
0.000743788
0.000743791
0.00074379
0.000743784
0.000743777
0.00074377
0.000743766
0.000743765
0.000743766
0.000743768
0.000743772
0.000743776
0.00074378
0.000743783
0.000743786
0.000743789
0.000743791
0.000743793
0.000743795
0.000743797
0.000743798
0.000743799
0.000743801
0.000743801
0.000743802
0.000743803
0.000743803
0.000743804
0.000743804
0.000743805
0.000743805
0.000743805
0.000743806
0.000743806
0.000743806
0.000743807
0.000743807
0.000743807
0.000743807
0.000743808
0.000743808
0.000743808
0.000743808
0.000743809
0.000743809
0.000743809
0.000743809
0.000743809
0.000743809
0.000743809
0.000743809
0.00074381
0.00074381
0.00074381
0.00074381
0.00074381
0.000743809
0.000743809
0.000743809
0.000743809
0.000743809
0.000743809
0.000743808
0.000743804
0.000792939
0.00079293
0.000792917
0.000792903
0.00079289
0.000792878
0.000792865
0.000792852
0.00079284
0.000792832
0.000792829
0.000792828
0.000792831
0.000792834
0.000792835
0.000792834
0.000792832
0.000792828
0.000792826
0.000792824
0.000792821
0.000792819
0.000792822
0.000792827
0.000792836
0.000792845
0.000792855
0.000792864
0.000792874
0.000792882
0.00079289
0.000792898
0.000792904
0.000792909
0.000792913
0.000792917
0.000792921
0.000792925
0.000792924
0.00079292
0.000792915
0.000792909
0.000792905
0.000792903
0.000792903
0.000792905
0.000792908
0.000792911
0.000792915
0.000792918
0.000792921
0.000792924
0.000792927
0.000792929
0.000792931
0.000792933
0.000792934
0.000792935
0.000792937
0.000792938
0.000792939
0.000792939
0.00079294
0.000792941
0.000792941
0.000792942
0.000792942
0.000792942
0.000792943
0.000792943
0.000792944
0.000792944
0.000792944
0.000792945
0.000792945
0.000792946
0.000792946
0.000792946
0.000792947
0.000792947
0.000792947
0.000792947
0.000792948
0.000792948
0.000792948
0.000792948
0.000792948
0.000792948
0.000792948
0.000792949
0.000792949
0.000792949
0.000792949
0.000792949
0.000792948
0.000792948
0.000792948
0.000792948
0.000792947
0.000792944
0.000838106
0.000838099
0.000838087
0.000838075
0.000838062
0.00083805
0.000838037
0.000838024
0.000838011
0.000838003
0.000837998
0.000837995
0.000837996
0.000837998
0.000837998
0.000837998
0.000837996
0.000837993
0.00083799
0.000837988
0.000837985
0.000837983
0.000837984
0.000837988
0.000837995
0.000838003
0.000838012
0.000838022
0.000838031
0.00083804
0.000838048
0.000838055
0.000838062
0.000838067
0.000838072
0.000838076
0.00083808
0.000838084
0.000838085
0.000838083
0.000838079
0.000838074
0.00083807
0.000838067
0.000838067
0.000838068
0.00083807
0.000838073
0.000838077
0.00083808
0.000838083
0.000838086
0.000838088
0.000838091
0.000838093
0.000838094
0.000838096
0.000838097
0.000838099
0.0008381
0.000838101
0.000838102
0.000838103
0.000838103
0.000838104
0.000838105
0.000838105
0.000838106
0.000838106
0.000838107
0.000838107
0.000838108
0.000838108
0.000838109
0.000838109
0.00083811
0.00083811
0.000838111
0.000838111
0.000838111
0.000838112
0.000838112
0.000838112
0.000838113
0.000838113
0.000838113
0.000838113
0.000838114
0.000838114
0.000838114
0.000838114
0.000838114
0.000838114
0.000838114
0.000838114
0.000838114
0.000838114
0.000838114
0.000838113
0.00083811
0.000879673
0.000879667
0.000879657
0.000879645
0.000879633
0.000879621
0.000879608
0.000879595
0.000879582
0.000879573
0.000879567
0.000879563
0.000879562
0.000879562
0.000879563
0.000879563
0.000879561
0.000879558
0.000879555
0.000879553
0.000879549
0.000879547
0.000879547
0.000879549
0.000879555
0.000879563
0.000879571
0.00087958
0.000879589
0.000879597
0.000879605
0.000879613
0.000879619
0.000879625
0.00087963
0.000879635
0.000879639
0.000879643
0.000879645
0.000879644
0.000879641
0.000879638
0.000879634
0.000879631
0.00087963
0.00087963
0.000879632
0.000879635
0.000879638
0.000879641
0.000879644
0.000879647
0.000879649
0.000879651
0.000879653
0.000879655
0.000879657
0.000879659
0.00087966
0.000879661
0.000879662
0.000879663
0.000879664
0.000879665
0.000879666
0.000879667
0.000879667
0.000879668
0.000879669
0.000879669
0.00087967
0.00087967
0.000879671
0.000879672
0.000879672
0.000879673
0.000879674
0.000879674
0.000879675
0.000879675
0.000879676
0.000879676
0.000879677
0.000879677
0.000879677
0.000879678
0.000879678
0.000879678
0.000879679
0.000879679
0.000879679
0.000879679
0.000879679
0.000879679
0.000879679
0.000879679
0.000879679
0.000879679
0.000879678
0.000879676
0.000917956
0.000917951
0.000917942
0.000917932
0.000917921
0.000917909
0.000917897
0.000917883
0.00091787
0.000917861
0.000917854
0.000917849
0.000917846
0.000917845
0.000917845
0.000917845
0.000917843
0.00091784
0.000917838
0.000917835
0.000917831
0.000917828
0.000917828
0.000917829
0.000917834
0.00091784
0.000917847
0.000917856
0.000917864
0.000917872
0.00091788
0.000917888
0.000917895
0.000917901
0.000917906
0.00091791
0.000917915
0.000917919
0.000917921
0.000917922
0.00091792
0.000917918
0.000917915
0.000917912
0.00091791
0.00091791
0.000917911
0.000917914
0.000917916
0.000917919
0.000917922
0.000917924
0.000917927
0.000917929
0.000917931
0.000917933
0.000917935
0.000917937
0.000917938
0.000917939
0.000917941
0.000917942
0.000917943
0.000917944
0.000917944
0.000917945
0.000917946
0.000917947
0.000917948
0.000917949
0.000917949
0.00091795
0.000917951
0.000917952
0.000917952
0.000917953
0.000917954
0.000917955
0.000917955
0.000917956
0.000917957
0.000917957
0.000917958
0.000917958
0.000917959
0.000917959
0.00091796
0.00091796
0.000917961
0.000917961
0.000917961
0.000917961
0.000917962
0.000917962
0.000917962
0.000917962
0.000917962
0.000917961
0.000917961
0.000917959
0.000953213
0.000953208
0.000953201
0.000953191
0.000953181
0.00095317
0.000953158
0.000953144
0.000953132
0.000953122
0.000953114
0.000953108
0.000953104
0.000953102
0.000953101
0.0009531
0.000953099
0.000953096
0.000953093
0.000953091
0.000953087
0.000953084
0.000953082
0.000953083
0.000953086
0.000953091
0.000953098
0.000953106
0.000953114
0.000953122
0.000953129
0.000953137
0.000953144
0.000953149
0.000953155
0.000953159
0.000953164
0.000953168
0.000953171
0.000953172
0.000953172
0.00095317
0.000953168
0.000953165
0.000953163
0.000953162
0.000953163
0.000953165
0.000953167
0.00095317
0.000953172
0.000953175
0.000953177
0.00095318
0.000953182
0.000953184
0.000953185
0.000953187
0.000953188
0.00095319
0.000953191
0.000953192
0.000953194
0.000953195
0.000953196
0.000953197
0.000953198
0.000953199
0.000953199
0.0009532
0.000953201
0.000953202
0.000953203
0.000953204
0.000953205
0.000953206
0.000953207
0.000953208
0.000953209
0.00095321
0.000953211
0.000953211
0.000953212
0.000953213
0.000953213
0.000953214
0.000953215
0.000953215
0.000953216
0.000953216
0.000953216
0.000953217
0.000953217
0.000953217
0.000953217
0.000953217
0.000953217
0.000953217
0.000953216
0.000953215
0.000985629
0.000985626
0.000985619
0.000985611
0.000985601
0.000985591
0.000985579
0.000985566
0.000985554
0.000985543
0.000985535
0.000985528
0.000985523
0.00098552
0.000985518
0.000985517
0.000985515
0.000985513
0.00098551
0.000985507
0.000985503
0.0009855
0.000985498
0.000985498
0.000985501
0.000985505
0.00098551
0.000985517
0.000985525
0.000985532
0.00098554
0.000985547
0.000985554
0.000985559
0.000985564
0.000985569
0.000985574
0.000985578
0.000985581
0.000985583
0.000985584
0.000985583
0.000985581
0.000985578
0.000985576
0.000985576
0.000985576
0.000985577
0.000985579
0.000985581
0.000985584
0.000985586
0.000985588
0.00098559
0.000985592
0.000985594
0.000985596
0.000985598
0.000985599
0.000985601
0.000985602
0.000985604
0.000985605
0.000985606
0.000985607
0.000985608
0.000985609
0.000985611
0.000985612
0.000985613
0.000985614
0.000985615
0.000985616
0.000985617
0.000985619
0.00098562
0.000985621
0.000985622
0.000985623
0.000985624
0.000985625
0.000985626
0.000985627
0.000985628
0.000985628
0.000985629
0.00098563
0.000985631
0.000985631
0.000985632
0.000985632
0.000985633
0.000985633
0.000985633
0.000985633
0.000985633
0.000985633
0.000985633
0.000985633
0.000985632
0.00101532
0.00101532
0.00101531
0.0010153
0.0010153
0.00101529
0.00101528
0.00101526
0.00101525
0.00101524
0.00101523
0.00101522
0.00101522
0.00101521
0.00101521
0.00101521
0.00101521
0.0010152
0.0010152
0.0010152
0.0010152
0.00101519
0.00101519
0.00101519
0.00101519
0.00101519
0.0010152
0.0010152
0.00101521
0.00101522
0.00101523
0.00101523
0.00101524
0.00101524
0.00101525
0.00101525
0.00101526
0.00101526
0.00101527
0.00101527
0.00101527
0.00101527
0.00101527
0.00101527
0.00101526
0.00101526
0.00101526
0.00101526
0.00101527
0.00101527
0.00101527
0.00101527
0.00101527
0.00101528
0.00101528
0.00101528
0.00101528
0.00101528
0.00101528
0.00101529
0.00101529
0.00101529
0.00101529
0.00101529
0.00101529
0.00101529
0.0010153
0.0010153
0.0010153
0.0010153
0.0010153
0.0010153
0.0010153
0.00101531
0.00101531
0.00101531
0.00101531
0.00101531
0.00101531
0.00101531
0.00101531
0.00101532
0.00101532
0.00101532
0.00101532
0.00101532
0.00101532
0.00101532
0.00101532
0.00101532
0.00101532
0.00101532
0.00101532
0.00101532
0.00101532
0.00101532
0.00101532
0.00101532
0.00101532
0.00101532
0.00104232
0.00104232
0.00104232
0.00104231
0.0010423
0.00104229
0.00104228
0.00104227
0.00104226
0.00104225
0.00104224
0.00104223
0.00104222
0.00104222
0.00104221
0.00104221
0.00104221
0.00104221
0.0010422
0.0010422
0.0010422
0.00104219
0.00104219
0.00104219
0.00104219
0.00104219
0.0010422
0.0010422
0.00104221
0.00104222
0.00104222
0.00104223
0.00104223
0.00104224
0.00104225
0.00104225
0.00104225
0.00104226
0.00104226
0.00104226
0.00104227
0.00104227
0.00104227
0.00104226
0.00104226
0.00104226
0.00104226
0.00104226
0.00104226
0.00104226
0.00104227
0.00104227
0.00104227
0.00104227
0.00104227
0.00104228
0.00104228
0.00104228
0.00104228
0.00104228
0.00104228
0.00104229
0.00104229
0.00104229
0.00104229
0.00104229
0.00104229
0.00104229
0.0010423
0.0010423
0.0010423
0.0010423
0.0010423
0.0010423
0.00104231
0.00104231
0.00104231
0.00104231
0.00104231
0.00104231
0.00104231
0.00104231
0.00104232
0.00104232
0.00104232
0.00104232
0.00104232
0.00104232
0.00104232
0.00104232
0.00104232
0.00104232
0.00104233
0.00104233
0.00104233
0.00104233
0.00104233
0.00104233
0.00104233
0.00104232
0.00106659
0.00106659
0.00106659
0.00106658
0.00106657
0.00106656
0.00106655
0.00106654
0.00106653
0.00106652
0.00106651
0.0010665
0.0010665
0.00106649
0.00106648
0.00106648
0.00106648
0.00106648
0.00106647
0.00106647
0.00106647
0.00106646
0.00106646
0.00106646
0.00106646
0.00106646
0.00106647
0.00106647
0.00106647
0.00106648
0.00106649
0.00106649
0.0010665
0.0010665
0.00106651
0.00106651
0.00106652
0.00106652
0.00106652
0.00106653
0.00106653
0.00106653
0.00106653
0.00106653
0.00106653
0.00106653
0.00106653
0.00106653
0.00106653
0.00106653
0.00106653
0.00106653
0.00106653
0.00106653
0.00106654
0.00106654
0.00106654
0.00106654
0.00106654
0.00106654
0.00106655
0.00106655
0.00106655
0.00106655
0.00106655
0.00106656
0.00106656
0.00106656
0.00106656
0.00106656
0.00106656
0.00106657
0.00106657
0.00106657
0.00106657
0.00106657
0.00106657
0.00106658
0.00106658
0.00106658
0.00106658
0.00106658
0.00106658
0.00106658
0.00106659
0.00106659
0.00106659
0.00106659
0.00106659
0.00106659
0.00106659
0.00106659
0.00106659
0.00106659
0.00106659
0.00106659
0.00106659
0.00106659
0.00106659
0.00106659
0.00108801
0.00108801
0.001088
0.001088
0.00108799
0.00108799
0.00108798
0.00108797
0.00108795
0.00108794
0.00108793
0.00108792
0.00108792
0.00108791
0.0010879
0.0010879
0.0010879
0.00108789
0.00108789
0.00108789
0.00108789
0.00108788
0.00108788
0.00108788
0.00108788
0.00108788
0.00108788
0.00108789
0.00108789
0.0010879
0.0010879
0.00108791
0.00108791
0.00108792
0.00108792
0.00108792
0.00108793
0.00108793
0.00108794
0.00108794
0.00108794
0.00108794
0.00108794
0.00108794
0.00108794
0.00108794
0.00108794
0.00108794
0.00108794
0.00108794
0.00108794
0.00108794
0.00108794
0.00108795
0.00108795
0.00108795
0.00108795
0.00108795
0.00108795
0.00108796
0.00108796
0.00108796
0.00108796
0.00108796
0.00108797
0.00108797
0.00108797
0.00108797
0.00108797
0.00108798
0.00108798
0.00108798
0.00108798
0.00108798
0.00108799
0.00108799
0.00108799
0.00108799
0.00108799
0.00108799
0.001088
0.001088
0.001088
0.001088
0.001088
0.001088
0.00108801
0.00108801
0.00108801
0.00108801
0.00108801
0.00108801
0.00108801
0.00108801
0.00108801
0.00108801
0.00108801
0.00108801
0.00108801
0.00108801
0.00110639
0.00110639
0.00110639
0.00110638
0.00110638
0.00110637
0.00110636
0.00110635
0.00110634
0.00110633
0.00110632
0.00110631
0.0011063
0.0011063
0.00110629
0.00110629
0.00110628
0.00110628
0.00110628
0.00110627
0.00110627
0.00110627
0.00110627
0.00110626
0.00110626
0.00110626
0.00110627
0.00110627
0.00110627
0.00110628
0.00110628
0.00110629
0.00110629
0.0011063
0.0011063
0.0011063
0.00110631
0.00110631
0.00110632
0.00110632
0.00110632
0.00110632
0.00110632
0.00110632
0.00110632
0.00110632
0.00110632
0.00110632
0.00110632
0.00110632
0.00110632
0.00110632
0.00110632
0.00110632
0.00110632
0.00110633
0.00110633
0.00110633
0.00110633
0.00110633
0.00110634
0.00110634
0.00110634
0.00110634
0.00110635
0.00110635
0.00110635
0.00110635
0.00110635
0.00110636
0.00110636
0.00110636
0.00110636
0.00110636
0.00110637
0.00110637
0.00110637
0.00110637
0.00110637
0.00110638
0.00110638
0.00110638
0.00110638
0.00110638
0.00110639
0.00110639
0.00110639
0.00110639
0.00110639
0.00110639
0.00110639
0.00110639
0.00110639
0.0011064
0.0011064
0.0011064
0.0011064
0.0011064
0.0011064
0.0011064
0.00112152
0.00112152
0.00112151
0.00112151
0.0011215
0.0011215
0.00112149
0.00112148
0.00112147
0.00112146
0.00112145
0.00112144
0.00112143
0.00112142
0.00112142
0.00112141
0.00112141
0.0011214
0.0011214
0.0011214
0.0011214
0.00112139
0.00112139
0.00112139
0.00112139
0.00112139
0.00112139
0.00112139
0.0011214
0.0011214
0.0011214
0.00112141
0.00112141
0.00112141
0.00112142
0.00112142
0.00112143
0.00112143
0.00112143
0.00112144
0.00112144
0.00112144
0.00112144
0.00112144
0.00112144
0.00112144
0.00112144
0.00112144
0.00112144
0.00112144
0.00112144
0.00112144
0.00112144
0.00112144
0.00112144
0.00112144
0.00112145
0.00112145
0.00112145
0.00112145
0.00112146
0.00112146
0.00112146
0.00112146
0.00112147
0.00112147
0.00112147
0.00112147
0.00112147
0.00112148
0.00112148
0.00112148
0.00112148
0.00112149
0.00112149
0.00112149
0.00112149
0.0011215
0.0011215
0.0011215
0.0011215
0.0011215
0.00112151
0.00112151
0.00112151
0.00112151
0.00112151
0.00112151
0.00112151
0.00112152
0.00112152
0.00112152
0.00112152
0.00112152
0.00112152
0.00112152
0.00112152
0.00112152
0.00112152
0.00112152
0.00113314
0.00113314
0.00113314
0.00113313
0.00113313
0.00113312
0.00113312
0.00113311
0.0011331
0.00113309
0.00113308
0.00113307
0.00113306
0.00113305
0.00113304
0.00113304
0.00113303
0.00113303
0.00113303
0.00113302
0.00113302
0.00113302
0.00113302
0.00113302
0.00113301
0.00113301
0.00113302
0.00113302
0.00113302
0.00113302
0.00113302
0.00113303
0.00113303
0.00113303
0.00113304
0.00113304
0.00113304
0.00113305
0.00113305
0.00113305
0.00113306
0.00113306
0.00113306
0.00113306
0.00113306
0.00113306
0.00113306
0.00113306
0.00113306
0.00113306
0.00113306
0.00113306
0.00113306
0.00113306
0.00113306
0.00113306
0.00113306
0.00113307
0.00113307
0.00113307
0.00113307
0.00113308
0.00113308
0.00113308
0.00113308
0.00113309
0.00113309
0.00113309
0.00113309
0.0011331
0.0011331
0.0011331
0.0011331
0.00113311
0.00113311
0.00113311
0.00113311
0.00113312
0.00113312
0.00113312
0.00113312
0.00113312
0.00113313
0.00113313
0.00113313
0.00113313
0.00113313
0.00113314
0.00113314
0.00113314
0.00113314
0.00113314
0.00113314
0.00113314
0.00113314
0.00113314
0.00113314
0.00113314
0.00113314
0.00113314
0.00114104
0.00114103
0.00114103
0.00114103
0.00114103
0.00114102
0.00114101
0.00114101
0.001141
0.00114099
0.00114098
0.00114097
0.00114096
0.00114095
0.00114094
0.00114093
0.00114093
0.00114093
0.00114092
0.00114092
0.00114092
0.00114092
0.00114092
0.00114091
0.00114091
0.00114091
0.00114091
0.00114091
0.00114091
0.00114092
0.00114092
0.00114092
0.00114092
0.00114092
0.00114093
0.00114093
0.00114094
0.00114094
0.00114094
0.00114095
0.00114095
0.00114095
0.00114095
0.00114095
0.00114095
0.00114095
0.00114095
0.00114095
0.00114095
0.00114095
0.00114095
0.00114095
0.00114095
0.00114095
0.00114095
0.00114095
0.00114095
0.00114096
0.00114096
0.00114096
0.00114097
0.00114097
0.00114097
0.00114097
0.00114098
0.00114098
0.00114098
0.00114098
0.00114099
0.00114099
0.00114099
0.001141
0.001141
0.001141
0.001141
0.00114101
0.00114101
0.00114101
0.00114101
0.00114101
0.00114102
0.00114102
0.00114102
0.00114102
0.00114103
0.00114103
0.00114103
0.00114103
0.00114103
0.00114103
0.00114103
0.00114104
0.00114104
0.00114104
0.00114104
0.00114104
0.00114104
0.00114104
0.00114104
0.00114104
0.00114503
0.00114503
0.00114503
0.00114502
0.00114502
0.00114502
0.00114501
0.001145
0.00114499
0.00114498
0.00114497
0.00114496
0.00114495
0.00114495
0.00114494
0.00114493
0.00114493
0.00114492
0.00114492
0.00114492
0.00114492
0.00114491
0.00114491
0.00114491
0.00114491
0.00114491
0.00114491
0.00114491
0.00114491
0.00114491
0.00114491
0.00114491
0.00114491
0.00114492
0.00114492
0.00114492
0.00114493
0.00114493
0.00114493
0.00114494
0.00114494
0.00114494
0.00114494
0.00114494
0.00114494
0.00114494
0.00114494
0.00114494
0.00114494
0.00114494
0.00114494
0.00114494
0.00114494
0.00114494
0.00114494
0.00114494
0.00114495
0.00114495
0.00114495
0.00114495
0.00114496
0.00114496
0.00114496
0.00114497
0.00114497
0.00114497
0.00114497
0.00114498
0.00114498
0.00114498
0.00114499
0.00114499
0.00114499
0.00114499
0.001145
0.001145
0.001145
0.001145
0.00114501
0.00114501
0.00114501
0.00114501
0.00114502
0.00114502
0.00114502
0.00114502
0.00114502
0.00114502
0.00114503
0.00114503
0.00114503
0.00114503
0.00114503
0.00114503
0.00114503
0.00114503
0.00114503
0.00114503
0.00114503
0.00114503
0.00114503
0.00114503
0.00114503
0.00114503
0.00114502
0.00114502
0.00114501
0.00114501
0.001145
0.00114499
0.00114498
0.00114497
0.00114496
0.00114495
0.00114494
0.00114493
0.00114493
0.00114493
0.00114492
0.00114492
0.00114492
0.00114492
0.00114492
0.00114492
0.00114492
0.00114492
0.00114491
0.00114491
0.00114491
0.00114491
0.00114491
0.00114491
0.00114491
0.00114492
0.00114492
0.00114492
0.00114493
0.00114493
0.00114493
0.00114494
0.00114494
0.00114494
0.00114494
0.00114494
0.00114494
0.00114494
0.00114494
0.00114494
0.00114494
0.00114494
0.00114493
0.00114493
0.00114494
0.00114494
0.00114494
0.00114494
0.00114494
0.00114495
0.00114495
0.00114495
0.00114496
0.00114496
0.00114496
0.00114497
0.00114497
0.00114497
0.00114498
0.00114498
0.00114498
0.00114498
0.00114499
0.00114499
0.00114499
0.001145
0.001145
0.001145
0.001145
0.00114501
0.00114501
0.00114501
0.00114501
0.00114502
0.00114502
0.00114502
0.00114502
0.00114502
0.00114503
0.00114503
0.00114503
0.00114503
0.00114503
0.00114503
0.00114503
0.00114503
0.00114504
0.00114504
0.00114504
0.00114504
0.00114504
0.00114503
0.00114104
0.00114104
0.00114104
0.00114104
0.00114103
0.00114103
0.00114102
0.00114102
0.00114101
0.001141
0.00114099
0.00114098
0.00114097
0.00114096
0.00114095
0.00114095
0.00114094
0.00114094
0.00114094
0.00114093
0.00114093
0.00114093
0.00114093
0.00114093
0.00114093
0.00114093
0.00114093
0.00114092
0.00114092
0.00114092
0.00114092
0.00114092
0.00114092
0.00114092
0.00114093
0.00114093
0.00114093
0.00114094
0.00114094
0.00114094
0.00114094
0.00114095
0.00114095
0.00114095
0.00114095
0.00114095
0.00114095
0.00114094
0.00114094
0.00114094
0.00114094
0.00114094
0.00114094
0.00114094
0.00114095
0.00114095
0.00114095
0.00114095
0.00114096
0.00114096
0.00114096
0.00114097
0.00114097
0.00114097
0.00114098
0.00114098
0.00114098
0.00114099
0.00114099
0.00114099
0.001141
0.001141
0.001141
0.001141
0.00114101
0.00114101
0.00114101
0.00114102
0.00114102
0.00114102
0.00114102
0.00114102
0.00114103
0.00114103
0.00114103
0.00114103
0.00114103
0.00114104
0.00114104
0.00114104
0.00114104
0.00114104
0.00114104
0.00114104
0.00114104
0.00114104
0.00114105
0.00114105
0.00114104
0.00114104
0.00113315
0.00113315
0.00113315
0.00113315
0.00113314
0.00113314
0.00113313
0.00113312
0.00113312
0.00113311
0.0011331
0.00113309
0.00113308
0.00113307
0.00113306
0.00113306
0.00113305
0.00113305
0.00113305
0.00113305
0.00113305
0.00113305
0.00113305
0.00113304
0.00113304
0.00113304
0.00113304
0.00113303
0.00113303
0.00113303
0.00113303
0.00113303
0.00113303
0.00113303
0.00113303
0.00113304
0.00113304
0.00113304
0.00113305
0.00113305
0.00113305
0.00113305
0.00113305
0.00113305
0.00113305
0.00113305
0.00113305
0.00113305
0.00113305
0.00113305
0.00113305
0.00113305
0.00113305
0.00113305
0.00113305
0.00113305
0.00113306
0.00113306
0.00113307
0.00113307
0.00113307
0.00113308
0.00113308
0.00113308
0.00113309
0.00113309
0.00113309
0.0011331
0.0011331
0.0011331
0.0011331
0.00113311
0.00113311
0.00113311
0.00113312
0.00113312
0.00113312
0.00113312
0.00113313
0.00113313
0.00113313
0.00113313
0.00113314
0.00113314
0.00113314
0.00113314
0.00113314
0.00113315
0.00113315
0.00113315
0.00113315
0.00113315
0.00113315
0.00113315
0.00113315
0.00113315
0.00113315
0.00113315
0.00113315
0.00113315
0.00112153
0.00112153
0.00112153
0.00112153
0.00112152
0.00112152
0.00112151
0.0011215
0.0011215
0.00112149
0.00112148
0.00112147
0.00112146
0.00112145
0.00112144
0.00112144
0.00112144
0.00112143
0.00112143
0.00112143
0.00112143
0.00112143
0.00112143
0.00112143
0.00112143
0.00112142
0.00112142
0.00112142
0.00112141
0.00112141
0.00112141
0.00112141
0.00112141
0.00112141
0.00112141
0.00112142
0.00112142
0.00112142
0.00112143
0.00112143
0.00112143
0.00112143
0.00112143
0.00112143
0.00112143
0.00112143
0.00112143
0.00112143
0.00112143
0.00112142
0.00112142
0.00112142
0.00112143
0.00112143
0.00112143
0.00112144
0.00112144
0.00112144
0.00112145
0.00112145
0.00112145
0.00112146
0.00112146
0.00112147
0.00112147
0.00112147
0.00112148
0.00112148
0.00112148
0.00112148
0.00112149
0.00112149
0.00112149
0.0011215
0.0011215
0.0011215
0.0011215
0.00112151
0.00112151
0.00112151
0.00112151
0.00112152
0.00112152
0.00112152
0.00112152
0.00112152
0.00112153
0.00112153
0.00112153
0.00112153
0.00112153
0.00112153
0.00112153
0.00112153
0.00112153
0.00112154
0.00112154
0.00112154
0.00112154
0.00112153
0.00110641
0.00110641
0.00110641
0.00110641
0.0011064
0.0011064
0.00110639
0.00110638
0.00110637
0.00110636
0.00110635
0.00110634
0.00110634
0.00110633
0.00110632
0.00110632
0.00110632
0.00110631
0.00110631
0.00110631
0.00110631
0.00110631
0.00110631
0.00110631
0.00110631
0.00110631
0.0011063
0.0011063
0.0011063
0.00110629
0.00110629
0.00110629
0.00110629
0.00110629
0.00110629
0.0011063
0.0011063
0.0011063
0.0011063
0.00110631
0.00110631
0.00110631
0.00110631
0.00110631
0.00110631
0.00110631
0.00110631
0.0011063
0.0011063
0.0011063
0.0011063
0.0011063
0.0011063
0.00110631
0.00110631
0.00110631
0.00110632
0.00110632
0.00110633
0.00110633
0.00110634
0.00110634
0.00110634
0.00110635
0.00110635
0.00110635
0.00110636
0.00110636
0.00110636
0.00110637
0.00110637
0.00110637
0.00110637
0.00110638
0.00110638
0.00110638
0.00110638
0.00110639
0.00110639
0.00110639
0.00110639
0.0011064
0.0011064
0.0011064
0.0011064
0.0011064
0.0011064
0.00110641
0.00110641
0.00110641
0.00110641
0.00110641
0.00110641
0.00110641
0.00110641
0.00110641
0.00110641
0.00110641
0.00110641
0.00110641
0.00108803
0.00108803
0.00108803
0.00108802
0.00108802
0.00108801
0.00108801
0.001088
0.00108799
0.00108798
0.00108797
0.00108796
0.00108795
0.00108795
0.00108794
0.00108794
0.00108794
0.00108794
0.00108794
0.00108794
0.00108794
0.00108794
0.00108794
0.00108794
0.00108793
0.00108793
0.00108792
0.00108792
0.00108792
0.00108791
0.00108791
0.00108791
0.00108791
0.00108791
0.00108791
0.00108792
0.00108792
0.00108792
0.00108792
0.00108793
0.00108793
0.00108793
0.00108793
0.00108793
0.00108793
0.00108792
0.00108792
0.00108792
0.00108792
0.00108792
0.00108792
0.00108792
0.00108792
0.00108793
0.00108793
0.00108794
0.00108794
0.00108794
0.00108795
0.00108795
0.00108796
0.00108796
0.00108796
0.00108797
0.00108797
0.00108797
0.00108798
0.00108798
0.00108798
0.00108799
0.00108799
0.00108799
0.001088
0.001088
0.001088
0.001088
0.00108801
0.00108801
0.00108801
0.00108801
0.00108801
0.00108802
0.00108802
0.00108802
0.00108802
0.00108802
0.00108802
0.00108803
0.00108803
0.00108803
0.00108803
0.00108803
0.00108803
0.00108803
0.00108803
0.00108803
0.00108803
0.00108803
0.00108803
0.00108803
0.00106662
0.00106661
0.00106661
0.00106661
0.0010666
0.0010666
0.00106659
0.00106658
0.00106657
0.00106656
0.00106655
0.00106654
0.00106654
0.00106653
0.00106653
0.00106653
0.00106652
0.00106652
0.00106652
0.00106653
0.00106653
0.00106653
0.00106653
0.00106652
0.00106652
0.00106652
0.00106651
0.00106651
0.0010665
0.0010665
0.0010665
0.0010665
0.0010665
0.0010665
0.0010665
0.0010665
0.00106651
0.00106651
0.00106651
0.00106651
0.00106651
0.00106651
0.00106651
0.00106651
0.00106651
0.00106651
0.00106651
0.0010665
0.0010665
0.0010665
0.0010665
0.00106651
0.00106651
0.00106651
0.00106652
0.00106652
0.00106653
0.00106653
0.00106654
0.00106654
0.00106655
0.00106655
0.00106655
0.00106656
0.00106656
0.00106656
0.00106657
0.00106657
0.00106657
0.00106657
0.00106658
0.00106658
0.00106658
0.00106659
0.00106659
0.00106659
0.00106659
0.00106659
0.0010666
0.0010666
0.0010666
0.0010666
0.0010666
0.00106661
0.00106661
0.00106661
0.00106661
0.00106661
0.00106661
0.00106661
0.00106662
0.00106662
0.00106662
0.00106662
0.00106662
0.00106662
0.00106662
0.00106662
0.00106662
0.00106662
0.00104235
0.00104235
0.00104235
0.00104234
0.00104234
0.00104233
0.00104232
0.00104231
0.0010423
0.00104229
0.00104228
0.00104228
0.00104227
0.00104227
0.00104226
0.00104226
0.00104226
0.00104226
0.00104226
0.00104226
0.00104226
0.00104226
0.00104226
0.00104226
0.00104226
0.00104225
0.00104225
0.00104224
0.00104224
0.00104223
0.00104223
0.00104223
0.00104223
0.00104223
0.00104224
0.00104224
0.00104224
0.00104224
0.00104225
0.00104225
0.00104225
0.00104225
0.00104225
0.00104225
0.00104224
0.00104224
0.00104224
0.00104224
0.00104224
0.00104224
0.00104224
0.00104224
0.00104224
0.00104225
0.00104225
0.00104226
0.00104226
0.00104227
0.00104227
0.00104228
0.00104228
0.00104229
0.00104229
0.00104229
0.0010423
0.0010423
0.0010423
0.00104231
0.00104231
0.00104231
0.00104231
0.00104232
0.00104232
0.00104232
0.00104232
0.00104233
0.00104233
0.00104233
0.00104233
0.00104233
0.00104234
0.00104234
0.00104234
0.00104234
0.00104234
0.00104234
0.00104234
0.00104235
0.00104235
0.00104235
0.00104235
0.00104235
0.00104235
0.00104235
0.00104235
0.00104235
0.00104235
0.00104235
0.00104235
0.00104235
0.00101535
0.00101535
0.00101535
0.00101534
0.00101534
0.00101533
0.00101532
0.00101531
0.0010153
0.00101529
0.00101528
0.00101527
0.00101527
0.00101526
0.00101526
0.00101526
0.00101526
0.00101526
0.00101527
0.00101527
0.00101527
0.00101527
0.00101527
0.00101526
0.00101526
0.00101525
0.00101525
0.00101524
0.00101524
0.00101523
0.00101523
0.00101523
0.00101523
0.00101524
0.00101524
0.00101524
0.00101524
0.00101525
0.00101525
0.00101525
0.00101525
0.00101525
0.00101525
0.00101525
0.00101524
0.00101524
0.00101524
0.00101524
0.00101524
0.00101524
0.00101524
0.00101524
0.00101525
0.00101525
0.00101526
0.00101526
0.00101527
0.00101527
0.00101528
0.00101528
0.00101529
0.00101529
0.00101529
0.0010153
0.0010153
0.0010153
0.00101531
0.00101531
0.00101531
0.00101531
0.00101532
0.00101532
0.00101532
0.00101532
0.00101533
0.00101533
0.00101533
0.00101533
0.00101533
0.00101534
0.00101534
0.00101534
0.00101534
0.00101534
0.00101534
0.00101534
0.00101535
0.00101535
0.00101535
0.00101535
0.00101535
0.00101535
0.00101535
0.00101535
0.00101535
0.00101535
0.00101535
0.00101535
0.00101535
0.00101535
0.00098566
0.000985657
0.000985655
0.00098565
0.000985643
0.000985634
0.000985624
0.000985614
0.000985605
0.000985595
0.000985587
0.00098558
0.000985576
0.000985574
0.000985573
0.000985573
0.000985575
0.000985577
0.000985579
0.00098558
0.000985581
0.00098558
0.000985578
0.000985574
0.000985568
0.000985563
0.000985558
0.000985553
0.000985548
0.000985546
0.000985545
0.000985546
0.000985548
0.00098555
0.000985553
0.000985555
0.000985557
0.000985558
0.00098556
0.000985561
0.000985561
0.000985561
0.000985558
0.000985556
0.000985553
0.00098555
0.000985548
0.000985546
0.000985546
0.000985548
0.000985551
0.000985556
0.000985561
0.000985566
0.000985572
0.000985578
0.000985583
0.000985588
0.000985593
0.000985598
0.000985602
0.000985606
0.000985609
0.000985613
0.000985616
0.000985619
0.000985622
0.000985624
0.000985627
0.000985629
0.000985631
0.000985634
0.000985636
0.000985638
0.00098564
0.000985642
0.000985644
0.000985645
0.000985647
0.000985648
0.00098565
0.000985651
0.000985653
0.000985654
0.000985655
0.000985656
0.000985657
0.000985658
0.000985659
0.00098566
0.000985661
0.000985662
0.000985662
0.000985663
0.000985663
0.000985663
0.000985663
0.000985663
0.000985663
0.000985662
0.000953244
0.000953241
0.000953239
0.000953233
0.000953225
0.000953215
0.000953204
0.000953194
0.000953185
0.000953176
0.000953168
0.000953162
0.000953159
0.000953158
0.000953158
0.000953159
0.000953162
0.000953165
0.000953167
0.000953168
0.000953168
0.000953167
0.000953164
0.000953159
0.000953153
0.000953148
0.000953142
0.000953137
0.000953133
0.000953131
0.000953131
0.000953133
0.000953135
0.000953138
0.000953141
0.000953143
0.000953144
0.000953146
0.000953147
0.000953148
0.000953148
0.000953147
0.000953144
0.000953141
0.000953138
0.000953135
0.000953132
0.000953131
0.000953132
0.000953134
0.000953138
0.000953144
0.000953149
0.000953155
0.000953162
0.000953167
0.000953173
0.000953178
0.000953183
0.000953187
0.000953191
0.000953195
0.000953199
0.000953202
0.000953205
0.000953208
0.000953211
0.000953213
0.000953215
0.000953218
0.00095322
0.000953222
0.000953224
0.000953226
0.000953227
0.000953229
0.000953231
0.000953232
0.000953234
0.000953235
0.000953236
0.000953238
0.000953239
0.00095324
0.000953241
0.000953242
0.000953243
0.000953244
0.000953245
0.000953245
0.000953246
0.000953247
0.000953247
0.000953247
0.000953248
0.000953248
0.000953248
0.000953248
0.000953248
0.000953247
0.000917989
0.000917986
0.000917982
0.000917976
0.000917967
0.000917956
0.000917944
0.000917934
0.000917925
0.000917917
0.000917909
0.000917904
0.000917902
0.000917902
0.000917904
0.000917906
0.000917909
0.000917913
0.000917915
0.000917916
0.000917916
0.000917914
0.00091791
0.000917904
0.000917898
0.000917892
0.000917887
0.000917882
0.000917879
0.000917878
0.000917878
0.000917881
0.000917884
0.000917886
0.000917889
0.000917891
0.000917892
0.000917894
0.000917896
0.000917896
0.000917896
0.000917894
0.00091789
0.000917887
0.000917884
0.00091788
0.000917878
0.000917877
0.000917879
0.000917882
0.000917887
0.000917893
0.000917899
0.000917906
0.000917912
0.000917918
0.000917924
0.000917929
0.000917933
0.000917938
0.000917942
0.000917946
0.000917949
0.000917952
0.000917955
0.000917958
0.00091796
0.000917962
0.000917965
0.000917967
0.000917969
0.00091797
0.000917972
0.000917974
0.000917975
0.000917977
0.000917978
0.00091798
0.000917981
0.000917982
0.000917983
0.000917984
0.000917985
0.000917986
0.000917987
0.000917988
0.000917989
0.00091799
0.00091799
0.000917991
0.000917991
0.000917992
0.000917992
0.000917993
0.000917993
0.000917993
0.000917993
0.000917993
0.000917993
0.000917992
0.000879706
0.000879702
0.000879698
0.000879691
0.000879681
0.000879669
0.000879656
0.000879647
0.000879638
0.00087963
0.000879623
0.000879619
0.000879619
0.00087962
0.000879622
0.000879626
0.00087963
0.000879634
0.000879636
0.000879636
0.000879636
0.000879633
0.000879628
0.000879622
0.000879615
0.000879609
0.000879605
0.0008796
0.000879597
0.000879596
0.000879598
0.000879602
0.000879605
0.000879608
0.00087961
0.000879612
0.000879613
0.000879615
0.000879617
0.000879617
0.000879616
0.000879613
0.000879609
0.000879605
0.000879602
0.000879599
0.000879597
0.000879596
0.000879599
0.000879603
0.000879609
0.000879616
0.000879622
0.000879629
0.000879636
0.000879642
0.000879647
0.000879652
0.000879657
0.000879661
0.000879665
0.000879669
0.000879672
0.000879675
0.000879677
0.00087968
0.000879682
0.000879684
0.000879686
0.000879688
0.00087969
0.000879691
0.000879693
0.000879694
0.000879696
0.000879697
0.000879698
0.0008797
0.000879701
0.000879702
0.000879703
0.000879704
0.000879704
0.000879705
0.000879706
0.000879707
0.000879707
0.000879708
0.000879708
0.000879709
0.000879709
0.00087971
0.00087971
0.00087971
0.00087971
0.000879711
0.000879711
0.000879711
0.00087971
0.000879709
0.00083814
0.000838136
0.000838131
0.000838122
0.00083811
0.000838098
0.000838085
0.000838076
0.000838068
0.00083806
0.000838054
0.000838052
0.000838052
0.000838055
0.000838059
0.000838063
0.000838068
0.000838072
0.000838074
0.000838074
0.000838072
0.000838068
0.000838062
0.000838056
0.000838048
0.000838043
0.000838039
0.000838035
0.000838032
0.000838032
0.000838035
0.00083804
0.000838044
0.000838046
0.000838048
0.000838049
0.000838051
0.000838053
0.000838055
0.000838055
0.000838053
0.000838049
0.000838044
0.000838041
0.000838038
0.000838034
0.000838032
0.000838033
0.000838036
0.000838042
0.000838049
0.000838056
0.000838063
0.00083807
0.000838077
0.000838083
0.000838088
0.000838093
0.000838098
0.000838102
0.000838105
0.000838109
0.000838112
0.000838114
0.000838117
0.000838119
0.000838121
0.000838123
0.000838125
0.000838126
0.000838128
0.000838129
0.000838131
0.000838132
0.000838133
0.000838134
0.000838135
0.000838136
0.000838137
0.000838138
0.000838139
0.000838139
0.00083814
0.000838141
0.000838141
0.000838142
0.000838142
0.000838143
0.000838143
0.000838144
0.000838144
0.000838144
0.000838145
0.000838145
0.000838145
0.000838145
0.000838145
0.000838145
0.000838144
0.000838143
0.000792973
0.000792968
0.000792961
0.000792951
0.000792939
0.000792926
0.000792913
0.000792905
0.000792897
0.00079289
0.000792885
0.000792884
0.000792886
0.00079289
0.000792895
0.0007929
0.000792905
0.00079291
0.000792912
0.00079291
0.000792908
0.000792902
0.000792896
0.000792888
0.000792881
0.000792876
0.000792872
0.000792868
0.000792867
0.000792868
0.000792873
0.000792879
0.000792883
0.000792884
0.000792885
0.000792886
0.000792888
0.000792891
0.000792893
0.000792892
0.00079289
0.000792885
0.000792879
0.000792876
0.000792873
0.000792869
0.000792868
0.00079287
0.000792874
0.000792881
0.000792888
0.000792896
0.000792904
0.000792911
0.000792918
0.000792923
0.000792929
0.000792934
0.000792938
0.000792942
0.000792945
0.000792948
0.000792951
0.000792953
0.000792955
0.000792957
0.000792959
0.000792961
0.000792962
0.000792964
0.000792965
0.000792966
0.000792967
0.000792968
0.000792969
0.00079297
0.000792971
0.000792972
0.000792972
0.000792973
0.000792974
0.000792974
0.000792975
0.000792975
0.000792976
0.000792976
0.000792977
0.000792977
0.000792977
0.000792978
0.000792978
0.000792978
0.000792978
0.000792978
0.000792978
0.000792979
0.000792979
0.000792978
0.000792978
0.000792977
0.000743832
0.000743825
0.000743818
0.000743806
0.000743793
0.000743779
0.000743767
0.000743759
0.000743753
0.000743747
0.000743743
0.000743743
0.000743747
0.000743752
0.000743759
0.000743765
0.00074377
0.000743776
0.000743776
0.000743773
0.000743769
0.000743762
0.000743754
0.000743747
0.00074374
0.000743736
0.000743732
0.000743729
0.000743728
0.000743731
0.000743737
0.000743744
0.000743748
0.000743749
0.000743749
0.00074375
0.000743751
0.000743755
0.000743757
0.000743756
0.000743752
0.000743746
0.00074374
0.000743737
0.000743734
0.000743731
0.00074373
0.000743733
0.000743739
0.000743747
0.000743755
0.000743764
0.000743772
0.000743779
0.000743785
0.000743791
0.000743796
0.0007438
0.000743804
0.000743808
0.000743811
0.000743814
0.000743816
0.000743818
0.00074382
0.000743822
0.000743823
0.000743824
0.000743826
0.000743827
0.000743828
0.000743829
0.00074383
0.00074383
0.000743831
0.000743832
0.000743833
0.000743833
0.000743834
0.000743834
0.000743835
0.000743835
0.000743836
0.000743836
0.000743836
0.000743837
0.000743837
0.000743837
0.000743838
0.000743838
0.000743838
0.000743838
0.000743838
0.000743838
0.000743838
0.000743838
0.000743838
0.000743838
0.000743838
0.000743836
0.000690296
0.000690287
0.000690278
0.000690265
0.00069025
0.000690237
0.000690225
0.000690219
0.000690214
0.000690208
0.000690206
0.000690208
0.000690214
0.000690221
0.000690228
0.000690235
0.000690241
0.000690246
0.000690246
0.000690241
0.000690235
0.000690226
0.000690218
0.00069021
0.000690203
0.0006902
0.000690197
0.000690194
0.000690194
0.000690199
0.000690207
0.000690215
0.000690219
0.000690218
0.000690217
0.000690218
0.00069022
0.000690225
0.000690227
0.000690224
0.000690219
0.000690212
0.000690205
0.000690203
0.0006902
0.000690197
0.000690198
0.000690202
0.00069021
0.000690219
0.000690228
0.000690237
0.000690245
0.000690252
0.000690258
0.000690263
0.000690268
0.000690272
0.000690275
0.000690278
0.000690281
0.000690283
0.000690285
0.000690287
0.000690289
0.00069029
0.000690291
0.000690292
0.000690293
0.000690294
0.000690295
0.000690296
0.000690297
0.000690297
0.000690298
0.000690298
0.000690299
0.000690299
0.0006903
0.0006903
0.000690301
0.000690301
0.000690301
0.000690301
0.000690302
0.000690302
0.000690302
0.000690302
0.000690302
0.000690302
0.000690303
0.000690303
0.000690303
0.000690303
0.000690303
0.000690303
0.000690303
0.000690302
0.000690302
0.000690301
0.000631903
0.000631892
0.000631881
0.000631866
0.000631851
0.000631837
0.000631827
0.000631822
0.000631818
0.000631814
0.000631814
0.000631818
0.000631826
0.000631835
0.000631843
0.00063185
0.000631857
0.000631862
0.000631859
0.000631851
0.000631843
0.000631832
0.000631823
0.000631816
0.000631809
0.000631807
0.000631805
0.000631804
0.000631806
0.000631812
0.000631822
0.000631832
0.000631834
0.00063183
0.000631829
0.00063183
0.000631834
0.000631839
0.000631841
0.000631835
0.000631828
0.00063182
0.000631814
0.000631812
0.00063181
0.000631808
0.00063181
0.000631816
0.000631825
0.000631836
0.000631846
0.000631854
0.000631862
0.000631869
0.000631875
0.000631879
0.000631884
0.000631887
0.00063189
0.000631893
0.000631895
0.000631897
0.000631898
0.0006319
0.000631901
0.000631902
0.000631903
0.000631904
0.000631904
0.000631905
0.000631906
0.000631906
0.000631907
0.000631907
0.000631908
0.000631908
0.000631908
0.000631909
0.000631909
0.000631909
0.00063191
0.00063191
0.00063191
0.00063191
0.00063191
0.00063191
0.000631911
0.000631911
0.000631911
0.000631911
0.000631911
0.000631911
0.000631911
0.000631911
0.000631911
0.000631911
0.000631911
0.000631911
0.00063191
0.000631909
0.000568167
0.000568152
0.000568139
0.000568122
0.000568105
0.000568095
0.000568086
0.000568083
0.00056808
0.00056808
0.000568082
0.000568089
0.0005681
0.00056811
0.000568119
0.000568126
0.000568132
0.000568137
0.000568131
0.000568117
0.000568106
0.000568094
0.000568083
0.000568078
0.000568074
0.000568073
0.000568071
0.000568072
0.000568077
0.000568086
0.000568097
0.000568108
0.000568108
0.000568099
0.000568096
0.000568099
0.000568104
0.000568111
0.000568111
0.000568103
0.000568092
0.000568085
0.00056808
0.000568078
0.000568076
0.000568078
0.000568082
0.00056809
0.000568101
0.000568112
0.000568123
0.000568131
0.000568139
0.000568145
0.00056815
0.000568154
0.000568157
0.00056816
0.000568163
0.000568165
0.000568166
0.000568168
0.000568169
0.00056817
0.000568171
0.000568172
0.000568172
0.000568173
0.000568173
0.000568174
0.000568174
0.000568174
0.000568175
0.000568175
0.000568175
0.000568176
0.000568176
0.000568176
0.000568176
0.000568177
0.000568177
0.000568177
0.000568177
0.000568177
0.000568177
0.000568177
0.000568177
0.000568177
0.000568177
0.000568177
0.000568177
0.000568177
0.000568177
0.000568177
0.000568177
0.000568177
0.000568177
0.000568177
0.000568176
0.000568175
0.000498608
0.000498584
0.000498564
0.000498548
0.000498528
0.000498529
0.000498525
0.000498524
0.000498516
0.000498524
0.000498531
0.000498542
0.000498555
0.000498566
0.000498574
0.000498581
0.000498586
0.00049859
0.000498579
0.000498555
0.000498536
0.000498526
0.000498512
0.000498517
0.000498518
0.000498518
0.00049851
0.00049852
0.000498528
0.00049854
0.000498553
0.000498565
0.00049856
0.000498541
0.000498532
0.000498537
0.000498546
0.000498554
0.000498551
0.00049854
0.000498523
0.000498526
0.000498525
0.000498524
0.000498516
0.000498525
0.000498534
0.000498545
0.000498557
0.000498569
0.000498579
0.000498587
0.000498594
0.000498599
0.000498603
0.000498606
0.000498609
0.000498611
0.000498613
0.000498614
0.000498615
0.000498616
0.000498617
0.000498618
0.000498618
0.000498619
0.000498619
0.00049862
0.00049862
0.00049862
0.000498621
0.000498621
0.000498621
0.000498621
0.000498621
0.000498621
0.000498622
0.000498622
0.000498622
0.000498622
0.000498622
0.000498622
0.000498622
0.000498622
0.000498622
0.000498622
0.000498622
0.000498622
0.000498622
0.000498622
0.000498622
0.000498622
0.000498622
0.000498622
0.000498622
0.000498622
0.000498622
0.000498622
0.000498621
0.000498619
0.000422809
0.000422765
0.00042272
0.000422723
0.000422699
0.000422741
0.000422756
0.000422759
0.000422703
0.00042273
0.000422748
0.000422763
0.000422777
0.000422788
0.000422795
0.000422801
0.000422805
0.000422808
0.000422789
0.000422745
0.000422699
0.000422707
0.000422688
0.000422734
0.000422752
0.000422755
0.0004227
0.000422728
0.000422746
0.000422762
0.000422776
0.000422787
0.000422774
0.000422735
0.000422702
0.000422709
0.000422721
0.000422731
0.000422723
0.000422727
0.000422702
0.000422744
0.00042276
0.000422762
0.000422706
0.000422733
0.000422751
0.000422766
0.00042278
0.000422792
0.000422801
0.000422807
0.000422812
0.000422816
0.000422819
0.000422822
0.000422823
0.000422825
0.000422826
0.000422827
0.000422827
0.000422828
0.000422828
0.000422829
0.000422829
0.000422829
0.00042283
0.00042283
0.00042283
0.00042283
0.00042283
0.00042283
0.000422831
0.000422831
0.000422831
0.000422831
0.000422831
0.000422831
0.000422831
0.000422831
0.000422831
0.000422831
0.000422831
0.000422831
0.000422831
0.000422831
0.000422831
0.000422831
0.000422831
0.000422831
0.000422831
0.000422831
0.000422831
0.000422831
0.000422831
0.000422831
0.000422831
0.000422831
0.00042283
0.000422828
0.000340534
0.000340482
0.000340354
0.000340459
0.000340447
0.000340631
0.000340709
0.000340725
0.000340397
0.000340445
0.00034048
0.000340501
0.000340516
0.000340525
0.000340532
0.000340536
0.000340538
0.000340539
0.000340507
0.000340475
0.000340341
0.000340449
0.000340442
0.000340629
0.000340708
0.000340723
0.000340395
0.000340443
0.000340479
0.000340501
0.000340515
0.000340524
0.000340497
0.00034047
0.000340353
0.000340351
0.000340365
0.000340377
0.000340359
0.000340473
0.000340457
0.000340638
0.000340715
0.00034073
0.000340401
0.000340448
0.000340484
0.000340504
0.000340519
0.000340529
0.000340536
0.000340541
0.000340544
0.000340547
0.000340548
0.00034055
0.000340551
0.000340551
0.000340552
0.000340552
0.000340553
0.000340553
0.000340553
0.000340553
0.000340554
0.000340554
0.000340554
0.000340554
0.000340554
0.000340554
0.000340554
0.000340554
0.000340554
0.000340554
0.000340554
0.000340554
0.000340554
0.000340554
0.000340554
0.000340554
0.000340554
0.000340554
0.000340554
0.000340554
0.000340554
0.000340554
0.000340554
0.000340554
0.000340554
0.000340554
0.000340554
0.000340554
0.000340554
0.000340554
0.000340554
0.000340554
0.000340554
0.000340554
0.000340553
0.00034055
0.000251882
0.000252139
0.000251853
0.000252373
0.000252464
0.000253054
0.000253284
0.000253337
0.00025173
0.000251687
0.000251727
0.000251751
0.000251764
0.000251771
0.000251775
0.000251777
0.000251778
0.000251777
0.000251723
0.000252138
0.000251849
0.00025237
0.000252464
0.000253054
0.000253284
0.000253336
0.000251727
0.000251685
0.000251725
0.00025175
0.000251763
0.000251768
0.000251718
0.000252136
0.000251868
0.000251829
0.000251838
0.000251847
0.000251818
0.000252384
0.000252475
0.000253062
0.000253291
0.000253342
0.000251733
0.000251689
0.000251729
0.000251753
0.000251766
0.000251774
0.000251778
0.000251781
0.000251782
0.000251783
0.000251784
0.000251784
0.000251785
0.000251785
0.000251785
0.000251785
0.000251785
0.000251786
0.000251786
0.000251786
0.000251786
0.000251786
0.000251786
0.000251786
0.000251786
0.000251786
0.000251786
0.000251786
0.000251786
0.000251786
0.000251786
0.000251786
0.000251786
0.000251786
0.000251786
0.000251786
0.000251786
0.000251786
0.000251786
0.000251786
0.000251786
0.000251786
0.000251786
0.000251786
0.000251786
0.000251786
0.000251786
0.000251786
0.000251786
0.000251786
0.000251786
0.000251786
0.000251786
0.000251786
0.000251784
0.000251781
0.000157824
0.000160298
0.000160298
0.000162118
0.000162407
0.000163783
0.000164153
0.000164241
0.00015779
0.000157114
0.000157054
0.000157057
0.000157062
0.000157064
0.000157064
0.000157065
0.000157065
0.000157062
0.000156997
0.000160206
0.000160289
0.000162119
0.000162411
0.000163785
0.000164153
0.000164239
0.000157788
0.000157111
0.000157052
0.000157054
0.00015706
0.00015706
0.000156995
0.000160208
0.000160308
0.000160323
0.000160336
0.000160342
0.000160308
0.000162133
0.000162417
0.00016379
0.000164159
0.000164245
0.000157792
0.000157114
0.000157054
0.000157057
0.000157062
0.000157065
0.000157066
0.000157067
0.000157067
0.000157067
0.000157068
0.000157068
0.000157068
0.000157068
0.000157068
0.000157068
0.000157068
0.000157068
0.000157068
0.000157068
0.000157068
0.000157068
0.000157068
0.000157068
0.000157068
0.000157068
0.000157068
0.000157068
0.000157068
0.000157068
0.000157068
0.000157068
0.000157068
0.000157068
0.000157068
0.000157068
0.000157068
0.000157068
0.000157068
0.000157068
0.000157068
0.000157068
0.000157068
0.000157068
0.000157068
0.000157068
0.000157068
0.000157068
0.000157068
0.000157068
0.000157068
0.000157068
0.000157068
0.000157068
0.000157067
0.000157064
6.60309e-05
7.273e-05
7.23474e-05
7.56227e-05
7.57226e-05
7.85987e-05
7.89737e-05
7.90292e-05
6.59922e-05
6.56252e-05
6.56105e-05
6.56127e-05
6.56143e-05
6.56153e-05
6.56164e-05
6.56173e-05
6.56181e-05
6.56185e-05
6.56183e-05
7.273e-05
7.23517e-05
7.56242e-05
7.57227e-05
7.85936e-05
7.89668e-05
7.90214e-05
6.59919e-05
6.56251e-05
6.56108e-05
6.56135e-05
6.56151e-05
6.56158e-05
6.56158e-05
7.27275e-05
7.23442e-05
7.2305e-05
7.2305e-05
7.2307e-05
7.23152e-05
7.56272e-05
7.57275e-05
7.8602e-05
7.89781e-05
7.90344e-05
6.59908e-05
6.5624e-05
6.56096e-05
6.56121e-05
6.56138e-05
6.56145e-05
6.56149e-05
6.56151e-05
6.56152e-05
6.56153e-05
6.56153e-05
6.56154e-05
6.56154e-05
6.56154e-05
6.56154e-05
6.56154e-05
6.56154e-05
6.56154e-05
6.56155e-05
6.56155e-05
6.56155e-05
6.56155e-05
6.56155e-05
6.56156e-05
6.56156e-05
6.56156e-05
6.56156e-05
6.56156e-05
6.56155e-05
6.56155e-05
6.56155e-05
6.56155e-05
6.56155e-05
6.56155e-05
6.56155e-05
6.56155e-05
6.56155e-05
6.56155e-05
6.56155e-05
6.56156e-05
6.56156e-05
6.56156e-05
6.56156e-05
6.56156e-05
6.56156e-05
6.56156e-05
6.56156e-05
6.56156e-05
6.56156e-05
6.56156e-05
6.56156e-05
6.56156e-05
6.56156e-05
6.56156e-05
6.56157e-05
6.56161e-05
)
;

boundaryField
{
    inlet
    {
        type            cyclic;
    }
    outlet
    {
        type            cyclic;
    }
    bottomWall
    {
        type            nutkWallFunction;
        Cmu             0.09;
        kappa           0.41;
        E               9.8;
        value           nonuniform List<scalar> 
100
(
2.33507e-08
0
0
0
0
3.23793e-08
0
0
0
0
0
0
0
0
0
0
3.29917e-08
4.44199e-08
4.68466e-08
0
0
0
0
0
0
0
0
0
0
0
0
0
0
0
0
0
0
0
0
0
0
0
0
0
0
0
0
0
0
0
0
0
0
0
0
0
0
0
0
0
0
0
0
0
0
0
0
0
0
0
0
0
0
0
0
0
0
0
0
0
0
0
0
0
0
0
0
0
0
0
0
0
0
0
0
0
0
0
0
0
)
;
    }
    topWall
    {
        type            nutkWallFunction;
        Cmu             0.09;
        kappa           0.41;
        E               9.8;
        value           nonuniform List<scalar> 
100
(
0
0
0
0
0
2.97347e-08
4.1736e-08
4.4317e-08
0
0
0
0
0
0
0
0
0
0
0
0
0
0
0
3.02057e-08
4.1957e-08
4.44573e-08
0
0
0
0
0
0
0
0
0
0
0
0
0
0
0
3.01556e-08
4.18857e-08
4.44296e-08
0
0
0
0
0
0
0
0
0
0
0
0
0
0
0
0
0
0
0
0
0
0
0
0
0
0
0
0
0
0
0
0
0
0
0
0
0
0
0
0
0
0
0
0
0
0
0
0
0
0
0
0
0
0
0
0
)
;
    }
    frontAndBack
    {
        type            empty;
    }
}


// ************************************************************************* //
