/*--------------------------------*- C++ -*----------------------------------*\
  =========                 |
  \\      /  F ield         | OpenFOAM: The Open Source CFD Toolbox
   \\    /   O peration     | Website:  https://openfoam.org
    \\  /    A nd           | Version:  11
     \\/     M anipulation  |
\*---------------------------------------------------------------------------*/
FoamFile
{
    format      ascii;
    class       volScalarField;
    location    "1000";
    object      omega;
}
// * * * * * * * * * * * * * * * * * * * * * * * * * * * * * * * * * * * * * //

dimensions      [0 0 -1 0 0 0 0];

internalField   nonuniform List<scalar> 
5000
(
13333.3
15656.6
13333.3
13333.3
13333.3
13333.3
15663.8
15682.4
13333.3
13333.3
13333.3
13333.3
13333.3
13333.3
13333.3
13333.3
13333.3
13333.3
13333.3
15670.2
15684.1
15685.2
15685.2
15685
15684.7
15684.5
15684.4
15684.3
15684.3
15684.2
15684.1
15684.1
15684.3
15684.6
15684.9
15685
15685.1
15685
15686.8
13333.3
13333.3
13333.3
13333.3
13333.3
13333.3
13333.3
13333.3
13333.3
13333.3
13333.3
13333.3
13333.3
13333.3
13333.3
13333.3
13333.3
13333.3
13333.3
13333.3
13333.3
13333.3
13333.3
13333.3
13333.3
13333.3
13333.3
13333.3
13333.3
13333.3
13333.3
13333.3
13333.3
13333.3
13333.3
13333.3
13333.3
13333.3
13333.3
13333.3
13333.3
13333.3
13333.3
13333.3
13333.3
13333.3
13333.3
13333.3
13333.3
13333.3
13333.3
13333.3
13333.3
13333.3
13333.3
13333.3
13333.3
13333.3
13333.3
13333.3
13333.3
5786.1
5943.5
5825.62
5783.93
5776.73
5765.73
5942
5965.82
5828.58
5819.61
5820
5820.29
5820.32
5821.14
5785.98
5777.7
5766.12
5760.06
5758.56
5941.01
5963.87
5965.88
5965.74
5965.52
5965.37
5965.29
5965.28
5965.27
5965.26
5965.24
5965.23
5965.21
5965.2
5965.21
5965.25
5965.29
5965.32
5965.4
5967.97
5828.35
5819.33
5819.79
5820.1
5820.15
5820.15
5820.14
5820.13
5820.11
5820.09
5820.08
5820.07
5820.07
5820.06
5820.06
5820.06
5820.06
5820.06
5820.06
5820.06
5820.06
5820.06
5820.07
5820.07
5820.07
5820.07
5820.07
5820.07
5820.07
5820.07
5820.07
5820.07
5820.07
5820.07
5820.07
5820.07
5820.07
5820.07
5820.07
5820.07
5820.08
5820.08
5820.08
5820.08
5820.08
5820.08
5820.08
5820.08
5820.08
5820.08
5820.08
5820.08
5820.08
5820.08
5820.08
5820.08
5820.08
5820.08
5820.08
5820.11
5820.86
3489.48
3505.51
3496.96
3489.77
3487.65
3485.59
3505.68
3510.87
3498.05
3496.64
3496.7
3496.73
3496.73
3497.11
3490.51
3488.06
3485.87
3484.15
3483.56
3505.31
3510.66
3511.35
3511.32
3511.24
3511.16
3511.11
3511.08
3511.05
3511.03
3511
3510.98
3510.97
3510.96
3510.98
3511.01
3511.03
3511.05
3511.07
3511.56
3498.01
3496.54
3496.61
3496.64
3496.63
3496.61
3496.59
3496.56
3496.53
3496.51
3496.49
3496.48
3496.48
3496.47
3496.47
3496.47
3496.47
3496.47
3496.47
3496.47
3496.47
3496.47
3496.47
3496.47
3496.47
3496.47
3496.47
3496.47
3496.47
3496.47
3496.47
3496.47
3496.47
3496.47
3496.47
3496.47
3496.47
3496.47
3496.47
3496.47
3496.47
3496.47
3496.47
3496.47
3496.47
3496.47
3496.47
3496.47
3496.48
3496.48
3496.48
3496.48
3496.48
3496.48
3496.48
3496.48
3496.48
3496.48
3496.48
3496.51
3496.99
2454.12
2456.16
2455.68
2454.39
2453.88
2453.44
2456.35
2457.45
2456.1
2456.02
2456.07
2456.09
2456.1
2456.21
2454.79
2454.14
2453.63
2453.12
2452.95
2456.33
2457.55
2457.76
2457.77
2457.76
2457.73
2457.7
2457.68
2457.66
2457.64
2457.61
2457.6
2457.58
2457.58
2457.58
2457.6
2457.61
2457.61
2457.62
2457.7
2456.13
2456
2456.03
2456.04
2456.04
2456.03
2456.02
2456
2455.98
2455.96
2455.95
2455.94
2455.93
2455.93
2455.93
2455.93
2455.92
2455.92
2455.92
2455.92
2455.92
2455.92
2455.92
2455.92
2455.92
2455.92
2455.92
2455.92
2455.92
2455.92
2455.92
2455.92
2455.92
2455.92
2455.92
2455.92
2455.92
2455.92
2455.92
2455.92
2455.92
2455.92
2455.92
2455.92
2455.92
2455.92
2455.92
2455.92
2455.92
2455.92
2455.92
2455.92
2455.92
2455.92
2455.92
2455.92
2455.92
2455.92
2455.93
2455.95
2456.12
1876.92
1877.19
1877.25
1877.01
1876.9
1876.77
1877.25
1877.49
1877.41
1877.48
1877.52
1877.54
1877.56
1877.59
1877.27
1877.1
1876.93
1876.76
1876.71
1877.33
1877.61
1877.68
1877.69
1877.7
1877.7
1877.69
1877.68
1877.66
1877.65
1877.63
1877.62
1877.61
1877.6
1877.6
1877.61
1877.61
1877.61
1877.61
1877.63
1877.48
1877.51
1877.52
1877.52
1877.53
1877.53
1877.53
1877.52
1877.51
1877.5
1877.49
1877.48
1877.48
1877.48
1877.47
1877.47
1877.47
1877.47
1877.47
1877.46
1877.46
1877.46
1877.46
1877.46
1877.46
1877.46
1877.46
1877.46
1877.46
1877.46
1877.46
1877.46
1877.46
1877.46
1877.46
1877.46
1877.46
1877.46
1877.46
1877.46
1877.46
1877.46
1877.46
1877.46
1877.46
1877.46
1877.46
1877.46
1877.46
1877.46
1877.46
1877.46
1877.46
1877.46
1877.46
1877.46
1877.46
1877.46
1877.46
1877.47
1877.52
1510.35
1510.37
1510.4
1510.35
1510.32
1510.27
1510.35
1510.41
1510.45
1510.5
1510.52
1510.54
1510.56
1510.58
1510.51
1510.47
1510.41
1510.35
1510.34
1510.46
1510.53
1510.55
1510.57
1510.58
1510.59
1510.59
1510.59
1510.58
1510.57
1510.56
1510.55
1510.54
1510.54
1510.53
1510.53
1510.54
1510.53
1510.53
1510.54
1510.55
1510.56
1510.55
1510.55
1510.56
1510.57
1510.57
1510.57
1510.56
1510.56
1510.55
1510.55
1510.54
1510.54
1510.54
1510.54
1510.53
1510.53
1510.53
1510.53
1510.53
1510.53
1510.53
1510.53
1510.53
1510.53
1510.53
1510.53
1510.53
1510.53
1510.53
1510.53
1510.53
1510.52
1510.52
1510.52
1510.52
1510.52
1510.52
1510.52
1510.52
1510.52
1510.52
1510.52
1510.52
1510.52
1510.52
1510.52
1510.52
1510.52
1510.52
1510.52
1510.52
1510.52
1510.52
1510.52
1510.52
1510.52
1510.52
1510.53
1510.54
1256.53
1256.52
1256.52
1256.5
1256.48
1256.46
1256.47
1256.49
1256.52
1256.54
1256.56
1256.57
1256.59
1256.61
1256.6
1256.6
1256.57
1256.55
1256.55
1256.57
1256.59
1256.6
1256.62
1256.63
1256.64
1256.65
1256.65
1256.65
1256.64
1256.64
1256.63
1256.63
1256.62
1256.62
1256.62
1256.62
1256.62
1256.62
1256.62
1256.63
1256.63
1256.62
1256.61
1256.61
1256.62
1256.62
1256.62
1256.62
1256.62
1256.62
1256.62
1256.61
1256.61
1256.61
1256.61
1256.61
1256.6
1256.6
1256.6
1256.6
1256.6
1256.6
1256.6
1256.6
1256.6
1256.6
1256.6
1256.6
1256.6
1256.6
1256.6
1256.6
1256.6
1256.6
1256.6
1256.59
1256.59
1256.59
1256.59
1256.59
1256.59
1256.59
1256.59
1256.59
1256.59
1256.59
1256.59
1256.59
1256.59
1256.59
1256.59
1256.59
1256.59
1256.59
1256.59
1256.59
1256.59
1256.59
1256.6
1256.59
1069.77
1069.76
1069.75
1069.74
1069.72
1069.71
1069.7
1069.71
1069.73
1069.74
1069.74
1069.76
1069.77
1069.79
1069.8
1069.8
1069.79
1069.78
1069.78
1069.78
1069.79
1069.8
1069.81
1069.82
1069.83
1069.84
1069.85
1069.85
1069.85
1069.85
1069.85
1069.84
1069.84
1069.84
1069.84
1069.84
1069.84
1069.84
1069.84
1069.84
1069.83
1069.82
1069.81
1069.81
1069.82
1069.82
1069.82
1069.82
1069.82
1069.82
1069.82
1069.82
1069.82
1069.81
1069.81
1069.81
1069.81
1069.81
1069.81
1069.81
1069.81
1069.81
1069.81
1069.8
1069.8
1069.8
1069.8
1069.8
1069.8
1069.8
1069.8
1069.8
1069.8
1069.8
1069.8
1069.8
1069.8
1069.8
1069.8
1069.8
1069.8
1069.8
1069.8
1069.8
1069.8
1069.8
1069.8
1069.8
1069.8
1069.8
1069.8
1069.8
1069.8
1069.8
1069.8
1069.8
1069.8
1069.8
1069.8
1069.8
926.096
926.085
926.076
926.063
926.05
926.036
926.03
926.033
926.041
926.045
926.049
926.058
926.071
926.084
926.094
926.097
926.093
926.092
926.09
926.092
926.097
926.104
926.112
926.122
926.132
926.142
926.149
926.154
926.156
926.156
926.155
926.154
926.152
926.152
926.151
926.151
926.15
926.15
926.153
926.152
926.144
926.133
926.126
926.123
926.124
926.126
926.127
926.128
926.129
926.129
926.129
926.128
926.127
926.126
926.126
926.125
926.124
926.123
926.122
926.121
926.12
926.12
926.119
926.119
926.118
926.118
926.117
926.117
926.117
926.116
926.116
926.116
926.115
926.115
926.115
926.114
926.114
926.114
926.113
926.113
926.113
926.112
926.112
926.112
926.111
926.111
926.111
926.111
926.11
926.11
926.11
926.11
926.109
926.109
926.109
926.109
926.109
926.109
926.11
926.108
811.803
811.795
811.787
811.777
811.764
811.752
811.745
811.745
811.747
811.748
811.75
811.755
811.765
811.775
811.785
811.789
811.788
811.789
811.788
811.788
811.792
811.798
811.804
811.812
811.821
811.83
811.838
811.843
811.847
811.849
811.85
811.85
811.85
811.85
811.851
811.851
811.85
811.851
811.852
811.852
811.845
811.837
811.829
811.826
811.825
811.826
811.827
811.828
811.828
811.829
811.829
811.829
811.829
811.828
811.828
811.827
811.826
811.826
811.825
811.824
811.824
811.823
811.823
811.822
811.822
811.821
811.821
811.821
811.82
811.82
811.819
811.819
811.819
811.818
811.818
811.818
811.817
811.817
811.817
811.816
811.816
811.815
811.815
811.815
811.814
811.814
811.814
811.813
811.813
811.813
811.813
811.812
811.812
811.812
811.812
811.811
811.811
811.811
811.812
811.811
718.544
718.538
718.532
718.523
718.513
718.502
718.494
718.492
718.492
718.491
718.491
718.493
718.5
718.508
718.515
718.52
718.521
718.522
718.522
718.523
718.526
718.53
718.535
718.541
718.548
718.556
718.564
718.57
718.574
718.577
718.58
718.581
718.582
718.583
718.584
718.584
718.585
718.585
718.587
718.587
718.582
718.575
718.569
718.565
718.563
718.563
718.563
718.564
718.565
718.565
718.566
718.566
718.566
718.566
718.566
718.565
718.565
718.564
718.564
718.563
718.563
718.562
718.562
718.561
718.561
718.561
718.56
718.56
718.56
718.559
718.559
718.558
718.558
718.558
718.557
718.557
718.556
718.556
718.556
718.555
718.555
718.555
718.554
718.554
718.553
718.553
718.553
718.552
718.552
718.552
718.551
718.551
718.551
718.55
718.55
718.55
718.55
718.55
718.551
718.549
640.971
640.967
640.962
640.956
640.947
640.937
640.93
640.927
640.925
640.922
640.921
640.922
640.926
640.931
640.937
640.941
640.943
640.945
640.945
640.946
640.948
640.951
640.955
640.96
640.966
640.973
640.98
640.985
640.99
640.994
640.997
640.999
641.001
641.003
641.004
641.005
641.006
641.007
641.008
641.009
641.006
641.001
640.995
640.992
640.989
640.988
640.988
640.988
640.989
640.989
640.99
640.99
640.991
640.991
640.991
640.991
640.99
640.99
640.99
640.989
640.989
640.989
640.988
640.988
640.988
640.987
640.987
640.986
640.986
640.986
640.985
640.985
640.985
640.984
640.984
640.983
640.983
640.983
640.982
640.982
640.981
640.981
640.981
640.98
640.98
640.979
640.979
640.979
640.978
640.978
640.978
640.977
640.977
640.977
640.976
640.976
640.976
640.976
640.976
640.975
575.525
575.522
575.519
575.514
575.507
575.498
575.492
575.488
575.485
575.482
575.479
575.479
575.481
575.484
575.489
575.492
575.494
575.496
575.496
575.497
575.499
575.502
575.505
575.509
575.513
575.519
575.525
575.53
575.535
575.539
575.542
575.545
575.547
575.549
575.551
575.553
575.554
575.555
575.557
575.558
575.556
575.552
575.548
575.545
575.543
575.541
575.54
575.54
575.54
575.541
575.542
575.542
575.542
575.543
575.543
575.543
575.543
575.543
575.542
575.542
575.542
575.542
575.541
575.541
575.541
575.54
575.54
575.54
575.539
575.539
575.539
575.538
575.538
575.537
575.537
575.537
575.536
575.536
575.536
575.535
575.535
575.534
575.534
575.534
575.533
575.533
575.532
575.532
575.532
575.531
575.531
575.531
575.53
575.53
575.53
575.529
575.529
575.529
575.529
575.529
519.762
519.759
519.757
519.753
519.747
519.74
519.734
519.731
519.727
519.724
519.721
519.719
519.72
519.722
519.725
519.727
519.729
519.731
519.731
519.732
519.734
519.736
519.738
519.742
519.745
519.749
519.754
519.759
519.763
519.767
519.771
519.774
519.776
519.779
519.781
519.783
519.784
519.786
519.788
519.789
519.788
519.786
519.783
519.78
519.778
519.776
519.775
519.775
519.775
519.775
519.775
519.776
519.776
519.777
519.777
519.777
519.777
519.777
519.777
519.777
519.777
519.777
519.776
519.776
519.776
519.776
519.775
519.775
519.775
519.774
519.774
519.774
519.773
519.773
519.773
519.772
519.772
519.771
519.771
519.771
519.77
519.77
519.77
519.769
519.769
519.768
519.768
519.768
519.767
519.767
519.767
519.766
519.766
519.766
519.765
519.765
519.765
519.765
519.765
519.764
471.959
471.957
471.955
471.952
471.947
471.942
471.937
471.933
471.93
471.926
471.923
471.921
471.92
471.921
471.923
471.924
471.926
471.927
471.928
471.929
471.93
471.932
471.934
471.936
471.939
471.942
471.946
471.95
471.954
471.958
471.961
471.964
471.967
471.97
471.972
471.974
471.976
471.977
471.979
471.981
471.981
471.979
471.977
471.975
471.973
471.972
471.971
471.97
471.97
471.97
471.97
471.971
471.971
471.971
471.972
471.972
471.972
471.972
471.972
471.972
471.972
471.972
471.972
471.972
471.971
471.971
471.971
471.971
471.97
471.97
471.97
471.97
471.969
471.969
471.969
471.968
471.968
471.967
471.967
471.967
471.966
471.966
471.966
471.965
471.965
471.965
471.964
471.964
471.964
471.963
471.963
471.963
471.962
471.962
471.962
471.961
471.961
471.961
471.961
471.96
430.878
430.877
430.875
430.873
430.87
430.865
430.861
430.857
430.854
430.851
430.847
430.845
430.844
430.844
430.844
430.845
430.846
430.847
430.848
430.848
430.85
430.851
430.853
430.855
430.856
430.859
430.862
430.866
430.869
430.872
430.876
430.879
430.881
430.884
430.886
430.889
430.89
430.892
430.894
430.896
430.896
430.895
430.894
430.892
430.891
430.89
430.889
430.888
430.888
430.888
430.888
430.888
430.889
430.889
430.889
430.889
430.89
430.89
430.89
430.89
430.89
430.89
430.89
430.89
430.89
430.889
430.889
430.889
430.889
430.888
430.888
430.888
430.888
430.887
430.887
430.887
430.887
430.886
430.886
430.886
430.885
430.885
430.885
430.884
430.884
430.884
430.883
430.883
430.883
430.882
430.882
430.882
430.881
430.881
430.881
430.88
430.88
430.88
430.88
430.88
395.614
395.613
395.612
395.61
395.607
395.604
395.6
395.597
395.594
395.591
395.588
395.585
395.583
395.583
395.583
395.583
395.584
395.584
395.585
395.585
395.586
395.587
395.588
395.59
395.591
395.593
395.596
395.599
395.601
395.604
395.607
395.61
395.612
395.615
395.618
395.62
395.622
395.623
395.625
395.627
395.628
395.628
395.627
395.626
395.625
395.624
395.623
395.622
395.622
395.622
395.622
395.622
395.622
395.623
395.623
395.623
395.623
395.624
395.624
395.624
395.624
395.624
395.624
395.624
395.624
395.624
395.623
395.623
395.623
395.623
395.623
395.622
395.622
395.622
395.622
395.622
395.621
395.621
395.621
395.62
395.62
395.62
395.62
395.619
395.619
395.619
395.618
395.618
395.618
395.618
395.617
395.617
395.617
395.616
395.616
395.616
395.616
395.615
395.615
395.615
365.491
365.49
365.489
365.488
365.486
365.483
365.48
365.478
365.475
365.472
365.469
365.466
365.465
365.463
365.463
365.463
365.463
365.463
365.463
365.464
365.464
365.465
365.466
365.467
365.468
365.47
365.472
365.474
365.476
365.479
365.481
365.483
365.486
365.488
365.491
365.493
365.495
365.497
365.498
365.5
365.501
365.501
365.501
365.501
365.5
365.499
365.498
365.498
365.497
365.497
365.497
365.497
365.497
365.498
365.498
365.498
365.498
365.499
365.499
365.499
365.499
365.499
365.499
365.499
365.499
365.499
365.499
365.499
365.499
365.499
365.498
365.498
365.498
365.498
365.498
365.498
365.497
365.497
365.497
365.497
365.497
365.496
365.496
365.496
365.496
365.495
365.495
365.495
365.495
365.494
365.494
365.494
365.493
365.493
365.493
365.493
365.492
365.492
365.492
365.492
340
340
339.999
339.998
339.996
339.994
339.992
339.99
339.987
339.985
339.982
339.979
339.977
339.976
339.975
339.975
339.974
339.974
339.974
339.974
339.975
339.976
339.976
339.977
339.977
339.979
339.98
339.982
339.984
339.986
339.988
339.99
339.992
339.994
339.997
339.999
340
340.002
340.004
340.006
340.007
340.007
340.007
340.007
340.007
340.006
340.005
340.005
340.005
340.004
340.004
340.004
340.005
340.005
340.005
340.005
340.005
340.006
340.006
340.006
340.006
340.006
340.006
340.006
340.006
340.006
340.006
340.006
340.006
340.006
340.006
340.006
340.006
340.006
340.006
340.006
340.006
340.005
340.005
340.005
340.005
340.005
340.004
340.004
340.004
340.004
340.004
340.003
340.003
340.003
340.003
340.003
340.002
340.002
340.002
340.002
340.001
340.001
340.001
340.001
318.752
318.752
318.751
318.751
318.749
318.747
318.746
318.744
318.742
318.74
318.737
318.735
318.733
318.731
318.73
318.729
318.729
318.728
318.728
318.728
318.728
318.729
318.729
318.73
318.73
318.731
318.732
318.733
318.735
318.736
318.738
318.74
318.742
318.744
318.746
318.748
318.749
318.751
318.753
318.754
318.755
318.756
318.756
318.756
318.756
318.756
318.756
318.755
318.755
318.755
318.754
318.755
318.755
318.755
318.755
318.755
318.755
318.756
318.756
318.756
318.756
318.756
318.756
318.756
318.757
318.757
318.757
318.757
318.757
318.757
318.757
318.757
318.757
318.757
318.757
318.757
318.756
318.756
318.756
318.756
318.756
318.756
318.756
318.756
318.755
318.755
318.755
318.755
318.755
318.755
318.754
318.754
318.754
318.754
318.754
318.753
318.753
318.753
318.753
318.753
301.448
301.448
301.447
301.447
301.446
301.444
301.443
301.441
301.44
301.438
301.435
301.433
301.431
301.43
301.428
301.427
301.426
301.426
301.425
301.425
301.425
301.426
301.426
301.426
301.426
301.427
301.428
301.429
301.43
301.431
301.432
301.434
301.436
301.437
301.439
301.441
301.442
301.444
301.445
301.447
301.448
301.449
301.449
301.449
301.45
301.449
301.449
301.449
301.448
301.448
301.448
301.448
301.448
301.448
301.448
301.449
301.449
301.449
301.449
301.449
301.45
301.45
301.45
301.45
301.45
301.45
301.451
301.451
301.451
301.451
301.451
301.451
301.451
301.451
301.451
301.451
301.451
301.451
301.451
301.451
301.451
301.451
301.451
301.451
301.45
301.45
301.45
301.45
301.45
301.45
301.45
301.449
301.449
301.449
301.449
301.449
301.449
301.448
301.448
301.448
287.857
287.857
287.857
287.856
287.855
287.854
287.853
287.852
287.85
287.849
287.847
287.845
287.843
287.841
287.84
287.839
287.838
287.837
287.837
287.836
287.836
287.836
287.836
287.837
287.837
287.837
287.838
287.838
287.839
287.84
287.841
287.842
287.843
287.845
287.846
287.848
287.849
287.85
287.852
287.853
287.854
287.855
287.856
287.856
287.856
287.856
287.856
287.856
287.856
287.856
287.856
287.855
287.855
287.855
287.856
287.856
287.856
287.856
287.856
287.857
287.857
287.857
287.857
287.858
287.858
287.858
287.858
287.858
287.858
287.859
287.859
287.859
287.859
287.859
287.859
287.859
287.859
287.859
287.859
287.859
287.859
287.859
287.859
287.859
287.859
287.859
287.859
287.859
287.859
287.859
287.859
287.858
287.858
287.858
287.858
287.858
287.858
287.858
287.857
287.857
277.807
277.807
277.806
277.806
277.805
277.804
277.803
277.802
277.801
277.8
277.798
277.796
277.794
277.793
277.791
277.79
277.789
277.788
277.788
277.787
277.787
277.787
277.787
277.787
277.787
277.787
277.788
277.788
277.789
277.789
277.79
277.791
277.792
277.793
277.794
277.796
277.797
277.798
277.799
277.8
277.801
277.802
277.803
277.803
277.804
277.804
277.804
277.804
277.804
277.803
277.803
277.803
277.803
277.803
277.803
277.803
277.803
277.804
277.804
277.804
277.804
277.805
277.805
277.805
277.806
277.806
277.806
277.806
277.807
277.807
277.807
277.807
277.807
277.808
277.808
277.808
277.808
277.808
277.808
277.808
277.808
277.808
277.808
277.808
277.808
277.808
277.808
277.808
277.808
277.808
277.808
277.808
277.808
277.807
277.807
277.807
277.807
277.807
277.807
277.807
271.171
271.171
271.171
271.171
271.17
271.17
271.169
271.168
271.167
271.166
271.164
271.162
271.161
271.159
271.158
271.156
271.155
271.154
271.154
271.153
271.153
271.153
271.153
271.153
271.153
271.153
271.153
271.154
271.154
271.154
271.155
271.155
271.156
271.157
271.158
271.159
271.16
271.161
271.162
271.163
271.164
271.165
271.166
271.166
271.166
271.167
271.167
271.167
271.166
271.166
271.166
271.166
271.166
271.166
271.166
271.166
271.166
271.166
271.167
271.167
271.167
271.168
271.168
271.169
271.169
271.169
271.17
271.17
271.17
271.171
271.171
271.171
271.171
271.171
271.172
271.172
271.172
271.172
271.172
271.172
271.172
271.172
271.172
271.173
271.173
271.173
271.172
271.172
271.172
271.172
271.172
271.172
271.172
271.172
271.172
271.172
271.172
271.172
271.171
271.171
267.87
267.87
267.869
267.869
267.869
267.868
267.868
267.867
267.866
267.865
267.863
267.862
267.86
267.858
267.857
267.856
267.855
267.854
267.853
267.853
267.853
267.853
267.852
267.852
267.852
267.852
267.853
267.853
267.853
267.853
267.853
267.854
267.854
267.855
267.856
267.856
267.857
267.858
267.859
267.86
267.861
267.861
267.862
267.862
267.863
267.863
267.863
267.863
267.863
267.863
267.863
267.862
267.862
267.862
267.862
267.863
267.863
267.863
267.864
267.864
267.864
267.865
267.865
267.866
267.866
267.867
267.867
267.867
267.868
267.868
267.868
267.869
267.869
267.869
267.869
267.87
267.87
267.87
267.87
267.87
267.87
267.87
267.87
267.871
267.871
267.871
267.871
267.871
267.871
267.87
267.87
267.87
267.87
267.87
267.87
267.87
267.87
267.87
267.87
267.87
267.871
267.871
267.87
267.87
267.87
267.869
267.869
267.868
267.867
267.866
267.864
267.863
267.861
267.86
267.859
267.857
267.856
267.855
267.855
267.855
267.854
267.854
267.854
267.854
267.854
267.854
267.854
267.854
267.854
267.854
267.854
267.854
267.855
267.855
267.856
267.856
267.857
267.857
267.858
267.859
267.86
267.861
267.861
267.862
267.862
267.862
267.862
267.862
267.862
267.862
267.862
267.862
267.862
267.862
267.862
267.862
267.862
267.863
267.863
267.864
267.864
267.865
267.865
267.866
267.866
267.867
267.867
267.868
267.868
267.868
267.869
267.869
267.869
267.87
267.87
267.87
267.87
267.871
267.871
267.871
267.871
267.871
267.871
267.871
267.871
267.871
267.871
267.871
267.871
267.871
267.871
267.871
267.871
267.871
267.871
267.871
267.871
267.871
267.87
267.87
271.174
271.174
271.174
271.174
271.173
271.173
271.172
271.171
271.17
271.169
271.168
271.166
271.165
271.163
271.162
271.161
271.16
271.159
271.159
271.159
271.159
271.159
271.159
271.159
271.159
271.159
271.158
271.158
271.158
271.158
271.158
271.158
271.158
271.158
271.159
271.159
271.159
271.16
271.161
271.161
271.162
271.163
271.163
271.164
271.164
271.164
271.164
271.164
271.164
271.164
271.164
271.163
271.163
271.164
271.164
271.164
271.164
271.165
271.165
271.166
271.167
271.167
271.168
271.168
271.169
271.17
271.17
271.171
271.171
271.171
271.172
271.172
271.173
271.173
271.173
271.173
271.174
271.174
271.174
271.174
271.174
271.174
271.174
271.175
271.175
271.175
271.175
271.175
271.175
271.175
271.175
271.174
271.174
271.174
271.174
271.174
271.174
271.174
271.174
271.174
277.811
277.811
277.811
277.811
277.81
277.81
277.809
277.808
277.807
277.806
277.805
277.803
277.801
277.8
277.799
277.798
277.797
277.796
277.796
277.796
277.796
277.796
277.796
277.796
277.797
277.796
277.796
277.796
277.796
277.795
277.795
277.795
277.795
277.795
277.795
277.796
277.796
277.796
277.797
277.798
277.798
277.799
277.799
277.8
277.8
277.8
277.8
277.8
277.8
277.799
277.799
277.799
277.799
277.799
277.799
277.8
277.8
277.801
277.802
277.802
277.803
277.804
277.804
277.805
277.806
277.806
277.807
277.808
277.808
277.808
277.809
277.809
277.81
277.81
277.81
277.81
277.811
277.811
277.811
277.811
277.811
277.811
277.811
277.812
277.812
277.812
277.812
277.812
277.812
277.812
277.812
277.811
277.811
277.811
277.811
277.811
277.811
277.811
277.811
277.811
287.863
287.863
287.863
287.863
287.862
287.862
287.861
287.86
287.859
287.857
287.856
287.854
287.853
287.851
287.85
287.849
287.849
287.848
287.848
287.849
287.849
287.849
287.849
287.849
287.849
287.849
287.849
287.849
287.848
287.848
287.847
287.847
287.847
287.847
287.847
287.847
287.848
287.848
287.849
287.849
287.85
287.85
287.851
287.851
287.851
287.851
287.851
287.851
287.85
287.85
287.85
287.85
287.85
287.85
287.851
287.851
287.852
287.853
287.853
287.854
287.855
287.856
287.857
287.857
287.858
287.859
287.859
287.86
287.86
287.861
287.861
287.862
287.862
287.862
287.863
287.863
287.863
287.863
287.863
287.864
287.864
287.864
287.864
287.864
287.864
287.864
287.864
287.864
287.864
287.864
287.864
287.864
287.863
287.863
287.863
287.863
287.863
287.863
287.863
287.863
301.456
301.456
301.456
301.455
301.455
301.454
301.453
301.452
301.45
301.448
301.447
301.445
301.443
301.442
301.441
301.44
301.44
301.44
301.441
301.441
301.442
301.442
301.442
301.442
301.442
301.442
301.442
301.441
301.441
301.44
301.439
301.439
301.439
301.439
301.439
301.439
301.44
301.44
301.441
301.441
301.442
301.442
301.443
301.443
301.443
301.443
301.442
301.442
301.442
301.441
301.441
301.441
301.441
301.442
301.442
301.443
301.444
301.445
301.446
301.447
301.448
301.449
301.449
301.45
301.451
301.452
301.452
301.453
301.453
301.454
301.454
301.455
301.455
301.455
301.455
301.456
301.456
301.456
301.456
301.456
301.456
301.456
301.456
301.456
301.456
301.456
301.456
301.456
301.456
301.456
301.456
301.456
301.456
301.456
301.456
301.455
301.455
301.455
301.455
301.455
318.762
318.762
318.761
318.761
318.76
318.759
318.758
318.756
318.754
318.753
318.751
318.749
318.747
318.746
318.745
318.745
318.745
318.745
318.746
318.747
318.748
318.749
318.749
318.749
318.749
318.748
318.748
318.747
318.746
318.745
318.745
318.744
318.745
318.745
318.745
318.745
318.746
318.746
318.746
318.747
318.747
318.748
318.748
318.748
318.748
318.748
318.747
318.747
318.746
318.746
318.746
318.746
318.746
318.747
318.748
318.749
318.75
318.751
318.752
318.753
318.754
318.755
318.756
318.757
318.758
318.759
318.759
318.76
318.76
318.761
318.761
318.761
318.762
318.762
318.762
318.762
318.762
318.762
318.762
318.763
318.763
318.763
318.763
318.763
318.763
318.762
318.762
318.762
318.762
318.762
318.762
318.762
318.762
318.762
318.762
318.761
318.761
318.761
318.761
318.761
340.011
340.011
340.011
340.01
340.009
340.008
340.007
340.004
340.002
340
339.998
339.996
339.994
339.993
339.993
339.993
339.993
339.994
339.995
339.997
339.998
339.998
339.999
339.999
339.998
339.998
339.997
339.996
339.995
339.994
339.994
339.993
339.994
339.994
339.994
339.995
339.995
339.995
339.996
339.996
339.997
339.997
339.997
339.997
339.997
339.996
339.996
339.995
339.995
339.994
339.994
339.995
339.995
339.996
339.997
339.999
340
340.001
340.002
340.004
340.005
340.006
340.007
340.008
340.008
340.009
340.01
340.01
340.011
340.011
340.011
340.012
340.012
340.012
340.012
340.012
340.012
340.012
340.012
340.012
340.012
340.012
340.012
340.012
340.012
340.012
340.012
340.012
340.012
340.012
340.011
340.011
340.011
340.011
340.011
340.011
340.01
340.01
340.01
340.01
365.503
365.503
365.503
365.502
365.501
365.499
365.497
365.494
365.492
365.489
365.487
365.485
365.484
365.483
365.483
365.483
365.484
365.485
365.487
365.489
365.491
365.491
365.491
365.491
365.491
365.49
365.488
365.487
365.486
365.485
365.485
365.485
365.485
365.486
365.487
365.487
365.487
365.488
365.488
365.489
365.489
365.489
365.49
365.489
365.488
365.488
365.487
365.487
365.486
365.486
365.486
365.487
365.487
365.489
365.49
365.492
365.493
365.495
365.496
365.497
365.499
365.5
365.501
365.501
365.502
365.503
365.503
365.504
365.504
365.504
365.505
365.505
365.505
365.505
365.505
365.505
365.505
365.505
365.505
365.505
365.505
365.505
365.505
365.505
365.505
365.504
365.504
365.504
365.504
365.504
365.504
365.503
365.503
365.503
365.503
365.503
365.503
365.502
365.502
365.502
395.627
395.627
395.627
395.625
395.624
395.622
395.619
395.616
395.613
395.61
395.608
395.606
395.605
395.604
395.604
395.605
395.607
395.609
395.612
395.614
395.616
395.616
395.616
395.615
395.615
395.613
395.612
395.61
395.609
395.608
395.608
395.608
395.609
395.61
395.611
395.612
395.612
395.612
395.613
395.613
395.614
395.614
395.614
395.613
395.612
395.611
395.611
395.61
395.609
395.609
395.61
395.611
395.612
395.614
395.615
395.617
395.619
395.62
395.622
395.623
395.625
395.626
395.626
395.627
395.628
395.628
395.629
395.629
395.629
395.63
395.63
395.63
395.63
395.63
395.63
395.63
395.63
395.63
395.63
395.63
395.63
395.629
395.629
395.629
395.629
395.629
395.628
395.628
395.628
395.628
395.628
395.627
395.627
395.627
395.627
395.627
395.626
395.626
395.626
395.626
430.892
430.893
430.892
430.89
430.888
430.885
430.882
430.878
430.874
430.872
430.869
430.868
430.867
430.867
430.867
430.869
430.872
430.874
430.878
430.881
430.882
430.883
430.882
430.881
430.88
430.878
430.876
430.874
430.873
430.872
430.872
430.872
430.874
430.876
430.877
430.878
430.878
430.878
430.879
430.88
430.88
430.88
430.879
430.878
430.877
430.876
430.875
430.874
430.874
430.874
430.875
430.876
430.878
430.88
430.882
430.884
430.886
430.888
430.89
430.891
430.892
430.893
430.894
430.895
430.895
430.896
430.896
430.896
430.896
430.896
430.896
430.897
430.896
430.896
430.896
430.896
430.896
430.896
430.896
430.896
430.895
430.895
430.895
430.895
430.894
430.894
430.894
430.894
430.893
430.893
430.893
430.893
430.893
430.892
430.892
430.892
430.892
430.891
430.891
430.891
471.974
471.974
471.973
471.971
471.968
471.964
471.961
471.956
471.951
471.949
471.947
471.945
471.945
471.945
471.947
471.95
471.953
471.956
471.96
471.964
471.965
471.965
471.964
471.962
471.96
471.958
471.955
471.954
471.953
471.952
471.952
471.953
471.956
471.958
471.96
471.96
471.96
471.961
471.961
471.962
471.962
471.962
471.961
471.96
471.958
471.957
471.956
471.955
471.955
471.956
471.957
471.959
471.961
471.964
471.966
471.969
471.971
471.972
471.974
471.975
471.976
471.977
471.978
471.978
471.979
471.979
471.979
471.979
471.979
471.979
471.979
471.979
471.979
471.979
471.979
471.978
471.978
471.978
471.978
471.977
471.977
471.977
471.977
471.976
471.976
471.976
471.975
471.975
471.975
471.975
471.974
471.974
471.974
471.974
471.973
471.973
471.973
471.973
471.972
471.972
519.778
519.778
519.776
519.774
519.77
519.765
519.761
519.755
519.75
519.748
519.746
519.745
519.745
519.747
519.75
519.754
519.758
519.762
519.767
519.771
519.772
519.771
519.769
519.766
519.763
519.76
519.757
519.756
519.755
519.754
519.755
519.757
519.76
519.764
519.765
519.766
519.766
519.766
519.767
519.767
519.767
519.766
519.765
519.763
519.761
519.76
519.759
519.759
519.759
519.761
519.763
519.765
519.768
519.771
519.774
519.776
519.778
519.78
519.781
519.783
519.783
519.784
519.784
519.785
519.785
519.785
519.785
519.785
519.785
519.785
519.784
519.784
519.784
519.784
519.783
519.783
519.783
519.783
519.782
519.782
519.782
519.781
519.781
519.781
519.78
519.78
519.78
519.779
519.779
519.779
519.778
519.778
519.778
519.778
519.777
519.777
519.777
519.777
519.776
519.776
575.542
575.543
575.541
575.537
575.532
575.526
575.52
575.514
575.509
575.507
575.506
575.506
575.507
575.51
575.514
575.519
575.524
575.529
575.535
575.539
575.54
575.538
575.534
575.53
575.526
575.522
575.519
575.518
575.517
575.518
575.519
575.522
575.527
575.531
575.532
575.533
575.532
575.532
575.533
575.534
575.533
575.532
575.53
575.528
575.525
575.524
575.524
575.524
575.525
575.527
575.529
575.533
575.536
575.54
575.542
575.545
575.547
575.549
575.55
575.551
575.551
575.552
575.552
575.552
575.552
575.552
575.551
575.551
575.551
575.551
575.55
575.55
575.549
575.549
575.549
575.548
575.548
575.548
575.547
575.547
575.546
575.546
575.546
575.545
575.545
575.545
575.544
575.544
575.544
575.543
575.543
575.543
575.542
575.542
575.542
575.541
575.541
575.541
575.541
575.541
640.989
640.99
640.987
640.982
640.975
640.967
640.961
640.954
640.95
640.948
640.948
640.95
640.953
640.957
640.963
640.969
640.975
640.98
640.986
640.991
640.99
640.987
640.982
640.975
640.971
640.966
640.963
640.962
640.962
640.963
640.966
640.97
640.976
640.981
640.983
640.982
640.981
640.981
640.982
640.982
640.982
640.979
640.977
640.974
640.972
640.971
640.971
640.971
640.973
640.976
640.98
640.984
640.988
640.991
640.994
640.997
640.998
641
641
641.001
641.001
641.001
641.001
641.001
641
641
641
640.999
640.999
640.998
640.998
640.997
640.997
640.996
640.996
640.995
640.995
640.995
640.994
640.994
640.993
640.993
640.992
640.992
640.992
640.991
640.991
640.991
640.99
640.99
640.99
640.989
640.989
640.989
640.988
640.988
640.988
640.988
640.987
640.987
718.563
718.564
718.559
718.552
718.543
718.534
718.527
718.52
718.517
718.517
718.519
718.522
718.526
718.533
718.54
718.547
718.554
718.56
718.566
718.57
718.568
718.562
718.555
718.547
718.542
718.537
718.534
718.534
718.535
718.537
718.541
718.547
718.555
718.56
718.561
718.559
718.557
718.557
718.558
718.559
718.557
718.554
718.551
718.547
718.545
718.545
718.545
718.546
718.549
718.554
718.559
718.564
718.568
718.571
718.574
718.576
718.577
718.578
718.578
718.578
718.578
718.577
718.577
718.576
718.576
718.575
718.574
718.574
718.573
718.573
718.572
718.571
718.571
718.57
718.57
718.569
718.569
718.568
718.568
718.567
718.567
718.566
718.566
718.565
718.565
718.565
718.564
718.564
718.564
718.563
718.563
718.563
718.562
718.562
718.562
718.561
718.561
718.561
718.561
718.56
811.824
811.826
811.819
811.809
811.797
811.786
811.78
811.773
811.771
811.773
811.777
811.783
811.79
811.798
811.807
811.815
811.822
811.828
811.835
811.838
811.833
811.825
811.815
811.805
811.799
811.794
811.792
811.793
811.796
811.799
811.805
811.813
811.822
811.828
811.828
811.824
811.821
811.821
811.822
811.823
811.82
811.815
811.812
811.808
811.806
811.806
811.808
811.81
811.815
811.821
811.827
811.832
811.836
811.839
811.841
811.842
811.843
811.843
811.842
811.842
811.841
811.84
811.839
811.838
811.837
811.836
811.836
811.835
811.834
811.833
811.833
811.832
811.831
811.831
811.83
811.829
811.829
811.828
811.828
811.827
811.827
811.826
811.826
811.826
811.825
811.825
811.824
811.824
811.824
811.823
811.823
811.823
811.822
811.822
811.822
811.822
811.821
811.821
811.821
811.82
926.12
926.123
926.113
926.099
926.085
926.072
926.066
926.062
926.063
926.067
926.074
926.082
926.091
926.102
926.111
926.12
926.127
926.132
926.139
926.142
926.134
926.122
926.11
926.097
926.091
926.087
926.087
926.089
926.093
926.099
926.107
926.116
926.127
926.134
926.131
926.125
926.121
926.121
926.122
926.123
926.119
926.112
926.108
926.104
926.103
926.105
926.107
926.111
926.118
926.125
926.131
926.137
926.14
926.142
926.143
926.143
926.143
926.142
926.141
926.139
926.138
926.137
926.135
926.134
926.133
926.132
926.13
926.129
926.129
926.128
926.127
926.126
926.126
926.125
926.124
926.124
926.123
926.123
926.122
926.122
926.121
926.121
926.12
926.12
926.119
926.119
926.119
926.118
926.118
926.118
926.117
926.117
926.117
926.116
926.116
926.116
926.116
926.116
926.115
926.115
1069.8
1069.81
1069.79
1069.77
1069.76
1069.74
1069.74
1069.74
1069.74
1069.75
1069.76
1069.77
1069.78
1069.8
1069.81
1069.81
1069.82
1069.82
1069.83
1069.83
1069.82
1069.81
1069.79
1069.77
1069.77
1069.76
1069.77
1069.77
1069.78
1069.79
1069.8
1069.81
1069.82
1069.83
1069.82
1069.81
1069.81
1069.81
1069.81
1069.81
1069.81
1069.79
1069.79
1069.79
1069.79
1069.79
1069.79
1069.8
1069.81
1069.82
1069.82
1069.83
1069.83
1069.83
1069.83
1069.83
1069.83
1069.82
1069.82
1069.82
1069.82
1069.82
1069.82
1069.81
1069.81
1069.81
1069.81
1069.81
1069.81
1069.81
1069.81
1069.8
1069.8
1069.8
1069.8
1069.8
1069.8
1069.8
1069.8
1069.8
1069.8
1069.8
1069.8
1069.8
1069.8
1069.8
1069.8
1069.8
1069.8
1069.8
1069.8
1069.8
1069.8
1069.8
1069.8
1069.8
1069.79
1069.79
1069.79
1069.79
1256.58
1256.59
1256.58
1256.54
1256.52
1256.5
1256.49
1256.49
1256.53
1256.54
1256.55
1256.56
1256.58
1256.59
1256.6
1256.6
1256.61
1256.61
1256.61
1256.62
1256.62
1256.58
1256.57
1256.54
1256.53
1256.53
1256.55
1256.56
1256.56
1256.57
1256.59
1256.6
1256.61
1256.62
1256.62
1256.61
1256.6
1256.61
1256.61
1256.6
1256.59
1256.57
1256.55
1256.55
1256.58
1256.58
1256.58
1256.59
1256.6
1256.61
1256.61
1256.61
1256.61
1256.61
1256.61
1256.61
1256.6
1256.6
1256.6
1256.59
1256.59
1256.59
1256.59
1256.58
1256.58
1256.58
1256.58
1256.58
1256.58
1256.58
1256.58
1256.58
1256.58
1256.57
1256.57
1256.57
1256.57
1256.57
1256.57
1256.57
1256.57
1256.57
1256.57
1256.57
1256.57
1256.57
1256.57
1256.57
1256.57
1256.57
1256.57
1256.57
1256.57
1256.57
1256.57
1256.57
1256.57
1256.57
1256.57
1256.56
1510.46
1510.47
1510.48
1510.38
1510.36
1510.32
1510.29
1510.29
1510.43
1510.45
1510.46
1510.47
1510.49
1510.5
1510.5
1510.5
1510.5
1510.5
1510.51
1510.51
1510.54
1510.45
1510.42
1510.37
1510.32
1510.32
1510.45
1510.46
1510.47
1510.48
1510.49
1510.5
1510.51
1510.52
1510.55
1510.53
1510.52
1510.53
1510.54
1510.47
1510.45
1510.4
1510.36
1510.35
1510.48
1510.49
1510.49
1510.5
1510.51
1510.51
1510.52
1510.51
1510.51
1510.5
1510.5
1510.49
1510.49
1510.48
1510.48
1510.48
1510.47
1510.47
1510.47
1510.47
1510.47
1510.46
1510.46
1510.46
1510.46
1510.46
1510.46
1510.46
1510.46
1510.46
1510.46
1510.46
1510.46
1510.45
1510.45
1510.45
1510.45
1510.45
1510.45
1510.45
1510.45
1510.45
1510.45
1510.45
1510.45
1510.45
1510.45
1510.45
1510.45
1510.45
1510.45
1510.45
1510.45
1510.45
1510.45
1510.45
1877.34
1877.26
1877.39
1877.05
1876.96
1876.87
1876.75
1876.74
1877.37
1877.44
1877.43
1877.45
1877.46
1877.46
1877.46
1877.45
1877.45
1877.44
1877.45
1877.31
1877.47
1877.14
1877.04
1876.93
1876.78
1876.77
1877.39
1877.44
1877.43
1877.44
1877.44
1877.45
1877.46
1877.32
1877.46
1877.45
1877.44
1877.44
1877.47
1877.15
1877.07
1876.96
1876.82
1876.81
1877.42
1877.48
1877.46
1877.47
1877.47
1877.47
1877.47
1877.46
1877.45
1877.44
1877.43
1877.42
1877.42
1877.41
1877.41
1877.41
1877.4
1877.4
1877.4
1877.4
1877.39
1877.39
1877.39
1877.39
1877.39
1877.39
1877.39
1877.39
1877.39
1877.39
1877.39
1877.39
1877.39
1877.39
1877.38
1877.38
1877.38
1877.38
1877.38
1877.38
1877.38
1877.38
1877.38
1877.38
1877.38
1877.38
1877.38
1877.38
1877.38
1877.38
1877.38
1877.38
1877.38
1877.38
1877.38
1877.38
2456.38
2455.25
2455.89
2454.57
2454.14
2453.84
2453.36
2453.28
2456.6
2456.89
2456.83
2456.81
2456.8
2456.79
2456.77
2456.76
2456.74
2456.73
2456.8
2455.3
2456
2454.69
2454.23
2453.89
2453.38
2453.28
2456.6
2456.87
2456.79
2456.77
2456.76
2456.75
2456.81
2455.29
2455.92
2455.98
2455.95
2455.94
2456.06
2454.69
2454.26
2453.93
2453.43
2453.34
2456.66
2456.93
2456.85
2456.83
2456.82
2456.8
2456.78
2456.77
2456.75
2456.74
2456.73
2456.72
2456.71
2456.71
2456.7
2456.7
2456.7
2456.69
2456.69
2456.69
2456.69
2456.69
2456.69
2456.69
2456.69
2456.68
2456.68
2456.68
2456.68
2456.68
2456.68
2456.68
2456.68
2456.68
2456.68
2456.68
2456.68
2456.68
2456.68
2456.68
2456.68
2456.68
2456.68
2456.68
2456.68
2456.68
2456.68
2456.68
2456.68
2456.68
2456.68
2456.68
2456.68
2456.68
2456.68
2456.68
3504.84
3494.44
3496.96
3491.13
3488.91
3487.03
3485.07
3484.58
3505.81
3507.78
3507.59
3507.46
3507.39
3507.34
3507.3
3507.26
3507.23
3507.21
3507.67
3494.62
3497.1
3491.28
3489.02
3487.07
3485.06
3484.56
3505.77
3507.71
3507.51
3507.35
3507.28
3507.25
3507.69
3494.62
3496.84
3497.45
3497.5
3497.49
3497.88
3491.4
3489.05
3487.12
3485.13
3484.66
3505.89
3507.84
3507.63
3507.48
3507.41
3507.36
3507.32
3507.29
3507.27
3507.26
3507.25
3507.24
3507.23
3507.23
3507.23
3507.23
3507.22
3507.22
3507.22
3507.22
3507.22
3507.22
3507.22
3507.22
3507.22
3507.22
3507.22
3507.22
3507.22
3507.22
3507.22
3507.22
3507.22
3507.22
3507.22
3507.22
3507.22
3507.22
3507.22
3507.22
3507.22
3507.22
3507.22
3507.22
3507.22
3507.22
3507.22
3507.22
3507.22
3507.22
3507.22
3507.22
3507.22
3507.22
3507.22
3507.24
5936.29
5825.38
5819.68
5785.42
5778.01
5766.34
5760.49
5759.15
5938.45
5960.57
5962.58
5962.53
5962.38
5962.27
5962.19
5962.13
5962.08
5962.08
5964.56
5828.78
5820.27
5785.67
5778.19
5766.46
5760.55
5759.2
5938.43
5960.5
5962.47
5962.39
5962.23
5962.18
5964.63
5828.86
5820.12
5820.44
5820.69
5820.73
5821.54
5786.23
5778.29
5766.44
5760.53
5759.2
5938.56
5960.66
5962.64
5962.57
5962.41
5962.3
5962.24
5962.2
5962.18
5962.17
5962.16
5962.16
5962.15
5962.15
5962.15
5962.15
5962.16
5962.16
5962.16
5962.15
5962.15
5962.15
5962.15
5962.15
5962.15
5962.15
5962.15
5962.15
5962.16
5962.16
5962.16
5962.16
5962.16
5962.16
5962.16
5962.16
5962.16
5962.16
5962.16
5962.16
5962.16
5962.16
5962.16
5962.16
5962.16
5962.16
5962.16
5962.16
5962.16
5962.16
5962.16
5962.16
5962.16
5962.17
5962.19
5962.31
15659.9
13333.3
13333.3
13333.3
13333.3
13333.3
13333.3
13333.3
15666.8
15680.9
15682.1
15682.2
15682.1
15681.9
15681.7
15681.6
15681.4
15681.1
15682.9
13333.3
13333.3
13333.3
13333.3
13333.3
13333.3
13333.3
15666
15679.9
15681
15681
15680.9
15680.7
15682.6
13333.3
13333.3
13333.3
13333.3
13333.3
13333.3
13333.3
13333.3
13333.3
13333.3
13333.3
15667.3
15681.1
15682.2
15682.2
15682.2
15682.1
15682
15681.9
15681.9
15681.9
15681.9
15681.9
15681.9
15681.9
15681.9
15681.9
15681.9
15681.9
15681.9
15681.9
15681.9
15681.9
15681.9
15681.9
15681.9
15681.9
15681.9
15682
15682
15682
15682
15682
15682
15682
15682
15682
15682
15682
15682
15682
15682
15682
15682
15682
15682
15682
15682
15682
15682
15682
15682
15682
15682
15681.9
15681.9
15681.9
)
;

boundaryField
{
    inlet
    {
        type            cyclic;
    }
    outlet
    {
        type            cyclic;
    }
    bottomWall
    {
        beta1           0.075;
        blended         false;
        type            omegaWallFunction;
        value           nonuniform List<scalar> 
100
(
13333.3
15656.6
13333.3
13333.3
13333.3
13333.3
15663.8
15682.4
13333.3
13333.3
13333.3
13333.3
13333.3
13333.3
13333.3
13333.3
13333.3
13333.3
13333.3
15670.2
15684.1
15685.2
15685.2
15685
15684.7
15684.5
15684.4
15684.3
15684.3
15684.2
15684.1
15684.1
15684.3
15684.6
15684.9
15685
15685.1
15685
15686.8
13333.3
13333.3
13333.3
13333.3
13333.3
13333.3
13333.3
13333.3
13333.3
13333.3
13333.3
13333.3
13333.3
13333.3
13333.3
13333.3
13333.3
13333.3
13333.3
13333.3
13333.3
13333.3
13333.3
13333.3
13333.3
13333.3
13333.3
13333.3
13333.3
13333.3
13333.3
13333.3
13333.3
13333.3
13333.3
13333.3
13333.3
13333.3
13333.3
13333.3
13333.3
13333.3
13333.3
13333.3
13333.3
13333.3
13333.3
13333.3
13333.3
13333.3
13333.3
13333.3
13333.3
13333.3
13333.3
13333.3
13333.3
13333.3
13333.3
13333.3
13333.3
)
;
    }
    topWall
    {
        beta1           0.075;
        blended         false;
        type            omegaWallFunction;
        value           nonuniform List<scalar> 
100
(
15659.9
13333.3
13333.3
13333.3
13333.3
13333.3
13333.3
13333.3
15666.8
15680.9
15682.1
15682.2
15682.1
15681.9
15681.7
15681.6
15681.4
15681.1
15682.9
13333.3
13333.3
13333.3
13333.3
13333.3
13333.3
13333.3
15666
15679.9
15681
15681
15680.9
15680.7
15682.6
13333.3
13333.3
13333.3
13333.3
13333.3
13333.3
13333.3
13333.3
13333.3
13333.3
13333.3
15667.3
15681.1
15682.2
15682.2
15682.2
15682.1
15682
15681.9
15681.9
15681.9
15681.9
15681.9
15681.9
15681.9
15681.9
15681.9
15681.9
15681.9
15681.9
15681.9
15681.9
15681.9
15681.9
15681.9
15681.9
15681.9
15681.9
15682
15682
15682
15682
15682
15682
15682
15682
15682
15682
15682
15682
15682
15682
15682
15682
15682
15682
15682
15682
15682
15682
15682
15682
15682
15682
15681.9
15681.9
15681.9
)
;
    }
    frontAndBack
    {
        type            empty;
    }
}


// ************************************************************************* //
