/*--------------------------------*- C++ -*----------------------------------*\
  =========                 |
  \\      /  F ield         | OpenFOAM: The Open Source CFD Toolbox
   \\    /   O peration     | Website:  https://openfoam.org
    \\  /    A nd           | Version:  11
     \\/     M anipulation  |
\*---------------------------------------------------------------------------*/
FoamFile
{
    format      ascii;
    class       volScalarField;
    location    "1000";
    object      p;
}
// * * * * * * * * * * * * * * * * * * * * * * * * * * * * * * * * * * * * * //

dimensions      [0 2 -2 0 0 0 0];

internalField   nonuniform List<scalar> 
5000
(
-1.59451e-06
0.00353887
0.00461302
-0.00260856
-0.0158685
-0.0290686
-0.0354981
-0.0327751
-0.0287915
-0.0292613
-0.0313734
-0.0327928
-0.0337672
-0.0345524
-0.035072
-0.0370585
-0.0386307
-0.0365969
-0.0344759
-0.0328696
-0.0309689
-0.029559
-0.0280583
-0.0261812
-0.0227399
-0.0180468
-0.010982
-0.00250475
0.00808448
0.0187611
0.0310712
0.0425743
0.0541466
0.0626115
0.068589
0.071787
0.0738886
0.0755527
0.0787826
0.0784907
0.0700987
0.0596607
0.0493333
0.0408423
0.0339491
0.0295166
0.02667
0.0252291
0.0242893
0.0237592
0.023286
0.0229735
0.0226289
0.0223735
0.022045
0.0218008
0.0214943
0.0212473
0.0208862
0.0205361
0.0200921
0.0196931
0.0192618
0.0188981
0.0184961
0.0181845
0.0178156
0.0175398
0.0172056
0.0169418
0.0165619
0.0162042
0.0157011
0.0153038
0.0147662
0.014385
0.0138636
0.0134549
0.0129818
0.0125493
0.0121466
0.0116999
0.0112866
0.0108526
0.0104482
0.0100225
0.00963712
0.00919008
0.00878461
0.00832093
0.00789878
0.00746377
0.00700923
0.00659411
0.00611102
0.00568747
0.00521449
0.0047232
0.00386057
0.00147914
0.000260662
0.00353722
0.00439666
-0.00276621
-0.0158859
-0.0287402
-0.0352136
-0.0328981
-0.0290684
-0.0293663
-0.0314109
-0.0328102
-0.0337767
-0.0345587
-0.0351469
-0.0370035
-0.0384929
-0.0365674
-0.0342741
-0.0326021
-0.0308413
-0.0294959
-0.0280321
-0.0261725
-0.0227391
-0.0180486
-0.0109856
-0.00250768
0.00808118
0.01876
0.0310701
0.0425757
0.0541502
0.0626178
0.0685941
0.0717903
0.0738897
0.0755507
0.0785246
0.0781521
0.0699687
0.0596114
0.0493106
0.0408298
0.0339417
0.0295115
0.0266667
0.025227
0.0242882
0.0237585
0.0232857
0.0229733
0.0226289
0.0223734
0.0220449
0.0218007
0.0214943
0.0212472
0.0208861
0.020536
0.020092
0.0196931
0.0192618
0.018898
0.0184961
0.0181845
0.0178156
0.0175397
0.0172056
0.0169418
0.0165619
0.0162041
0.0157011
0.0153037
0.0147662
0.014385
0.0138636
0.0134549
0.0129818
0.0125493
0.0121466
0.0116999
0.0112866
0.0108526
0.0104482
0.0100225
0.00963714
0.00919005
0.00878461
0.00832091
0.00789879
0.00746374
0.00700925
0.00659408
0.00611103
0.00568745
0.00521457
0.0047233
0.00386198
0.00157373
0.000426484
0.00356312
0.00424447
-0.00291853
-0.01591
-0.0285386
-0.0349812
-0.032932
-0.0292497
-0.0294595
-0.0314515
-0.0328308
-0.0337881
-0.0345894
-0.0352335
-0.0369915
-0.0383958
-0.0365155
-0.0341275
-0.0323736
-0.0306933
-0.0294184
-0.0279996
-0.0261625
-0.0227399
-0.0180532
-0.0109937
-0.00251335
0.00807459
0.0187588
0.0310679
0.0425796
0.0541579
0.0626317
0.0686048
0.0717973
0.0738923
0.0755483
0.0783455
0.0779003
0.0698446
0.0595535
0.0492814
0.0408118
0.0339301
0.0295025
0.0266611
0.0252233
0.0242864
0.0237575
0.0232854
0.022973
0.0226289
0.0223733
0.022045
0.0218005
0.0214944
0.021247
0.0208861
0.0205358
0.020092
0.0196929
0.0192619
0.018898
0.0184962
0.0181844
0.0178158
0.0175395
0.0172056
0.0169416
0.0165619
0.016204
0.0157011
0.0153036
0.0147662
0.0143849
0.0138636
0.0134548
0.0129818
0.0125492
0.0121467
0.0116998
0.0112867
0.0108525
0.0104483
0.0100224
0.0096372
0.00919001
0.00878464
0.00832086
0.00789884
0.00746366
0.00700932
0.00659401
0.00611108
0.0056874
0.00521475
0.00472338
0.0038612
0.0016396
0.000536931
0.00360266
0.00414674
-0.00303652
-0.0159369
-0.028423
-0.0348166
-0.0329274
-0.0293683
-0.0295406
-0.0314908
-0.0328507
-0.0337998
-0.0346214
-0.0353056
-0.0369983
-0.0383331
-0.0364645
-0.0340185
-0.0322014
-0.0305612
-0.029342
-0.0279671
-0.0261544
-0.0227446
-0.0180616
-0.0110072
-0.00252194
0.00806426
0.0187578
0.0310646
0.0425865
0.0541701
0.0626542
0.0686218
0.0718086
0.0738967
0.0755471
0.0782329
0.0777189
0.0697356
0.0594937
0.04925
0.0407896
0.0339145
0.0294897
0.0266533
0.0252179
0.0242842
0.023756
0.0232852
0.0229726
0.0226291
0.022373
0.0220452
0.0218002
0.0214945
0.0212466
0.0208861
0.0205355
0.020092
0.0196927
0.0192621
0.0188979
0.0184965
0.0181843
0.017816
0.0175393
0.0172058
0.0169413
0.0165619
0.0162037
0.0157011
0.0153033
0.0147664
0.0143847
0.0138638
0.0134546
0.0129819
0.0125491
0.0121467
0.0116997
0.0112868
0.0108523
0.0104484
0.0100223
0.00963732
0.00918992
0.00878472
0.00832075
0.00789894
0.00746351
0.00700947
0.00659388
0.00611119
0.00568728
0.00521506
0.00472344
0.00385968
0.00169042
0.000649167
0.00364835
0.00407692
-0.00312567
-0.0159583
-0.0283377
-0.0346912
-0.0329252
-0.0294754
-0.0296251
-0.0315325
-0.0328717
-0.0338125
-0.0346421
-0.0353514
-0.0370007
-0.038275
-0.0364083
-0.0339215
-0.0320571
-0.030441
-0.029267
-0.0279367
-0.0261501
-0.0227546
-0.0180745
-0.011027
-0.00253376
0.00804987
0.018757
0.03106
0.0425968
0.0541874
0.0626865
0.0686457
0.0718245
0.0739029
0.0755465
0.0781436
0.0775589
0.0696278
0.0594289
0.0492149
0.0407621
0.0338946
0.0294724
0.026643
0.0252108
0.0242816
0.0237542
0.023285
0.022972
0.0226294
0.0223727
0.0220455
0.0217997
0.0214948
0.0212461
0.0208862
0.0205351
0.0200921
0.0196925
0.0192624
0.0188977
0.018497
0.018184
0.0178164
0.0175388
0.0172061
0.0169407
0.016562
0.0162033
0.0157012
0.015303
0.0147666
0.0143845
0.013864
0.0134544
0.0129821
0.0125489
0.0121469
0.0116995
0.0112869
0.0108521
0.0104486
0.010022
0.00963753
0.00918975
0.00878489
0.00832056
0.00789912
0.00746329
0.00700969
0.00659367
0.00611138
0.00568709
0.00521549
0.00472351
0.00385897
0.00174463
0.000779584
0.00370274
0.00401838
-0.00320013
-0.0159717
-0.0282604
-0.0345838
-0.0329341
-0.0295918
-0.0297209
-0.0315803
-0.0328959
-0.0338269
-0.0346542
-0.0353783
-0.0369933
-0.0382097
-0.0363411
-0.0338235
-0.0319204
-0.0303241
-0.0291913
-0.0279086
-0.0261502
-0.0227705
-0.0180924
-0.0110533
-0.00254894
0.00803128
0.0187566
0.0310541
0.0426108
0.0542101
0.062729
0.0686766
0.071845
0.0739108
0.075546
0.0780575
0.0773971
0.0695127
0.0593553
0.0491744
0.0407284
0.0338697
0.0294504
0.0266303
0.025202
0.0242784
0.0237519
0.0232849
0.0229714
0.02263
0.0223722
0.0220461
0.021799
0.0214952
0.0212453
0.0208863
0.0205345
0.0200922
0.0196922
0.0192628
0.0188975
0.0184976
0.0181837
0.017817
0.0175382
0.0172066
0.01694
0.0165622
0.0162028
0.0157013
0.0153026
0.0147669
0.0143841
0.0138643
0.0134541
0.0129824
0.0125486
0.0121471
0.0116992
0.0112872
0.0108519
0.0104489
0.0100218
0.0096378
0.00918954
0.00878511
0.00832032
0.00789936
0.007463
0.00700999
0.00659339
0.00611164
0.00568683
0.00521604
0.00472362
0.00385988
0.00180894
0.000929198
0.00376818
0.0039647
-0.00326873
-0.0159787
-0.0281839
-0.0344832
-0.0329536
-0.0297233
-0.0298301
-0.0316358
-0.032924
-0.0338433
-0.0346621
-0.0353947
-0.0369766
-0.0381345
-0.0362614
-0.0337179
-0.0317797
-0.0302036
-0.0291131
-0.0278822
-0.0261546
-0.0227921
-0.0181154
-0.011086
-0.00256759
0.00800862
0.0187564
0.031047
0.0426282
0.0542383
0.0627816
0.0687146
0.0718701
0.0739205
0.075545
0.0779675
0.0772256
0.069387
0.0592711
0.0491272
0.0406882
0.0338397
0.0294238
0.0266149
0.0251913
0.0242748
0.0237492
0.0232849
0.0229706
0.0226306
0.0223716
0.0220467
0.0217982
0.0214956
0.0212443
0.0208865
0.0205338
0.0200923
0.0196918
0.0192634
0.0188972
0.0184984
0.0181833
0.0178177
0.0175375
0.0172071
0.0169391
0.0165624
0.0162021
0.0157014
0.0153021
0.0147673
0.0143837
0.0138646
0.0134538
0.0129827
0.0125483
0.0121474
0.0116989
0.0112875
0.0108515
0.0104492
0.0100215
0.00963816
0.00918924
0.00878543
0.00831999
0.00789968
0.00746264
0.00701036
0.00659303
0.00611196
0.0056865
0.00521669
0.00472386
0.00386284
0.00188456
0.00109591
0.00384528
0.00391471
-0.00333522
-0.0159821
-0.0281058
-0.0343844
-0.0329818
-0.0298691
-0.0299518
-0.0316992
-0.0329563
-0.0338616
-0.0346684
-0.035406
-0.0369526
-0.0380506
-0.0361698
-0.0336024
-0.0316291
-0.0300754
-0.0290309
-0.0278567
-0.0261631
-0.0228193
-0.0181434
-0.0111251
-0.00258978
0.00798205
0.0187563
0.0310388
0.0426488
0.0542721
0.0628442
0.0687596
0.0718997
0.073932
0.0755429
0.0778719
0.0770428
0.0692504
0.0591761
0.0490731
0.0406415
0.0338043
0.0293925
0.026597
0.025179
0.0242706
0.0237462
0.0232849
0.0229697
0.0226314
0.0223709
0.0220475
0.0217973
0.0214962
0.0212431
0.0208867
0.020533
0.0200925
0.0196913
0.0192642
0.0188969
0.0184994
0.0181828
0.0178186
0.0175366
0.0172077
0.0169379
0.0165626
0.0162012
0.0157016
0.0153015
0.0147677
0.0143832
0.0138651
0.0134534
0.0129831
0.0125479
0.0121478
0.0116985
0.0112879
0.0108511
0.0104496
0.0100211
0.00963857
0.00918892
0.00878578
0.00831962
0.00790005
0.00746223
0.0070108
0.00659262
0.00611235
0.00568611
0.00521744
0.00472427
0.00386821
0.00197008
0.00127691
0.00393388
0.00386868
-0.00340091
-0.0159833
-0.0280264
-0.0342862
-0.0330172
-0.0300271
-0.0300845
-0.0317698
-0.0329925
-0.0338816
-0.0346744
-0.0354144
-0.0369233
-0.0379592
-0.0360682
-0.0334759
-0.0314661
-0.0299379
-0.0289437
-0.0278316
-0.0261754
-0.0228516
-0.0181764
-0.0111703
-0.0026156
0.00795181
0.0187561
0.0310296
0.0426724
0.0543116
0.0629166
0.0688116
0.0719337
0.0739451
0.0755396
0.0777705
0.07685
0.069104
0.0590706
0.0490122
0.0405883
0.0337637
0.0293567
0.0265765
0.0251649
0.0242658
0.0237427
0.0232849
0.0229686
0.0226323
0.0223701
0.0220485
0.0217962
0.0214968
0.0212418
0.0208869
0.0205321
0.0200927
0.0196909
0.019265
0.0188966
0.0185004
0.0181822
0.0178196
0.0175357
0.0172083
0.0169366
0.0165628
0.0162003
0.0157018
0.0153009
0.0147682
0.0143827
0.0138655
0.0134529
0.0129836
0.0125475
0.0121482
0.0116981
0.0112883
0.0108507
0.0104501
0.0100206
0.00963905
0.00918853
0.0087862
0.00831919
0.00790048
0.00746176
0.00701129
0.00659215
0.00611278
0.00568568
0.00521826
0.00472489
0.00387605
0.00206358
0.0014697
0.00403343
0.00382707
-0.00346599
-0.0159831
-0.0279465
-0.0341886
-0.0330588
-0.0301952
-0.0302269
-0.0318469
-0.0330322
-0.0339032
-0.0346809
-0.0354212
-0.0368901
-0.0378617
-0.0359585
-0.0333383
-0.0312905
-0.0297903
-0.0288514
-0.0278067
-0.0261913
-0.022889
-0.0182143
-0.0112214
-0.00264511
0.00791817
0.0187556
0.0310197
0.0426987
0.0543566
0.0629984
0.0688705
0.0719719
0.0739599
0.075535
0.077664
0.076649
0.0689488
0.0589557
0.0489447
0.0405288
0.0337178
0.0293164
0.0265533
0.0251493
0.0242605
0.0237389
0.0232849
0.0229675
0.0226333
0.0223693
0.0220494
0.021795
0.0214975
0.0212403
0.0208871
0.0205311
0.020093
0.0196904
0.0192659
0.0188962
0.0185016
0.0181817
0.0178207
0.0175346
0.0172091
0.0169352
0.0165631
0.0161993
0.015702
0.0153002
0.0147687
0.0143821
0.0138661
0.0134524
0.0129841
0.012547
0.0121486
0.0116976
0.0112888
0.0108502
0.0104506
0.0100202
0.00963955
0.00918812
0.00878665
0.00831874
0.00790094
0.00746127
0.00701182
0.00659165
0.00611325
0.00568522
0.00521914
0.00472575
0.00388645
0.00216363
0.00167204
0.00414335
0.00379043
-0.00353014
-0.0159819
-0.0278669
-0.0340925
-0.0331059
-0.0303718
-0.0303776
-0.0319296
-0.0330752
-0.0339262
-0.0346883
-0.0354272
-0.036854
-0.0377595
-0.0358422
-0.0331901
-0.0311027
-0.029633
-0.028754
-0.0277818
-0.0262109
-0.022931
-0.0182569
-0.011278
-0.00267835
0.00788137
0.0187546
0.031009
0.0427274
0.0544074
0.0630895
0.0689359
0.0720141
0.0739761
0.0755291
0.077553
0.0764416
0.0687862
0.058832
0.0488709
0.0404634
0.0336668
0.029272
0.0265277
0.0251321
0.0242546
0.0237348
0.0232849
0.0229664
0.0226344
0.0223684
0.0220505
0.0217938
0.0214981
0.0212387
0.0208873
0.02053
0.0200932
0.0196899
0.0192669
0.0188959
0.0185029
0.0181811
0.0178219
0.0175335
0.0172098
0.0169337
0.0165633
0.0161982
0.0157022
0.0152995
0.0147693
0.0143816
0.0138667
0.0134519
0.0129846
0.0125465
0.0121491
0.0116972
0.0112893
0.0108497
0.0104511
0.0100197
0.0096401
0.00918767
0.00878715
0.00831825
0.00790144
0.00746076
0.00701238
0.00659112
0.00611374
0.00568473
0.00522008
0.0047269
0.00389929
0.00226933
0.00188265
0.00426311
0.00375917
-0.00359291
-0.01598
-0.0277884
-0.0339987
-0.033158
-0.0305556
-0.0305357
-0.0320174
-0.0331211
-0.0339505
-0.0346966
-0.0354325
-0.0368154
-0.0376537
-0.0357206
-0.0330319
-0.0309029
-0.0294662
-0.0286518
-0.0277571
-0.0262339
-0.0229775
-0.0183043
-0.01134
-0.00271535
0.00784167
0.0187531
0.0309979
0.0427582
0.0544638
0.0631894
0.069008
0.0720601
0.0739939
0.075522
0.0774383
0.0762291
0.068617
0.0587006
0.0487911
0.0403925
0.0336109
0.0292235
0.0264995
0.0251134
0.0242482
0.0237304
0.0232848
0.0229652
0.0226354
0.0223675
0.0220516
0.0217925
0.0214988
0.021237
0.0208874
0.0205289
0.0200935
0.0196894
0.0192679
0.0188956
0.0185042
0.0181805
0.0178231
0.0175324
0.0172105
0.016932
0.0165635
0.0161971
0.0157025
0.0152988
0.0147699
0.014381
0.0138672
0.0134514
0.0129852
0.012546
0.0121496
0.0116967
0.0112898
0.0108492
0.0104516
0.0100192
0.00964064
0.00918724
0.00878764
0.00831777
0.00790195
0.00746023
0.00701296
0.00659058
0.00611424
0.00568422
0.00522104
0.00472834
0.00391457
0.00237979
0.00210023
0.00439225
0.00373372
-0.00365383
-0.0159774
-0.0277117
-0.0339078
-0.033215
-0.0307456
-0.0307003
-0.0321097
-0.0331695
-0.0339759
-0.0347058
-0.0354373
-0.036775
-0.0375452
-0.0355944
-0.0328646
-0.0306918
-0.0292906
-0.0285451
-0.0277325
-0.0262605
-0.0230283
-0.0183562
-0.011407
-0.00275614
0.00779927
0.0187508
0.0309863
0.0427909
0.0545258
0.063298
0.0690864
0.0721098
0.074013
0.0755136
0.0773206
0.0760129
0.0684421
0.0585619
0.0487056
0.0403164
0.03355
0.0291712
0.0264687
0.0250933
0.0242411
0.0237257
0.0232846
0.0229639
0.0226365
0.0223666
0.0220527
0.0217912
0.0214994
0.0212352
0.0208876
0.0205277
0.0200937
0.0196889
0.019269
0.0188954
0.0185056
0.01818
0.0178244
0.0175312
0.0172112
0.0169303
0.0165637
0.0161959
0.0157027
0.015298
0.0147704
0.0143804
0.0138678
0.0134509
0.0129857
0.0125455
0.0121501
0.0116962
0.0112904
0.0108487
0.0104522
0.0100187
0.00964123
0.00918677
0.00878818
0.00831726
0.00790248
0.0074597
0.00701355
0.00659004
0.00611475
0.00568371
0.00522203
0.0047301
0.00393214
0.00249434
0.00232406
0.00453037
0.00371429
-0.00371243
-0.0159746
-0.0276373
-0.0338204
-0.0332766
-0.0309409
-0.0308706
-0.0322061
-0.0332204
-0.0340023
-0.0347158
-0.0354415
-0.0367329
-0.0374346
-0.0354644
-0.0326888
-0.0304699
-0.0291065
-0.0284341
-0.0277082
-0.0262907
-0.0230831
-0.0184126
-0.0114789
-0.00280072
0.00775441
0.0187477
0.0309744
0.0428253
0.0545934
0.0634149
0.0691712
0.072163
0.0740333
0.0755041
0.0772004
0.0757941
0.0682622
0.0584167
0.0486148
0.0402353
0.0334845
0.0291151
0.0264355
0.0250719
0.0242335
0.0237209
0.0232843
0.0229627
0.0226376
0.0223657
0.0220538
0.0217899
0.0215
0.0212334
0.0208877
0.0205265
0.020094
0.0196884
0.0192701
0.0188952
0.018507
0.0181794
0.0178257
0.01753
0.0172119
0.0169286
0.0165639
0.0161947
0.0157029
0.0152973
0.014771
0.0143798
0.0138685
0.0134504
0.0129863
0.012545
0.0121506
0.0116957
0.0112909
0.0108482
0.0104528
0.0100183
0.00964178
0.00918633
0.00878869
0.00831677
0.007903
0.00745917
0.00701414
0.00658949
0.00611526
0.0056832
0.00522303
0.00473219
0.00395194
0.00261232
0.00255322
0.00467721
0.00370119
-0.00376835
-0.0159716
-0.0275658
-0.0337369
-0.0333425
-0.0311409
-0.0310459
-0.0323063
-0.0332734
-0.0340297
-0.0347267
-0.0354452
-0.0366894
-0.0373224
-0.035331
-0.0325052
-0.0302377
-0.0289148
-0.0283193
-0.0276843
-0.0263243
-0.023142
-0.0184734
-0.0115554
-0.00284907
0.00770721
0.0187437
0.0309623
0.0428612
0.0546664
0.0635399
0.069262
0.0722195
0.074055
0.0754936
0.0770782
0.0755735
0.0680781
0.0582654
0.0485189
0.0401495
0.0334144
0.0290555
0.0263999
0.0250492
0.0242253
0.0237158
0.023284
0.0229614
0.0226387
0.0223648
0.0220549
0.0217886
0.0215005
0.0212315
0.0208878
0.0205253
0.0200942
0.019688
0.0192712
0.018895
0.0185084
0.0181789
0.0178269
0.0175289
0.0172126
0.0169268
0.016564
0.0161935
0.015703
0.0152966
0.0147715
0.0143792
0.013869
0.0134499
0.0129869
0.0125445
0.0121512
0.0116952
0.0112914
0.0108477
0.0104533
0.0100178
0.00964236
0.00918588
0.00878923
0.00831628
0.00790354
0.00745866
0.00701472
0.00658895
0.00611576
0.0056827
0.00522405
0.00473462
0.00397379
0.00273329
0.00278732
0.00483242
0.00369455
-0.00382134
-0.0159686
-0.0274975
-0.0336576
-0.0334128
-0.031345
-0.0312259
-0.0324099
-0.0333284
-0.0340578
-0.0347382
-0.0354484
-0.0366448
-0.037209
-0.0351947
-0.0323142
-0.029996
-0.0287158
-0.0282009
-0.0276607
-0.0263615
-0.0232046
-0.0185385
-0.0116363
-0.00290118
0.00765787
0.0187387
0.0309501
0.0428984
0.0547449
0.0636727
0.069359
0.0722791
0.0740777
0.075482
0.0769546
0.0753521
0.0678901
0.0581084
0.0484181
0.0400593
0.0333399
0.0289924
0.0263619
0.0250253
0.0242166
0.0237105
0.0232836
0.0229602
0.0226397
0.0223639
0.0220559
0.0217873
0.021501
0.0212296
0.0208878
0.020524
0.0200944
0.0196875
0.0192723
0.0188949
0.0185099
0.0181785
0.0178282
0.0175278
0.0172131
0.016925
0.0165641
0.0161923
0.0157032
0.0152958
0.0147721
0.0143787
0.0138696
0.0134494
0.0129874
0.012544
0.0121516
0.0116948
0.011292
0.0108472
0.0104538
0.0100173
0.0096429
0.00918546
0.00878973
0.00831582
0.00790405
0.00745816
0.00701529
0.00658843
0.00611625
0.00568221
0.00522507
0.00473739
0.00399758
0.00285674
0.00302565
0.00499575
0.00369458
-0.0038712
-0.0159656
-0.0274327
-0.033583
-0.033487
-0.0315527
-0.0314099
-0.0325168
-0.0333851
-0.0340868
-0.0347504
-0.0354511
-0.0365993
-0.0370949
-0.0350561
-0.0321163
-0.0297452
-0.0285102
-0.0280794
-0.0276377
-0.0264022
-0.0232709
-0.0186076
-0.0117214
-0.00295698
0.0076065
0.0187327
0.0309378
0.0429367
0.0548286
0.0638131
0.0694618
0.0723418
0.0741016
0.0754696
0.07683
0.0751304
0.0676991
0.0579462
0.0483127
0.0399649
0.033261
0.028926
0.0263216
0.0250002
0.0242073
0.0237051
0.0232831
0.022959
0.0226407
0.0223631
0.022057
0.021786
0.0215014
0.0212276
0.0208878
0.0205228
0.0200945
0.0196871
0.0192734
0.0188948
0.0185113
0.0181781
0.0178294
0.0175267
0.0172137
0.0169231
0.0165642
0.0161911
0.0157033
0.0152951
0.0147726
0.0143781
0.0138702
0.0134489
0.012988
0.0125436
0.0121522
0.0116943
0.0112925
0.0108468
0.0104544
0.0100169
0.00964347
0.00918504
0.00879025
0.00831536
0.00790456
0.00745768
0.00701585
0.00658792
0.00611672
0.00568174
0.00522611
0.00474049
0.0040231
0.00298231
0.00326789
0.00516693
0.00370126
-0.00391773
-0.0159628
-0.0273717
-0.0335133
-0.0335651
-0.0317634
-0.0315975
-0.0326265
-0.0334435
-0.0341164
-0.0347632
-0.0354532
-0.0365529
-0.0369803
-0.0349155
-0.031912
-0.0294859
-0.0282984
-0.0279551
-0.0276152
-0.0264465
-0.0233407
-0.0186808
-0.0118105
-0.00301645
0.00755327
0.0187256
0.0309254
0.0429759
0.0549176
0.0639609
0.0695703
0.0724072
0.0741265
0.0754564
0.0767048
0.0749093
0.0675053
0.0577791
0.0482029
0.0398666
0.0331779
0.0288564
0.0262791
0.0249741
0.0241975
0.0236995
0.0232825
0.0229578
0.0226416
0.0223623
0.022058
0.0217848
0.0215018
0.0212257
0.0208878
0.0205216
0.0200947
0.0196868
0.0192745
0.0188948
0.0185127
0.0181778
0.0178307
0.0175257
0.0172141
0.0169213
0.0165642
0.0161898
0.0157034
0.0152944
0.0147732
0.0143776
0.0138708
0.0134484
0.0129885
0.0125431
0.0121526
0.0116939
0.011293
0.0108463
0.0104549
0.0100165
0.00964398
0.00918466
0.00879073
0.00831495
0.00790504
0.00745723
0.00701639
0.00658743
0.00611718
0.00568128
0.00522715
0.00474393
0.00405025
0.00310956
0.00351334
0.00534572
0.00371472
-0.00396079
-0.0159603
-0.0273148
-0.0334487
-0.0336469
-0.0319768
-0.0317882
-0.0327389
-0.0335034
-0.0341466
-0.0347765
-0.0354549
-0.0365059
-0.0368657
-0.0347735
-0.0317018
-0.0292186
-0.0280809
-0.0278281
-0.0275932
-0.0264942
-0.0234138
-0.0187579
-0.0119035
-0.00307948
0.00749824
0.0187175
0.0309131
0.0430159
0.0550116
0.064116
0.0696844
0.0724754
0.0741523
0.0754425
0.0765793
0.0746892
0.0673095
0.0576076
0.0480889
0.0397646
0.0330908
0.0287837
0.0262344
0.0249469
0.0241872
0.0236938
0.0232818
0.0229566
0.0226425
0.0223616
0.0220589
0.0217836
0.021502
0.0212238
0.0208877
0.0205204
0.0200948
0.0196864
0.0192757
0.0188948
0.0185141
0.0181775
0.0178319
0.0175247
0.0172145
0.0169195
0.0165642
0.0161886
0.0157035
0.0152937
0.0147736
0.0143771
0.0138713
0.013448
0.012989
0.0125427
0.0121531
0.0116935
0.0112935
0.0108459
0.0104554
0.0100161
0.0096445
0.00918427
0.00879122
0.00831453
0.00790552
0.0074568
0.0070169
0.00658696
0.00611761
0.00568084
0.00522818
0.00474769
0.00407882
0.00323814
0.00376174
0.00553178
0.00373489
-0.00400022
-0.0159582
-0.0272621
-0.0333893
-0.0337322
-0.0321922
-0.0319815
-0.0328536
-0.0335645
-0.0341774
-0.0347901
-0.0354562
-0.0364584
-0.0367513
-0.0346304
-0.0314862
-0.0289439
-0.0278583
-0.0276989
-0.027572
-0.0265453
-0.0234902
-0.0188386
-0.0120001
-0.00314601
0.00744161
0.0187081
0.0309007
0.0430566
0.0551105
0.064278
0.0698039
0.0725461
0.0741791
0.0754281
0.0764539
0.0744707
0.067112
0.0574322
0.047971
0.0396591
0.0329999
0.0287082
0.0261877
0.0249187
0.0241765
0.0236879
0.023281
0.0229555
0.0226434
0.0223609
0.0220598
0.0217825
0.0215022
0.0212218
0.0208876
0.0205192
0.0200949
0.0196861
0.0192768
0.0188949
0.0185155
0.0181772
0.017833
0.0175238
0.0172149
0.0169176
0.0165641
0.0161874
0.0157035
0.0152931
0.0147741
0.0143767
0.0138719
0.0134476
0.0129895
0.0125423
0.0121535
0.0116931
0.0112939
0.0108456
0.0104559
0.0100157
0.00964497
0.00918393
0.00879166
0.00831416
0.00790597
0.0074564
0.0070174
0.00658652
0.00611803
0.00568042
0.00522922
0.00475175
0.00410868
0.0033676
0.00401243
0.00572477
0.00376185
-0.00403589
-0.0159565
-0.027214
-0.0333353
-0.0338207
-0.0324093
-0.0321769
-0.0329704
-0.0336267
-0.0342087
-0.0348042
-0.035457
-0.0364106
-0.0366375
-0.0344867
-0.0312657
-0.0286624
-0.0276312
-0.0275677
-0.0275514
-0.0265999
-0.0235696
-0.0189227
-0.0121002
-0.00321593
0.00738341
0.0186978
0.0308884
0.0430977
0.055214
0.0644468
0.0699285
0.0726191
0.0742066
0.0754131
0.0763291
0.0742543
0.0669135
0.0572531
0.0478495
0.0395505
0.0329053
0.0286298
0.0261389
0.0248897
0.0241653
0.023682
0.0232801
0.0229544
0.0226442
0.0223602
0.0220607
0.0217814
0.0215024
0.0212199
0.0208874
0.020518
0.020095
0.0196858
0.0192779
0.0188951
0.0185168
0.0181771
0.0178341
0.0175229
0.0172151
0.0169158
0.016564
0.0161863
0.0157035
0.0152924
0.0147746
0.0143762
0.0138724
0.0134472
0.01299
0.012542
0.012154
0.0116928
0.0112944
0.0108452
0.0104563
0.0100154
0.00964544
0.00918359
0.00879212
0.0083138
0.00790641
0.00745602
0.00701787
0.0065861
0.00611842
0.00568002
0.00523026
0.00475611
0.00413963
0.00349762
0.00426512
0.00592429
0.00379543
-0.00406773
-0.0159555
-0.0271706
-0.0332868
-0.0339122
-0.0326276
-0.0323741
-0.0330889
-0.0336899
-0.0342404
-0.0348185
-0.0354575
-0.0363628
-0.0365246
-0.0343429
-0.0310409
-0.0283745
-0.0274002
-0.0274346
-0.0275316
-0.0266578
-0.0236518
-0.0190102
-0.0122034
-0.00328912
0.00732381
0.0186864
0.0308761
0.043139
0.0553221
0.064622
0.0700579
0.0726942
0.0742349
0.0753978
0.0762052
0.0740408
0.0667146
0.0570709
0.0477248
0.039439
0.0328073
0.0285489
0.0260884
0.0248598
0.0241536
0.023676
0.0232791
0.0229533
0.022645
0.0223596
0.0220615
0.0217804
0.0215024
0.021218
0.0208872
0.0205169
0.020095
0.0196855
0.0192789
0.0188953
0.0185182
0.018177
0.0178352
0.0175221
0.0172153
0.016914
0.0165639
0.0161851
0.0157036
0.0152918
0.014775
0.0143758
0.0138729
0.0134469
0.0129905
0.0125416
0.0121544
0.0116925
0.0112948
0.0108449
0.0104567
0.0100151
0.00964586
0.0091833
0.00879251
0.00831348
0.00790681
0.00745567
0.00701831
0.00658569
0.00611879
0.00567964
0.00523129
0.00476073
0.0041715
0.00362769
0.00451902
0.00612995
0.00383555
-0.00409573
-0.0159551
-0.027132
-0.0332438
-0.0340064
-0.0328466
-0.0325723
-0.0332087
-0.0337538
-0.0342724
-0.0348331
-0.0354576
-0.036315
-0.036413
-0.0341994
-0.0308126
-0.0280812
-0.0271657
-0.0273001
-0.0275126
-0.0267188
-0.0237367
-0.0191005
-0.0123096
-0.00336539
0.00726292
0.018674
0.0308639
0.0431804
0.0554342
0.0648033
0.070192
0.0727713
0.0742639
0.0753822
0.0760826
0.0738308
0.0665158
0.0568858
0.0475972
0.039325
0.032706
0.0284656
0.0260361
0.0248292
0.0241416
0.0236699
0.023278
0.0229523
0.0226457
0.0223591
0.0220622
0.0217794
0.0215024
0.0212161
0.020887
0.0205158
0.0200951
0.0196853
0.01928
0.0188955
0.0185195
0.0181769
0.0178362
0.0175214
0.0172155
0.0169123
0.0165637
0.016184
0.0157035
0.0152912
0.0147754
0.0143754
0.0138733
0.0134465
0.0129909
0.0125413
0.0121548
0.0116921
0.0112952
0.0108446
0.0104571
0.0100148
0.00964629
0.009183
0.00879293
0.00831317
0.00790721
0.00745534
0.00701873
0.00658532
0.00611913
0.00567929
0.00523232
0.00476559
0.00420408
0.00375742
0.00477364
0.00634117
0.00388188
-0.00411999
-0.0159556
-0.0270985
-0.0332063
-0.0341029
-0.0330655
-0.0327711
-0.0333294
-0.0338181
-0.0343046
-0.0348478
-0.0354574
-0.0362674
-0.0363028
-0.0340567
-0.0305813
-0.027783
-0.0269286
-0.0271645
-0.0274944
-0.0267829
-0.023824
-0.0191936
-0.0124184
-0.00344448
0.00720094
0.0186607
0.0308518
0.0432218
0.0555504
0.0649902
0.0703302
0.0728501
0.0742935
0.0753665
0.0759617
0.0736247
0.0663174
0.0566984
0.0474669
0.0392088
0.0326019
0.0283802
0.0259822
0.024798
0.0241293
0.0236638
0.0232769
0.0229513
0.0226463
0.0223586
0.022063
0.0217785
0.0215024
0.0212142
0.0208867
0.0205147
0.0200951
0.0196851
0.019281
0.0188958
0.0185207
0.0181768
0.0178372
0.0175207
0.0172155
0.0169105
0.0165635
0.0161829
0.0157035
0.0152906
0.0147757
0.014375
0.0138738
0.0134462
0.0129913
0.012541
0.0121551
0.0116919
0.0112955
0.0108443
0.0104575
0.0100145
0.00964665
0.00918273
0.00879328
0.00831289
0.00790755
0.00745504
0.00701911
0.00658496
0.00611945
0.00567895
0.00523334
0.00477068
0.00423721
0.0038863
0.00502859
0.00655761
0.00393461
-0.00414041
-0.0159569
-0.02707
-0.0331747
-0.0342017
-0.0332838
-0.0329702
-0.0334511
-0.033883
-0.0343368
-0.0348623
-0.0354567
-0.0362202
-0.0361946
-0.0339155
-0.0303477
-0.0274809
-0.0266897
-0.0270283
-0.0274767
-0.0268497
-0.0239137
-0.0192889
-0.0125293
-0.00352639
0.00713764
0.0186465
0.0308399
0.0432631
0.0556704
0.0651826
0.070472
0.0729299
0.0743235
0.075351
0.0758434
0.0734233
0.0661199
0.0565092
0.0473345
0.039091
0.0324953
0.0282926
0.0259265
0.024766
0.0241166
0.0236576
0.0232757
0.0229504
0.022647
0.0223581
0.0220636
0.0217777
0.0215023
0.0212124
0.0208864
0.0205136
0.020095
0.0196849
0.019282
0.0188961
0.0185219
0.0181768
0.0178381
0.0175201
0.0172155
0.0169088
0.0165632
0.0161818
0.0157033
0.0152901
0.0147761
0.0143746
0.0138741
0.0134459
0.0129917
0.0125407
0.0121554
0.0116916
0.0112959
0.010844
0.0104579
0.0100142
0.009647
0.00918246
0.00879361
0.00831263
0.00790789
0.00745474
0.00701948
0.00658461
0.00611973
0.00567863
0.00523436
0.00477605
0.00427081
0.00401432
0.00528305
0.00677886
0.0039932
-0.00415647
-0.0159584
-0.0270468
-0.0331485
-0.0343021
-0.0335014
-0.0331687
-0.0335729
-0.033948
-0.0343692
-0.034877
-0.0354557
-0.0361737
-0.0360885
-0.033776
-0.030113
-0.0271756
-0.0264493
-0.0268919
-0.0274602
-0.0269193
-0.0240051
-0.0193865
-0.0126425
-0.0036107
0.00707363
0.0186313
0.0308278
0.0433036
0.0557932
0.0653796
0.0706175
0.0730111
0.0743538
0.0753353
0.0757271
0.073227
0.065925
0.0563192
0.0472004
0.0389714
0.0323862
0.0282034
0.0258698
0.0247337
0.0241037
0.0236514
0.0232744
0.0229495
0.0226476
0.0223577
0.0220643
0.0217769
0.0215021
0.0212106
0.020886
0.0205125
0.020095
0.0196848
0.019283
0.0188964
0.0185231
0.0181769
0.0178391
0.0175196
0.0172155
0.0169071
0.0165629
0.0161807
0.0157033
0.0152896
0.0147764
0.0143743
0.0138745
0.0134456
0.012992
0.0125405
0.0121557
0.0116914
0.0112962
0.0108437
0.0104582
0.010014
0.00964731
0.00918226
0.00879389
0.00831241
0.00790821
0.00745447
0.00701984
0.00658429
0.00612
0.00567834
0.00523537
0.00478153
0.0043044
0.00414029
0.00553621
0.00700438
0.00405744
-0.00416819
-0.0159601
-0.0270288
-0.0331277
-0.0344039
-0.0337176
-0.0333662
-0.0336946
-0.034013
-0.0344016
-0.034892
-0.0354547
-0.0361279
-0.0359851
-0.0336387
-0.029878
-0.0268683
-0.026208
-0.0267556
-0.0274449
-0.0269916
-0.024098
-0.0194859
-0.0127578
-0.00369707
0.00700903
0.0186153
0.0308158
0.0433433
0.0559182
0.0655806
0.0707663
0.0730935
0.0743846
0.0753197
0.0756131
0.0730365
0.0657335
0.056129
0.0470651
0.0388506
0.0322748
0.0281128
0.0258121
0.0247011
0.0240906
0.0236452
0.023273
0.0229485
0.0226481
0.0223573
0.0220649
0.0217762
0.0215019
0.0212088
0.0208857
0.0205115
0.0200949
0.0196846
0.019284
0.0188968
0.0185243
0.018177
0.0178399
0.0175191
0.0172155
0.0169055
0.0165626
0.0161798
0.0157031
0.0152891
0.0147767
0.014374
0.0138749
0.0134454
0.0129924
0.0125403
0.012156
0.0116912
0.0112965
0.0108435
0.0104585
0.0100138
0.00964765
0.00918206
0.00879422
0.0083122
0.00790853
0.00745425
0.00702016
0.00658401
0.00612026
0.00567808
0.00523637
0.00478706
0.00433773
0.00426382
0.00578794
0.00723339
0.00412713
-0.00417614
-0.0159628
-0.027016
-0.0331125
-0.0345069
-0.0339314
-0.0335623
-0.033816
-0.0340778
-0.0344335
-0.0349066
-0.0354533
-0.036083
-0.0358845
-0.0335045
-0.029643
-0.0265596
-0.0259671
-0.0266199
-0.0274303
-0.027066
-0.0241924
-0.0195866
-0.0128741
-0.00378545
0.0069437
0.0185985
0.0308041
0.0433822
0.056046
0.0657854
0.0709173
0.0731761
0.0744154
0.0753046
0.0755027
0.0728524
0.0655446
0.0559388
0.046929
0.0387293
0.0321621
0.0280208
0.0257533
0.0246681
0.0240772
0.0236389
0.0232716
0.0229477
0.0226485
0.0223569
0.0220654
0.0217755
0.0215016
0.0212071
0.0208853
0.0205106
0.0200948
0.0196845
0.0192849
0.0188973
0.0185254
0.0181772
0.0178408
0.0175187
0.0172153
0.0169039
0.0165623
0.0161788
0.015703
0.0152887
0.014777
0.0143737
0.0138753
0.0134452
0.0129928
0.0125401
0.0121563
0.011691
0.0112968
0.0108434
0.0104588
0.0100136
0.00964792
0.0091819
0.0087945
0.00831202
0.00790881
0.00745405
0.00702045
0.00658375
0.0061205
0.00567784
0.00523735
0.00479273
0.00437093
0.004385
0.00603699
0.00746513
0.00420176
-0.00418055
-0.0159665
-0.0270084
-0.0331028
-0.0346104
-0.0341423
-0.033756
-0.0339365
-0.0341421
-0.034465
-0.0349209
-0.0354518
-0.0360393
-0.035787
-0.0333735
-0.0294089
-0.0262502
-0.025727
-0.0264852
-0.0274167
-0.0271425
-0.0242878
-0.0196882
-0.0129913
-0.0038753
0.00687803
0.018581
0.0307926
0.0434202
0.0561757
0.0659935
0.0710704
0.0732591
0.0744463
0.0752901
0.0753957
0.0726749
0.0653593
0.0557492
0.0467925
0.0386078
0.0320482
0.027928
0.0256936
0.024635
0.0240637
0.0236327
0.0232702
0.0229468
0.022649
0.0223566
0.0220658
0.021775
0.0215013
0.0212055
0.0208848
0.0205096
0.0200948
0.0196845
0.0192858
0.0188977
0.0185265
0.0181773
0.0178415
0.0175183
0.0172152
0.0169024
0.0165619
0.0161778
0.0157029
0.0152882
0.0147772
0.0143735
0.0138756
0.013445
0.0129931
0.0125399
0.0121566
0.0116908
0.0112971
0.0108432
0.0104591
0.0100134
0.00964819
0.00918171
0.00879479
0.00831183
0.00790907
0.00745386
0.00702071
0.00658351
0.00612071
0.00567762
0.00523832
0.00479847
0.00440368
0.00450312
0.00628309
0.0076991
0.00428092
-0.00418138
-0.015971
-0.027006
-0.0330983
-0.0347142
-0.0343498
-0.033947
-0.0340555
-0.0342057
-0.034496
-0.0349351
-0.0354503
-0.0359968
-0.035693
-0.0332464
-0.0291766
-0.0259412
-0.0254884
-0.0263518
-0.0274041
-0.0272207
-0.024384
-0.0197904
-0.013109
-0.00396633
0.00681218
0.0185628
0.0307812
0.0434568
0.0563068
0.0662041
0.0712251
0.0733421
0.0744773
0.0752761
0.0752925
0.0725044
0.0651783
0.0555609
0.0466561
0.0384864
0.0319335
0.0278345
0.0256334
0.0246018
0.0240502
0.0236266
0.0232687
0.022946
0.0226494
0.0223563
0.0220663
0.0217744
0.0215009
0.0212039
0.0208844
0.0205087
0.0200947
0.0196844
0.0192867
0.0188981
0.0185275
0.0181775
0.0178423
0.017518
0.017215
0.0169009
0.0165615
0.0161769
0.0157027
0.0152878
0.0147774
0.0143732
0.0138759
0.0134448
0.0129933
0.0125398
0.0121568
0.0116906
0.0112973
0.010843
0.0104593
0.0100133
0.0096484
0.00918157
0.00879502
0.00831169
0.0079093
0.00745369
0.00702095
0.00658328
0.0061209
0.00567741
0.00523926
0.00480421
0.0044358
0.0046177
0.00652555
0.00793482
0.00436428
-0.00417872
-0.0159759
-0.0270087
-0.0330988
-0.0348178
-0.0345534
-0.0341348
-0.034173
-0.0342685
-0.0345265
-0.0349491
-0.0354486
-0.0359558
-0.0356027
-0.0331235
-0.0289466
-0.0256331
-0.0252521
-0.02622
-0.0273926
-0.0273006
-0.0244806
-0.0198929
-0.013227
-0.00405829
0.00674625
0.0185439
0.03077
0.0434922
0.0564389
0.0664169
0.071381
0.0734248
0.0745082
0.0752628
0.0751932
0.0723412
0.0650022
0.0553743
0.0465202
0.0383655
0.0318184
0.0277406
0.0255728
0.0245687
0.0240365
0.0236204
0.0232672
0.0229452
0.0226498
0.022356
0.0220667
0.021774
0.0215006
0.0212024
0.0208839
0.0205078
0.0200945
0.0196843
0.0192875
0.0188986
0.0185284
0.0181777
0.0178429
0.0175177
0.0172148
0.0168995
0.0165611
0.016176
0.0157025
0.0152874
0.0147776
0.014373
0.0138761
0.0134446
0.0129936
0.0125396
0.012157
0.0116905
0.0112975
0.0108429
0.0104595
0.0100131
0.00964862
0.00918141
0.00879527
0.00831154
0.00790953
0.00745354
0.00702116
0.00658307
0.00612107
0.00567722
0.00524019
0.00480993
0.00446713
0.00472846
0.00676399
0.00817182
0.00445129
-0.00417263
-0.0159815
-0.0270166
-0.0331043
-0.0349211
-0.0347528
-0.0343189
-0.0342885
-0.0343303
-0.0345563
-0.0349627
-0.035447
-0.0359164
-0.0355162
-0.0330051
-0.0287197
-0.0253268
-0.0250186
-0.0260903
-0.0273821
-0.0273819
-0.0245774
-0.0199953
-0.0133449
-0.00415096
0.00668046
0.0185244
0.0307591
0.043526
0.0565716
0.0666312
0.0715376
0.0735071
0.0745389
0.0752503
0.075098
0.0721859
0.0648314
0.0551899
0.0463852
0.0382455
0.0317031
0.0276466
0.025512
0.0245357
0.0240229
0.0236144
0.0232656
0.0229445
0.0226501
0.0223557
0.022067
0.0217735
0.0215001
0.0212009
0.0208834
0.020507
0.0200944
0.0196843
0.0192883
0.018899
0.0185293
0.0181779
0.0178436
0.0175175
0.0172145
0.0168982
0.0165606
0.0161751
0.0157023
0.015287
0.0147778
0.0143728
0.0138764
0.0134445
0.0129938
0.0125395
0.0121572
0.0116904
0.0112977
0.0108428
0.0104597
0.010013
0.00964879
0.00918129
0.00879546
0.00831142
0.00790971
0.00745341
0.00702135
0.00658287
0.00612123
0.00567706
0.0052411
0.0048156
0.00449756
0.00483499
0.00699765
0.00840976
0.00454153
-0.00416322
-0.0159875
-0.0270296
-0.0331144
-0.0350236
-0.0349474
-0.034499
-0.0344018
-0.0343908
-0.0345855
-0.034976
-0.0354454
-0.0358786
-0.0354337
-0.0328918
-0.0284964
-0.0250229
-0.0247886
-0.0259629
-0.0273725
-0.0274645
-0.024674
-0.0200973
-0.0134624
-0.00424406
0.00661494
0.0185042
0.0307484
0.0435581
0.0567044
0.0668466
0.0716944
0.0735886
0.0745693
0.0752387
0.0750072
0.0720386
0.0646662
0.0550083
0.0462514
0.0381268
0.0315879
0.0275526
0.0254512
0.0245029
0.0240092
0.0236084
0.023264
0.0229438
0.0226504
0.0223555
0.0220673
0.0217732
0.0214997
0.0211995
0.0208828
0.0205061
0.0200943
0.0196843
0.019289
0.0188995
0.0185302
0.0181781
0.0178442
0.0175174
0.0172143
0.0168969
0.0165601
0.0161743
0.0157021
0.0152867
0.0147779
0.0143726
0.0138766
0.0134443
0.012994
0.0125394
0.0121574
0.0116902
0.0112979
0.0108427
0.0104598
0.0100129
0.00964897
0.00918115
0.00879568
0.0083113
0.0079099
0.00745329
0.00702152
0.00658269
0.00612136
0.0056769
0.00524198
0.00482119
0.00452693
0.00493706
0.00722619
0.00864815
0.00463445
-0.00415067
-0.0159941
-0.0270473
-0.033129
-0.035125
-0.0351369
-0.0346746
-0.0345126
-0.03445
-0.0346139
-0.0349889
-0.0354438
-0.0358426
-0.0353553
-0.0327837
-0.0282775
-0.0247223
-0.0245625
-0.0258381
-0.0273638
-0.027548
-0.0247703
-0.0201987
-0.0135791
-0.00433734
0.00654991
0.0184834
0.0307379
0.0435885
0.056837
0.0670625
0.0718511
0.0736691
0.0745994
0.0752279
0.0749209
0.0718996
0.0645071
0.0548298
0.0461193
0.0380096
0.0314733
0.027459
0.0253905
0.0244705
0.0239956
0.0236024
0.0232624
0.022943
0.0226506
0.0223553
0.0220676
0.0217728
0.0214993
0.0211982
0.0208823
0.0205053
0.0200941
0.0196843
0.0192897
0.0189
0.018531
0.0181783
0.0178447
0.0175172
0.017214
0.0168957
0.0165596
0.0161735
0.0157019
0.0152863
0.014778
0.0143724
0.0138768
0.0134442
0.0129942
0.0125393
0.0121575
0.0116902
0.011298
0.0108426
0.01046
0.0100128
0.00964909
0.00918106
0.00879583
0.00831122
0.00791006
0.00745319
0.00702167
0.00658252
0.00612149
0.00567677
0.00524284
0.00482667
0.00455516
0.00503429
0.00744898
0.00888636
0.00472971
-0.00413514
-0.0160012
-0.0270698
-0.0331477
-0.0352251
-0.035321
-0.0348454
-0.0346206
-0.0345076
-0.0346415
-0.0350013
-0.0354422
-0.0358085
-0.0352813
-0.0326811
-0.0280634
-0.0244254
-0.0243411
-0.0257163
-0.0273559
-0.0276323
-0.0248659
-0.0202989
-0.0136947
-0.00443054
0.00648547
0.0184621
0.0307278
0.0436171
0.0569689
0.0672783
0.0720071
0.0737484
0.0746291
0.0752181
0.0748392
0.0717689
0.0643544
0.054655
0.0459893
0.0378943
0.0313596
0.0273659
0.0253301
0.0244385
0.0239821
0.0235966
0.0232608
0.0229423
0.0226508
0.022355
0.0220678
0.0217726
0.0214988
0.021197
0.0208817
0.0205046
0.020094
0.0196843
0.0192904
0.0189004
0.0185318
0.0181785
0.0178452
0.0175171
0.0172137
0.0168946
0.0165591
0.0161727
0.0157017
0.015286
0.0147781
0.0143723
0.013877
0.013444
0.0129944
0.0125392
0.0121577
0.0116901
0.0112982
0.0108425
0.0104601
0.0100128
0.00964923
0.00918094
0.00879601
0.00831112
0.00791022
0.00745311
0.0070218
0.00658237
0.0061216
0.00567665
0.00524367
0.00483202
0.00458211
0.00512653
0.00766575
0.00912362
0.00482687
-0.00411682
-0.0160086
-0.0270967
-0.0331703
-0.0353235
-0.0354991
-0.035011
-0.0347257
-0.0345635
-0.0346682
-0.0350134
-0.0354408
-0.0357763
-0.0352116
-0.0325845
-0.0278548
-0.0241332
-0.0241249
-0.0255977
-0.0273489
-0.027717
-0.0249604
-0.0203977
-0.0138088
-0.00452337
0.0064218
0.0184403
0.0307179
0.0436436
0.0570997
0.0674936
0.072162
0.0738262
0.0746582
0.0752093
0.0747622
0.0716468
0.0642085
0.0544842
0.0458617
0.0377813
0.0312471
0.0272737
0.0252702
0.024407
0.0239687
0.0235908
0.0232591
0.0229416
0.0226509
0.0223548
0.022068
0.0217723
0.0214984
0.0211958
0.020881
0.0205038
0.0200938
0.0196843
0.019291
0.0189008
0.0185325
0.0181787
0.0178457
0.0175171
0.0172134
0.0168935
0.0165585
0.0161719
0.0157016
0.0152857
0.0147782
0.0143721
0.0138772
0.0134439
0.0129946
0.0125391
0.0121578
0.01169
0.0112983
0.0108425
0.0104602
0.0100127
0.00964932
0.00918087
0.00879614
0.00831106
0.00791034
0.00745303
0.00702191
0.00658223
0.0061217
0.00567655
0.00524447
0.00483719
0.00460771
0.0052134
0.00787587
0.00935903
0.00492561
-0.00409589
-0.0160164
-0.0271278
-0.0331965
-0.0354199
-0.0356709
-0.0351709
-0.0348274
-0.0346175
-0.0346939
-0.035025
-0.0354395
-0.035746
-0.0351464
-0.0324939
-0.0276524
-0.0238464
-0.0239144
-0.0254827
-0.0273426
-0.0278019
-0.0250537
-0.0204948
-0.013921
-0.00461547
0.00635905
0.0184181
0.0307083
0.0436681
0.0572288
0.0677076
0.0723153
0.0739022
0.0746867
0.0752016
0.0746899
0.0715334
0.0640698
0.054318
0.0457369
0.0376709
0.0311363
0.0271826
0.025211
0.0243761
0.0239555
0.0235852
0.0232575
0.022941
0.022651
0.0223546
0.0220681
0.0217721
0.0214979
0.0211948
0.0208804
0.0205031
0.0200937
0.0196843
0.0192916
0.0189013
0.0185332
0.0181789
0.0178461
0.0175171
0.0172131
0.0168926
0.016558
0.0161712
0.0157014
0.0152855
0.0147783
0.014372
0.0138773
0.0134438
0.0129947
0.012539
0.012158
0.0116899
0.0112984
0.0108424
0.0104603
0.0100126
0.00964943
0.00918076
0.00879629
0.00831099
0.00791047
0.00745297
0.00702201
0.0065821
0.00612178
0.00567645
0.00524524
0.00484217
0.00463184
0.0052948
0.00807893
0.00959171
0.00502538
-0.0040726
-0.0160245
-0.0271628
-0.0332261
-0.035514
-0.0358357
-0.0353247
-0.0349257
-0.0346694
-0.0347185
-0.0350361
-0.0354384
-0.0357179
-0.0350857
-0.0324098
-0.0274568
-0.0235658
-0.0237104
-0.0253716
-0.027337
-0.0278866
-0.0251453
-0.0205897
-0.0140311
-0.00470645
0.00629743
0.0183956
0.0306991
0.0436903
0.0573558
0.0679196
0.0724663
0.0739762
0.0747144
0.075195
0.0746224
0.0714289
0.0639386
0.054157
0.0456154
0.0375636
0.0310275
0.027093
0.0251526
0.0243459
0.0239425
0.0235796
0.0232558
0.0229403
0.0226511
0.0223543
0.0220683
0.0217719
0.0214975
0.0211938
0.0208797
0.0205025
0.0200935
0.0196843
0.0192921
0.0189017
0.0185338
0.0181791
0.0178465
0.0175171
0.0172128
0.0168917
0.0165574
0.0161705
0.0157012
0.0152852
0.0147784
0.0143719
0.0138775
0.0134437
0.0129949
0.012539
0.012158
0.0116899
0.0112985
0.0108424
0.0104604
0.0100126
0.00964948
0.00918071
0.00879639
0.00831096
0.00791056
0.00745292
0.00702209
0.00658198
0.00612186
0.00567638
0.00524598
0.00484693
0.00465445
0.00537037
0.00827403
0.00982071
0.00512567
-0.00404718
-0.0160326
-0.0272013
-0.0332585
-0.0356055
-0.0359933
-0.0354719
-0.03502
-0.0347191
-0.0347421
-0.0350467
-0.0354375
-0.0356919
-0.0350298
-0.0323322
-0.0272687
-0.0232924
-0.0235136
-0.0252649
-0.0273319
-0.0279707
-0.025235
-0.0206818
-0.0141385
-0.00479587
0.00623713
0.0183729
0.0306902
0.0437102
0.05748
0.0681288
0.0726145
0.0740478
0.0747413
0.0751897
0.0745597
0.0713334
0.0638153
0.0540016
0.0454979
0.0374596
0.0309212
0.0270053
0.0250954
0.0243165
0.0239297
0.0235742
0.0232542
0.0229397
0.0226511
0.0223541
0.0220684
0.0217717
0.021497
0.0211929
0.0208791
0.0205018
0.0200933
0.0196843
0.0192926
0.0189021
0.0185343
0.0181793
0.0178469
0.0175171
0.0172126
0.0168909
0.0165568
0.0161699
0.015701
0.015285
0.0147784
0.0143718
0.0138776
0.0134436
0.012995
0.0125389
0.0121582
0.0116898
0.0112986
0.0108423
0.0104605
0.0100126
0.00964956
0.00918062
0.00879652
0.00831091
0.00791067
0.00745288
0.00702216
0.00658187
0.00612193
0.00567632
0.00524667
0.00485144
0.00467543
0.00544001
0.00846059
0.010045
0.00522576
-0.00401992
-0.0160407
-0.0272429
-0.0332935
-0.0356939
-0.0361431
-0.035612
-0.0351102
-0.0347665
-0.0347644
-0.0350568
-0.0354367
-0.0356681
-0.0349787
-0.0322614
-0.0270889
-0.0230276
-0.0233248
-0.0251628
-0.0273274
-0.0280536
-0.0253221
-0.0207708
-0.014243
-0.00488324
0.00617839
0.0183501
0.0306817
0.0437277
0.0576007
0.068334
0.0727591
0.0741167
0.0747672
0.0751855
0.074502
0.0712471
0.0637005
0.0538525
0.0453848
0.0373596
0.0308178
0.0269197
0.0250394
0.024288
0.0239172
0.0235689
0.0232525
0.022939
0.0226511
0.0223539
0.0220684
0.0217716
0.0214966
0.0211921
0.0208784
0.0205012
0.0200932
0.0196843
0.019293
0.0189024
0.0185349
0.0181795
0.0178472
0.0175172
0.0172123
0.0168902
0.0165562
0.0161693
0.0157008
0.0152848
0.0147785
0.0143717
0.0138777
0.0134435
0.0129951
0.0125389
0.0121582
0.0116898
0.0112987
0.0108423
0.0104605
0.0100126
0.00964958
0.00918058
0.00879659
0.00831089
0.00791074
0.00745285
0.00702221
0.00658176
0.006122
0.00567627
0.00524733
0.00485568
0.00469473
0.00550334
0.0086376
0.0102631
0.00532498
-0.00399107
-0.0160485
-0.027287
-0.0333302
-0.0357787
-0.0362847
-0.0357444
-0.0351958
-0.0348112
-0.0347855
-0.0350663
-0.0354362
-0.0356466
-0.0349325
-0.0321976
-0.0269184
-0.0227727
-0.023145
-0.0250657
-0.0273232
-0.0281346
-0.0254061
-0.0208561
-0.0143441
-0.00496812
0.00612143
0.0183273
0.0306737
0.0437426
0.0577173
0.0685341
0.0728991
0.0741824
0.0747919
0.0751824
0.0744495
0.0711701
0.0635947
0.0537107
0.0452771
0.0372639
0.0307178
0.0268368
0.0249851
0.0242605
0.023905
0.0235637
0.0232508
0.0229383
0.022651
0.0223537
0.0220684
0.0217715
0.0214962
0.0211914
0.0208777
0.0205007
0.020093
0.0196843
0.0192934
0.0189028
0.0185353
0.0181796
0.0178475
0.0175173
0.0172121
0.0168896
0.0165556
0.0161687
0.0157007
0.0152846
0.0147785
0.0143716
0.0138778
0.0134435
0.0129952
0.0125388
0.0121583
0.0116897
0.0112987
0.0108423
0.0104606
0.0100125
0.00964964
0.0091805
0.00879669
0.00831086
0.00791082
0.00745284
0.00702226
0.00658168
0.00612206
0.00567623
0.00524794
0.00485962
0.00471226
0.00556031
0.0088043
0.0104736
0.00542248
-0.00396081
-0.0160558
-0.0273326
-0.0333679
-0.0358592
-0.0364179
-0.0358688
-0.0352765
-0.0348532
-0.0348053
-0.0350753
-0.035436
-0.0356275
-0.0348913
-0.0321411
-0.0267581
-0.0225296
-0.022975
-0.024974
-0.0273191
-0.0282129
-0.0254861
-0.0209371
-0.0144413
-0.00505012
0.00606646
0.0183046
0.030666
0.043755
0.0578288
0.0687276
0.0730334
0.0742444
0.0748152
0.0751804
0.0744024
0.0711027
0.0634988
0.0535772
0.0451754
0.0371732
0.0306215
0.0267569
0.0249325
0.0242341
0.0238932
0.0235587
0.0232491
0.0229376
0.0226508
0.0223534
0.0220684
0.0217714
0.0214958
0.0211908
0.020877
0.0205001
0.0200929
0.0196843
0.0192938
0.0189031
0.0185358
0.0181798
0.0178478
0.0175173
0.0172119
0.0168891
0.016555
0.0161681
0.0157006
0.0152845
0.0147785
0.0143715
0.0138779
0.0134434
0.0129953
0.0125388
0.0121584
0.0116897
0.0112988
0.0108423
0.0104606
0.0100125
0.00964964
0.00918047
0.00879674
0.00831085
0.00791087
0.00745283
0.00702229
0.0065816
0.00612211
0.0056762
0.0052485
0.00486323
0.00472797
0.00561061
0.00895958
0.0106745
0.00551735
-0.00392908
-0.0160618
-0.0273789
-0.0334055
-0.0359349
-0.0365426
-0.0359848
-0.0353524
-0.0348924
-0.0348238
-0.0350838
-0.035436
-0.0356108
-0.0348552
-0.0320919
-0.0266092
-0.0223002
-0.0228157
-0.0248877
-0.0273144
-0.0282872
-0.025561
-0.0210136
-0.0145346
-0.0051291
0.00601349
0.018282
0.0306586
0.0437648
0.0579345
0.0689129
0.0731607
0.0743021
0.0748368
0.0751795
0.0743611
0.0710457
0.0634138
0.0534534
0.0450811
0.0370882
0.0305292
0.02668
0.0248818
0.0242087
0.0238817
0.0235537
0.0232474
0.0229369
0.0226506
0.0223532
0.0220684
0.0217713
0.0214954
0.0211902
0.0208764
0.0204996
0.0200928
0.0196844
0.0192941
0.0189034
0.0185362
0.0181799
0.017848
0.0175174
0.0172116
0.0168887
0.0165544
0.0161677
0.0157004
0.0152844
0.0147785
0.0143714
0.013878
0.0134434
0.0129953
0.0125388
0.0121584
0.0116897
0.0112988
0.0108423
0.0104606
0.0100125
0.00964968
0.00918039
0.00879683
0.00831083
0.00791093
0.00745283
0.00702231
0.00658153
0.00612215
0.00567618
0.00524901
0.0048665
0.00474179
0.00565431
0.00910288
0.010864
0.00560856
-0.00389507
-0.0160659
-0.0274241
-0.0334413
-0.0360059
-0.0366591
-0.036093
-0.0354233
-0.0349291
-0.0348409
-0.0350919
-0.0354365
-0.0355967
-0.0348242
-0.0320501
-0.0264726
-0.0220864
-0.0226679
-0.0248066
-0.0273082
-0.0283562
-0.0256291
-0.0210851
-0.0146241
-0.00520557
0.00596234
0.0182596
0.0306513
0.043772
0.0580336
0.0690879
0.0732794
0.0743547
0.0748564
0.0751794
0.0743266
0.0710003
0.0633411
0.0533413
0.0449954
0.0370094
0.0304403
0.0266055
0.0248327
0.0241843
0.0238705
0.0235488
0.0232456
0.0229362
0.0226504
0.0223529
0.0220683
0.0217712
0.0214951
0.0211898
0.0208758
0.0204992
0.0200927
0.0196844
0.0192944
0.0189037
0.0185365
0.0181801
0.0178482
0.0175175
0.0172115
0.0168884
0.0165539
0.0161672
0.0157003
0.0152842
0.0147786
0.0143714
0.0138781
0.0134433
0.0129954
0.0125388
0.0121585
0.0116897
0.0112988
0.0108423
0.0104606
0.0100125
0.00964966
0.00918038
0.00879685
0.00831084
0.00791096
0.00745283
0.00702233
0.00658147
0.0061222
0.00567618
0.00524947
0.00486939
0.0047537
0.00569126
0.00923394
0.0110403
0.00569614
-0.00385691
-0.0160663
-0.0274663
-0.0334739
-0.036073
-0.0367695
-0.0361948
-0.03549
-0.0349634
-0.034857
-0.0350996
-0.0354373
-0.0355852
-0.0347984
-0.0320157
-0.0263483
-0.0218899
-0.0225316
-0.0247281
-0.0272994
-0.0284183
-0.0256886
-0.0211529
-0.0147118
-0.00528109
0.00591234
0.0182369
0.0306439
0.0437766
0.0581261
0.0692516
0.0733882
0.0744015
0.0748738
0.0751802
0.0743001
0.070969
0.0632828
0.0532431
0.0449201
0.0369359
0.0303529
0.0265319
0.0247846
0.0241603
0.0238593
0.0235439
0.0232437
0.0229354
0.0226501
0.0223526
0.0220683
0.0217712
0.0214948
0.0211894
0.0208752
0.0204988
0.0200926
0.0196844
0.0192946
0.0189039
0.0185368
0.0181802
0.0178484
0.0175176
0.0172113
0.0168881
0.0165534
0.0161669
0.0157002
0.0152841
0.0147786
0.0143713
0.0138781
0.0134433
0.0129954
0.0125388
0.0121585
0.0116897
0.0112989
0.0108424
0.0104606
0.0100125
0.00964967
0.00918033
0.00879691
0.00831084
0.007911
0.00745285
0.00702233
0.00658143
0.00612222
0.00567618
0.00524986
0.00487189
0.00476366
0.00572185
0.00935479
0.0112039
0.00578242
-0.00381004
-0.0160608
-0.0275043
-0.0335021
-0.0361383
-0.0368795
-0.0362939
-0.0355539
-0.0349961
-0.0348723
-0.0351069
-0.0354385
-0.0355763
-0.0347779
-0.0319885
-0.0262346
-0.0217098
-0.0224051
-0.0246472
-0.0272858
-0.0284721
-0.0257378
-0.0212193
-0.0148035
-0.00535916
0.00586211
0.0182133
0.0306358
0.0437786
0.0582137
0.0694046
0.0734865
0.0744425
0.0748889
0.0751819
0.0742844
0.070957
0.0632409
0.0531597
0.0448567
0.0368649
0.0302615
0.0264555
0.0247359
0.0241361
0.023848
0.0235388
0.0232417
0.0229345
0.0226498
0.0223524
0.0220682
0.0217711
0.0214945
0.0211892
0.0208747
0.0204985
0.0200925
0.0196845
0.0192948
0.0189041
0.018537
0.0181803
0.0178485
0.0175177
0.0172112
0.0168879
0.016553
0.0161665
0.0157002
0.015284
0.0147786
0.0143713
0.0138782
0.0134433
0.0129955
0.0125388
0.0121585
0.0116898
0.0112989
0.0108424
0.0104606
0.0100126
0.00964963
0.00918034
0.0087969
0.00831086
0.007911
0.00745287
0.00702232
0.00658139
0.00612225
0.0056762
0.0052502
0.00487397
0.0047717
0.0057464
0.00947213
0.0113613
0.00587361
-0.00374479
-0.0160474
-0.0275402
-0.0335263
-0.0362082
-0.0370006
-0.0363965
-0.035617
-0.0350279
-0.0348873
-0.0351139
-0.0354403
-0.0355701
-0.0347626
-0.0319678
-0.0261244
-0.0215391
-0.022282
-0.0245546
-0.0272652
-0.0285192
-0.0257777
-0.0212904
-0.0149108
-0.00544603
0.00580952
0.0181883
0.0306267
0.0437785
0.0583034
0.0695542
0.0735766
0.0744794
0.0749028
0.0751845
0.0742838
0.070973
0.0632163
0.0530884
0.0448052
0.03679
0.0301544
0.0263701
0.0246846
0.0241109
0.023836
0.0235335
0.0232394
0.0229335
0.0226494
0.0223522
0.0220681
0.0217711
0.0214944
0.021189
0.0208744
0.0204983
0.0200924
0.0196845
0.0192949
0.0189043
0.0185372
0.0181804
0.0178486
0.0175178
0.0172111
0.0168877
0.0165527
0.0161663
0.0157001
0.015284
0.0147786
0.0143713
0.0138782
0.0134432
0.0129955
0.0125388
0.0121586
0.0116898
0.0112989
0.0108424
0.0104606
0.0100126
0.00964963
0.00918029
0.00879695
0.00831086
0.00791102
0.00745291
0.0070223
0.00658136
0.00612227
0.00567622
0.00525046
0.00487563
0.00477792
0.00576647
0.0096061
0.0115325
0.00598062
-0.0036492
-0.0160291
-0.0275844
-0.0335514
-0.0362957
-0.0371533
-0.0365119
-0.035682
-0.0350595
-0.0349021
-0.0351207
-0.0354424
-0.0355663
-0.0347521
-0.0319527
-0.0259981
-0.0213564
-0.0221499
-0.0244382
-0.0272405
-0.0285704
-0.0258135
-0.0213788
-0.0150541
-0.00555054
0.00575197
0.0181613
0.0306164
0.0437773
0.0584146
0.0697235
0.0736675
0.0745165
0.0749177
0.0751888
0.0743008
0.071024
0.063204
0.0530178
0.0447601
0.0366983
0.0300111
0.0262667
0.024628
0.0240839
0.0238235
0.0235279
0.0232371
0.0229326
0.022649
0.022352
0.0220681
0.0217712
0.0214943
0.0211889
0.0208741
0.0204982
0.0200924
0.0196846
0.0192951
0.0189044
0.0185373
0.0181805
0.0178487
0.0175179
0.017211
0.0168876
0.0165524
0.0161661
0.0157001
0.015284
0.0147786
0.0143713
0.0138783
0.0134432
0.0129955
0.0125389
0.0121585
0.0116898
0.0112989
0.0108425
0.0104605
0.0100127
0.00964958
0.0091803
0.00879694
0.00831089
0.007911
0.00745295
0.00702228
0.00658134
0.00612228
0.00567625
0.00525066
0.00487684
0.00478242
0.00578467
0.00980043
0.011767
0.00610955
-0.00352883
-0.0160259
-0.0276652
-0.0335839
-0.0364269
-0.0373662
-0.0366456
-0.0357506
-0.0350903
-0.0349158
-0.0351267
-0.0354446
-0.0355645
-0.0347458
-0.0319419
-0.0258128
-0.0211111
-0.0220019
-0.0243029
-0.0272317
-0.0286542
-0.025852
-0.0215106
-0.0152616
-0.00567775
0.0056881
0.0181333
0.0306059
0.0437764
0.0585901
0.0699636
0.0737769
0.0745585
0.0749359
0.0751961
0.0743224
0.0710972
0.0631803
0.0529176
0.0447141
0.0365639
0.0298036
0.0261401
0.0245647
0.0240562
0.0238113
0.0235227
0.023235
0.0229318
0.0226488
0.0223519
0.0220681
0.0217712
0.0214942
0.0211889
0.020874
0.0204981
0.0200924
0.0196847
0.0192951
0.0189045
0.0185374
0.0181805
0.0178487
0.017518
0.017211
0.0168876
0.0165522
0.0161659
0.0157001
0.015284
0.0147787
0.0143712
0.0138783
0.0134432
0.0129956
0.0125389
0.0121585
0.0116899
0.0112988
0.0108426
0.0104605
0.0100127
0.00964951
0.00918032
0.0087969
0.00831094
0.00791096
0.00745299
0.00702226
0.00658132
0.0061223
0.00567628
0.0052508
0.00487765
0.00478534
0.00580339
0.010067
0.0120935
0.0062283
-0.00341609
-0.0160668
-0.0277889
-0.033603
-0.0366203
-0.0376243
-0.0367647
-0.035809
-0.0351152
-0.0349257
-0.0351306
-0.0354462
-0.035564
-0.0347431
-0.0319358
-0.0255537
-0.0207781
-0.0218723
-0.0241816
-0.0272678
-0.0287782
-0.025873
-0.0217039
-0.0155173
-0.00579413
0.00563199
0.0181096
0.0305974
0.0437773
0.0588433
0.0702943
0.0738993
0.0746002
0.0749535
0.0752047
0.0743244
0.0711658
0.0631194
0.0527799
0.0446882
0.0363685
0.0295478
0.0260241
0.0245088
0.0240326
0.0238019
0.0235192
0.0232338
0.0229314
0.0226487
0.0223519
0.0220681
0.0217713
0.0214942
0.0211889
0.0208739
0.0204981
0.0200924
0.0196847
0.0192952
0.0189046
0.0185375
0.0181805
0.0178488
0.017518
0.017211
0.0168876
0.0165522
0.0161658
0.0157002
0.0152839
0.0147788
0.0143711
0.0138784
0.0134432
0.0129956
0.012539
0.0121584
0.0116899
0.0112988
0.0108426
0.0104604
0.0100128
0.00964943
0.0091804
0.00879682
0.00831101
0.00791091
0.00745302
0.00702225
0.0065813
0.00612232
0.0056763
0.00525088
0.00487804
0.00478679
0.00581625
)
;

boundaryField
{
    inlet
    {
        type            cyclic;
    }
    outlet
    {
        type            cyclic;
    }
    bottomWall
    {
        type            zeroGradient;
    }
    topWall
    {
        type            zeroGradient;
    }
    frontAndBack
    {
        type            empty;
    }
}


// ************************************************************************* //
