/*--------------------------------*- C++ -*----------------------------------*\
  =========                 |
  \\      /  F ield         | OpenFOAM: The Open Source CFD Toolbox
   \\    /   O peration     | Website:  https://openfoam.org
    \\  /    A nd           | Version:  11
     \\/     M anipulation  |
\*---------------------------------------------------------------------------*/
FoamFile
{
    format      ascii;
    class       volVectorField;
    location    "1000";
    object      wallShearStress;
}
// * * * * * * * * * * * * * * * * * * * * * * * * * * * * * * * * * * * * * //

dimensions      [0 2 -2 0 0 0 0];

internalField   uniform (0 0 0);

boundaryField
{
    inlet
    {
        type            cyclic;
    }
    outlet
    {
        type            cyclic;
    }
    bottomWall
    {
        type            calculated;
        value           nonuniform List<vector> 
100
(
(-0.303134 -0.000121424 0)
(-0.3032 3.045e-05 0)
(-0.302126 4.69367e-05 0)
(-0.302233 -1.31765e-05 0)
(-0.302126 -1.51139e-05 0)
(-0.303254 -6.14491e-05 0)
(-0.303176 -4.69474e-05 0)
(-0.303417 6.70077e-05 0)
(-0.302202 0.000120216 0)
(-0.301823 4.82818e-05 0)
(-0.301707 2.04762e-05 0)
(-0.301672 9.11645e-06 0)
(-0.30166 3.1857e-06 0)
(-0.30164 -5.79345e-05 0)
(-0.302077 -5.72599e-05 0)
(-0.302063 -3.81775e-05 0)
(-0.303238 -5.50965e-05 0)
(-0.303653 -2.66784e-05 0)
(-0.303751 -2.11711e-05 0)
(-0.303217 -2.66631e-05 0)
(-0.30342 -1.71661e-05 0)
(-0.303495 -7.01892e-06 0)
(-0.303527 -2.57243e-06 0)
(-0.303543 -8.23698e-07 0)
(-0.303552 -5.34196e-08 0)
(-0.303554 -2.71412e-08 0)
(-0.303553 -8.46977e-08 0)
(-0.303549 -8.9888e-08 0)
(-0.303546 1.85296e-08 0)
(-0.303544 6.06518e-08 0)
(-0.303544 5.4558e-08 0)
(-0.303544 -1.98509e-08 0)
(-0.303545 -2.39045e-07 0)
(-0.303544 -5.22128e-07 0)
(-0.303542 -6.68606e-07 0)
(-0.303539 -5.71209e-07 0)
(-0.303536 -3.20416e-07 0)
(-0.303535 -2.42678e-07 0)
(-0.303536 9.1668e-05 0)
(-0.302242 0.000130886 0)
(-0.30184 5.42583e-05 0)
(-0.301721 2.29956e-05 0)
(-0.301687 1.03782e-05 0)
(-0.301677 4.5308e-06 0)
(-0.301672 1.80167e-06 0)
(-0.301667 7.23028e-07 0)
(-0.301664 3.29234e-07 0)
(-0.301663 2.23072e-07 0)
(-0.301663 1.57926e-07 0)
(-0.301663 1.15285e-07 0)
(-0.301664 5.38612e-08 0)
(-0.301664 4.77815e-08 0)
(-0.301664 1.06464e-08 0)
(-0.301665 2.30237e-08 0)
(-0.301665 -1.93114e-09 0)
(-0.301665 2.20493e-08 0)
(-0.301665 -2.58003e-10 0)
(-0.301666 2.0443e-08 0)
(-0.301666 4.12558e-09 0)
(-0.301666 1.49029e-08 0)
(-0.301665 6.27405e-09 0)
(-0.301665 1.33858e-08 0)
(-0.301665 -2.68713e-09 0)
(-0.301666 8.03789e-09 0)
(-0.301666 -1.13835e-08 0)
(-0.301666 8.14459e-09 0)
(-0.301666 -1.06999e-08 0)
(-0.301667 1.50329e-08 0)
(-0.301667 -5.2108e-09 0)
(-0.301667 1.65054e-08 0)
(-0.301667 6.91901e-10 0)
(-0.301667 1.12304e-08 0)
(-0.301666 4.21166e-09 0)
(-0.301666 8.99139e-09 0)
(-0.301666 3.16058e-09 0)
(-0.301666 8.84594e-09 0)
(-0.301666 2.87743e-11 0)
(-0.301666 8.09004e-09 0)
(-0.301667 -2.2639e-09 0)
(-0.301667 8.19193e-09 0)
(-0.301667 -2.19735e-09 0)
(-0.301667 6.3431e-09 0)
(-0.301667 -2.44838e-09 0)
(-0.301667 5.82877e-09 0)
(-0.301667 -1.99273e-09 0)
(-0.301667 7.01663e-09 0)
(-0.301667 -3.56597e-09 0)
(-0.301667 6.45935e-09 0)
(-0.301667 -6.44284e-09 0)
(-0.301667 4.10859e-09 0)
(-0.301667 -3.09066e-09 0)
(-0.301667 4.79006e-09 0)
(-0.301667 -3.4896e-09 0)
(-0.301667 3.89256e-09 0)
(-0.301667 -6.47489e-09 0)
(-0.301667 -9.12811e-10 0)
(-0.301667 -2.82159e-08 0)
(-0.301667 -8.72401e-08 0)
(-0.301665 -5.01204e-07 0)
(-0.301644 -8.56278e-05 0)
)
;
    }
    topWall
    {
        type            calculated;
        value           nonuniform List<vector> 
100
(
(-0.303485 -9.29496e-05 0)
(-0.302202 -0.000127211 0)
(-0.301829 7.49637e-06 0)
(-0.30216 3.52151e-05 0)
(-0.302114 2.94027e-05 0)
(-0.303207 5.01504e-05 0)
(-0.303613 2.4277e-05 0)
(-0.3037 1.98833e-05 0)
(-0.303211 2.60392e-05 0)
(-0.303399 1.72129e-05 0)
(-0.30346 7.25212e-06 0)
(-0.303482 2.94263e-06 0)
(-0.303491 1.11617e-06 0)
(-0.303499 1.96909e-07 0)
(-0.303506 -2.75956e-07 0)
(-0.303514 -4.71558e-07 0)
(-0.30352 -5.62824e-07 0)
(-0.303523 -3.6359e-07 0)
(-0.303523 -9.10856e-05 0)
(-0.302231 -0.000128348 0)
(-0.301833 6.90264e-06 0)
(-0.302151 3.48669e-05 0)
(-0.3021 2.88916e-05 0)
(-0.303202 4.99393e-05 0)
(-0.303607 2.40585e-05 0)
(-0.303696 1.96301e-05 0)
(-0.303208 2.56705e-05 0)
(-0.3034 1.67457e-05 0)
(-0.303466 6.81094e-06 0)
(-0.30349 2.60997e-06 0)
(-0.303501 1.01827e-06 0)
(-0.303505 2.86003e-07 0)
(-0.303507 -9.05405e-05 0)
(-0.302221 -0.000128871 0)
(-0.301843 -5.19095e-05 0)
(-0.301736 -2.11373e-05 0)
(-0.301706 -9.12671e-06 0)
(-0.301697 -3.16267e-06 0)
(-0.301679 5.77642e-05 0)
(-0.302112 5.67439e-05 0)
(-0.302091 3.76672e-05 0)
(-0.303199 5.42844e-05 0)
(-0.303602 2.59989e-05 0)
(-0.30369 2.04856e-05 0)
(-0.303199 2.60754e-05 0)
(-0.303388 1.68989e-05 0)
(-0.303453 6.83491e-06 0)
(-0.303477 2.64685e-06 0)
(-0.303487 1.05727e-06 0)
(-0.303492 4.06022e-07 0)
(-0.303495 1.43357e-07 0)
(-0.303496 4.71433e-08 0)
(-0.303497 2.67543e-09 0)
(-0.303498 -3.14022e-09 0)
(-0.303498 -1.31019e-08 0)
(-0.303498 -1.12607e-08 0)
(-0.303499 -7.19813e-09 0)
(-0.303499 5.38716e-09 0)
(-0.303499 1.43727e-08 0)
(-0.303499 1.55128e-08 0)
(-0.303499 7.4491e-09 0)
(-0.303499 -3.0256e-09 0)
(-0.303499 -1.21776e-08 0)
(-0.303499 -1.08088e-08 0)
(-0.303499 -1.68563e-08 0)
(-0.303499 -1.02139e-08 0)
(-0.303499 -1.31722e-08 0)
(-0.3035 -8.69813e-09 0)
(-0.3035 -4.04214e-09 0)
(-0.3035 8.08686e-09 0)
(-0.3035 1.79645e-08 0)
(-0.303499 1.79984e-08 0)
(-0.303499 1.53724e-08 0)
(-0.303499 -9.08104e-10 0)
(-0.303499 8.11784e-09 0)
(-0.303499 -4.49162e-09 0)
(-0.303499 2.07086e-09 0)
(-0.303499 -2.29082e-09 0)
(-0.303499 -2.48735e-09 0)
(-0.303499 2.90531e-09 0)
(-0.303499 -7.74278e-09 0)
(-0.303499 2.92019e-09 0)
(-0.303499 -5.38747e-09 0)
(-0.303499 1.38143e-09 0)
(-0.303499 -4.76744e-09 0)
(-0.303499 4.17286e-09 0)
(-0.303499 -6.52335e-09 0)
(-0.303499 7.81972e-09 0)
(-0.303499 -6.20806e-09 0)
(-0.303499 4.61745e-09 0)
(-0.303499 -4.74357e-09 0)
(-0.3035 -7.28394e-10 0)
(-0.303499 -7.31973e-10 0)
(-0.3035 -6.23592e-11 0)
(-0.3035 -1.03697e-09 0)
(-0.3035 -4.46171e-09 0)
(-0.3035 -2.02941e-08 0)
(-0.3035 -6.23514e-08 0)
(-0.3035 -1.80839e-07 0)
(-0.303502 -2.34366e-06 0)
)
;
    }
    frontAndBack
    {
        type            empty;
    }
}


// ************************************************************************* //
