/*--------------------------------*- C++ -*----------------------------------*\
  =========                 |
  \\      /  F ield         | OpenFOAM: The Open Source CFD Toolbox
   \\    /   O peration     | Website:  https://openfoam.org
    \\  /    A nd           | Version:  11
     \\/     M anipulation  |
\*---------------------------------------------------------------------------*/
FoamFile
{
    format      ascii;
    class       volScalarField;
    location    "500";
    object      k;
}
// * * * * * * * * * * * * * * * * * * * * * * * * * * * * * * * * * * * * * //

dimensions      [0 2 -2 0 0 0 0];

internalField   nonuniform List<scalar> 
5000
(
1.11169
1.03181
1.0409
1.07997
1.08319
1.11339
1.03232
1.02797
1.04055
1.04161
1.04271
1.04316
1.04329
1.04325
1.08166
1.08389
1.1135
1.11565
1.11611
1.03304
1.02814
1.02801
1.02807
1.02809
1.02809
1.02808
1.02807
1.02806
1.02804
1.02803
1.02802
1.02802
1.02803
1.02805
1.02807
1.02807
1.02807
1.02806
1.02817
1.04029
1.0414
1.04252
1.043
1.04315
1.04321
1.04324
1.04326
1.04328
1.04329
1.0433
1.0433
1.04331
1.04331
1.04332
1.04332
1.04332
1.04333
1.04333
1.04333
1.04333
1.04334
1.04334
1.04334
1.04335
1.04335
1.04335
1.04335
1.04335
1.04335
1.04335
1.04335
1.04335
1.04335
1.04335
1.04335
1.04334
1.04335
1.04334
1.04335
1.04334
1.04334
1.04334
1.04334
1.04334
1.04334
1.04334
1.04334
1.04334
1.04334
1.04334
1.04334
1.04334
1.04334
1.04334
1.04334
1.04334
1.04334
1.04334
1.04332
1.0433
0.944874
0.936725
0.932832
0.937289
0.938271
0.944558
0.936767
0.935508
0.93275
0.932284
0.93247
0.932614
0.932668
0.932609
0.93764
0.938506
0.944648
0.946045
0.946392
0.937246
0.935671
0.935479
0.93546
0.935454
0.935443
0.935435
0.93543
0.93543
0.935426
0.935425
0.935421
0.935421
0.935421
0.935428
0.935435
0.935443
0.935447
0.935442
0.93544
0.932736
0.932253
0.932424
0.932566
0.932625
0.932649
0.932661
0.932669
0.932674
0.932677
0.93268
0.932683
0.932685
0.932688
0.93269
0.932693
0.932695
0.932697
0.932699
0.932701
0.932702
0.932703
0.932704
0.932704
0.932704
0.932704
0.932703
0.932703
0.932702
0.932701
0.9327
0.932699
0.932698
0.932698
0.932697
0.932697
0.932696
0.932697
0.932696
0.932697
0.932697
0.932696
0.932696
0.932696
0.932696
0.932696
0.932696
0.932696
0.932696
0.932696
0.932696
0.932696
0.932696
0.932696
0.932696
0.932696
0.932696
0.932696
0.932695
0.932688
0.932628
0.882917
0.88244
0.880675
0.880695
0.880635
0.882295
0.882424
0.882503
0.880698
0.88034
0.880364
0.880427
0.88047
0.880471
0.880829
0.880762
0.882389
0.882845
0.882963
0.88267
0.882692
0.88272
0.882754
0.882774
0.88278
0.88278
0.882777
0.882775
0.882771
0.882769
0.882766
0.882766
0.882767
0.882773
0.882782
0.88279
0.882796
0.882793
0.882719
0.880817
0.880398
0.880387
0.880435
0.880471
0.880491
0.8805
0.880506
0.880509
0.880512
0.880514
0.880516
0.880519
0.880521
0.880523
0.880525
0.880527
0.880529
0.88053
0.88053
0.88053
0.88053
0.880529
0.880528
0.880527
0.880526
0.880524
0.880522
0.880521
0.880519
0.880517
0.880516
0.880515
0.880514
0.880513
0.880513
0.880513
0.880513
0.880513
0.880513
0.880513
0.880513
0.880513
0.880513
0.880513
0.880513
0.880513
0.880513
0.880513
0.880513
0.880513
0.880513
0.880513
0.880513
0.880513
0.880513
0.880513
0.880513
0.880513
0.880512
0.880511
0.83622
0.83629
0.835842
0.835582
0.835458
0.835823
0.836222
0.836374
0.835854
0.835769
0.8358
0.835848
0.835888
0.835893
0.835703
0.835562
0.835904
0.83599
0.836023
0.836351
0.836515
0.836576
0.83662
0.836651
0.836668
0.836676
0.836678
0.836678
0.836676
0.836676
0.836675
0.836675
0.836677
0.836681
0.836688
0.836694
0.836699
0.836698
0.836642
0.836024
0.835876
0.835867
0.835893
0.835922
0.835942
0.835953
0.835961
0.835965
0.835969
0.835973
0.835976
0.835978
0.835981
0.835983
0.835985
0.835987
0.835988
0.835988
0.835988
0.835987
0.835985
0.835983
0.835981
0.835979
0.835977
0.835974
0.835971
0.835969
0.835967
0.835964
0.835963
0.835961
0.83596
0.835959
0.835959
0.835959
0.835959
0.835959
0.835959
0.835959
0.835959
0.835959
0.835959
0.835958
0.835958
0.835958
0.835958
0.835958
0.835958
0.835958
0.835958
0.835959
0.835959
0.835959
0.835959
0.835959
0.835959
0.835959
0.83596
0.835951
0.793843
0.793852
0.793757
0.793628
0.793564
0.793609
0.793754
0.793816
0.793721
0.79373
0.793763
0.793803
0.793841
0.793848
0.793727
0.79365
0.793679
0.79367
0.793677
0.793835
0.793916
0.793953
0.793989
0.794019
0.79404
0.794053
0.79406
0.794064
0.794065
0.794067
0.794069
0.794071
0.794073
0.794077
0.794082
0.794088
0.794092
0.794094
0.794063
0.793908
0.793867
0.793863
0.79388
0.793902
0.793921
0.793935
0.793945
0.793952
0.793957
0.793962
0.793966
0.793969
0.793972
0.793974
0.793976
0.793977
0.793978
0.793977
0.793976
0.793974
0.793972
0.793969
0.793966
0.793963
0.79396
0.793956
0.793953
0.79395
0.793947
0.793944
0.793942
0.79394
0.793939
0.793938
0.793937
0.793937
0.793937
0.793937
0.793937
0.793937
0.793937
0.793937
0.793936
0.793936
0.793936
0.793936
0.793936
0.793936
0.793936
0.793936
0.793936
0.793937
0.793937
0.793937
0.793937
0.793937
0.793937
0.793937
0.793938
0.793921
0.753532
0.753508
0.753472
0.753414
0.75338
0.753365
0.753394
0.753409
0.753401
0.753417
0.753442
0.753473
0.753506
0.753518
0.753474
0.753441
0.753421
0.753403
0.753403
0.753454
0.753481
0.7535
0.753525
0.75355
0.753572
0.753587
0.753598
0.753605
0.753609
0.753614
0.753618
0.753622
0.753625
0.75363
0.753635
0.75364
0.753645
0.753648
0.753634
0.753593
0.753574
0.753567
0.753575
0.753591
0.753608
0.753622
0.753633
0.753641
0.753648
0.753654
0.753659
0.753663
0.753666
0.753669
0.753671
0.753671
0.753671
0.75367
0.753669
0.753666
0.753663
0.753659
0.753656
0.753651
0.753647
0.753643
0.753639
0.753635
0.753632
0.753629
0.753626
0.753624
0.753623
0.753622
0.753621
0.753621
0.75362
0.75362
0.75362
0.75362
0.753619
0.753619
0.753619
0.753619
0.753619
0.753619
0.753619
0.753619
0.753619
0.753619
0.753619
0.753619
0.753619
0.75362
0.75362
0.75362
0.75362
0.75362
0.753621
0.753604
0.714649
0.714621
0.714593
0.714557
0.714531
0.714508
0.714503
0.7145
0.7145
0.714508
0.714523
0.714545
0.714572
0.714586
0.714577
0.714565
0.714547
0.714535
0.714533
0.714546
0.714552
0.714561
0.714578
0.714598
0.714618
0.714634
0.714646
0.714656
0.714663
0.71467
0.714676
0.714682
0.714687
0.714693
0.714698
0.714704
0.714709
0.714714
0.714708
0.714692
0.714677
0.714666
0.714667
0.714678
0.714691
0.714704
0.714716
0.714725
0.714733
0.71474
0.714745
0.71475
0.714754
0.714756
0.714758
0.714759
0.714759
0.714757
0.714755
0.714752
0.714748
0.714744
0.714739
0.714735
0.71473
0.714725
0.714721
0.714716
0.714712
0.714709
0.714706
0.714704
0.714702
0.714701
0.7147
0.714699
0.714699
0.714698
0.714698
0.714698
0.714697
0.714697
0.714696
0.714696
0.714696
0.714696
0.714696
0.714696
0.714696
0.714696
0.714697
0.714697
0.714697
0.714697
0.714697
0.714698
0.714698
0.714698
0.714699
0.714686
0.67701
0.676986
0.676959
0.676931
0.676906
0.676883
0.676869
0.67686
0.676857
0.676858
0.676865
0.676879
0.6769
0.676915
0.676918
0.676914
0.676904
0.676896
0.676893
0.676894
0.676895
0.676899
0.676909
0.676925
0.676941
0.676957
0.67697
0.676981
0.67699
0.676999
0.677007
0.677015
0.677021
0.677028
0.677035
0.677041
0.677047
0.677053
0.677052
0.677043
0.67703
0.677019
0.677016
0.677022
0.677033
0.677044
0.677055
0.677065
0.677073
0.677081
0.677087
0.677092
0.677096
0.677099
0.677101
0.677102
0.677101
0.677099
0.677097
0.677093
0.677089
0.677084
0.677079
0.677074
0.677069
0.677063
0.677058
0.677054
0.677049
0.677046
0.677043
0.67704
0.677038
0.677037
0.677036
0.677035
0.677034
0.677033
0.677033
0.677032
0.677032
0.677031
0.677031
0.67703
0.67703
0.67703
0.67703
0.67703
0.67703
0.67703
0.677031
0.677031
0.677031
0.677031
0.677031
0.677032
0.677032
0.677032
0.677033
0.677024
0.640587
0.640567
0.640544
0.640519
0.640496
0.640474
0.640457
0.640446
0.640439
0.640435
0.640437
0.640446
0.640461
0.640474
0.640481
0.640481
0.640476
0.640471
0.640467
0.640465
0.640463
0.640464
0.640471
0.640481
0.640494
0.640508
0.640521
0.640533
0.640544
0.640554
0.640564
0.640573
0.640581
0.640589
0.640597
0.640604
0.640611
0.640617
0.640619
0.640615
0.640605
0.640595
0.640591
0.640594
0.640602
0.640612
0.640622
0.640631
0.64064
0.640648
0.640655
0.64066
0.640665
0.640668
0.64067
0.640671
0.64067
0.640668
0.640665
0.640661
0.640657
0.640652
0.640646
0.640641
0.640635
0.64063
0.640624
0.640619
0.640615
0.640611
0.640607
0.640605
0.640603
0.640601
0.6406
0.640598
0.640597
0.640596
0.640595
0.640595
0.640594
0.640593
0.640593
0.640592
0.640592
0.640592
0.640592
0.640592
0.640592
0.640592
0.640593
0.640593
0.640593
0.640593
0.640593
0.640594
0.640594
0.640594
0.640595
0.640589
0.605425
0.605409
0.60539
0.605368
0.605347
0.605326
0.605308
0.605296
0.605287
0.60528
0.605278
0.605282
0.605292
0.605303
0.605311
0.605313
0.60531
0.605307
0.605303
0.6053
0.605297
0.605296
0.605299
0.605306
0.605315
0.605327
0.605339
0.605351
0.605363
0.605374
0.605385
0.605395
0.605405
0.605414
0.605422
0.60543
0.605438
0.605445
0.605449
0.605448
0.605441
0.605434
0.60543
0.605432
0.605437
0.605445
0.605455
0.605464
0.605473
0.605481
0.605488
0.605494
0.605499
0.605502
0.605504
0.605505
0.605504
0.605503
0.6055
0.605496
0.605491
0.605486
0.60548
0.605475
0.605469
0.605463
0.605457
0.605452
0.605447
0.605443
0.60544
0.605437
0.605434
0.605432
0.605431
0.605429
0.605428
0.605426
0.605425
0.605424
0.605423
0.605423
0.605422
0.605422
0.605421
0.605421
0.605421
0.605421
0.605421
0.605421
0.605422
0.605422
0.605422
0.605422
0.605422
0.605422
0.605423
0.605423
0.605423
0.605419
0.571606
0.571594
0.571578
0.571559
0.57154
0.57152
0.571503
0.57149
0.571479
0.571471
0.571466
0.571467
0.571473
0.571481
0.571488
0.571491
0.57149
0.571487
0.571483
0.57148
0.571476
0.571473
0.571473
0.571477
0.571484
0.571493
0.571504
0.571515
0.571527
0.571539
0.57155
0.571562
0.571572
0.571582
0.571592
0.5716
0.571608
0.571615
0.571621
0.571623
0.57162
0.571615
0.571612
0.571613
0.571617
0.571624
0.571632
0.571641
0.57165
0.571658
0.571665
0.571672
0.571677
0.571681
0.571683
0.571684
0.571684
0.571682
0.571679
0.571675
0.571671
0.571666
0.57166
0.571654
0.571648
0.571642
0.571637
0.571631
0.571626
0.571622
0.571618
0.571615
0.571613
0.57161
0.571608
0.571606
0.571605
0.571603
0.571602
0.5716
0.571599
0.571599
0.571598
0.571597
0.571597
0.571597
0.571597
0.571597
0.571597
0.571597
0.571597
0.571597
0.571597
0.571597
0.571598
0.571598
0.571598
0.571598
0.571598
0.571596
0.539237
0.539226
0.539213
0.539198
0.53918
0.539162
0.539146
0.539133
0.539121
0.539112
0.539105
0.539103
0.539106
0.539111
0.539116
0.539119
0.539119
0.539117
0.539113
0.539109
0.539105
0.5391
0.539098
0.539099
0.539103
0.539111
0.53912
0.53913
0.539142
0.539154
0.539166
0.539177
0.539189
0.539199
0.539209
0.539218
0.539226
0.539234
0.53924
0.539244
0.539244
0.539242
0.53924
0.539241
0.539245
0.539251
0.539259
0.539267
0.539276
0.539284
0.539292
0.539298
0.539304
0.539308
0.539311
0.539312
0.539312
0.539311
0.539308
0.539305
0.5393
0.539295
0.53929
0.539284
0.539278
0.539272
0.539266
0.539261
0.539256
0.539252
0.539248
0.539244
0.539241
0.539239
0.539236
0.539234
0.539232
0.53923
0.539229
0.539227
0.539226
0.539225
0.539224
0.539224
0.539223
0.539223
0.539223
0.539223
0.539223
0.539223
0.539223
0.539223
0.539223
0.539223
0.539223
0.539223
0.539223
0.539224
0.539224
0.539222
0.508436
0.508427
0.508416
0.508403
0.508388
0.508372
0.508357
0.508343
0.508332
0.508321
0.508313
0.508309
0.508309
0.508312
0.508315
0.508318
0.508318
0.508316
0.508312
0.508308
0.508303
0.508297
0.508294
0.508292
0.508294
0.508299
0.508306
0.508316
0.508326
0.508338
0.50835
0.508362
0.508373
0.508384
0.508394
0.508404
0.508412
0.50842
0.508427
0.508432
0.508435
0.508435
0.508435
0.508436
0.50844
0.508446
0.508453
0.508461
0.50847
0.508478
0.508486
0.508493
0.508499
0.508504
0.508507
0.508509
0.50851
0.508509
0.508507
0.508503
0.508499
0.508495
0.508489
0.508483
0.508478
0.508472
0.508466
0.508461
0.508456
0.508451
0.508447
0.508443
0.50844
0.508437
0.508434
0.508432
0.50843
0.508427
0.508426
0.508424
0.508423
0.508422
0.508421
0.50842
0.50842
0.508419
0.508419
0.508419
0.508419
0.508419
0.508419
0.508419
0.508419
0.508419
0.508419
0.508419
0.508419
0.508419
0.50842
0.508418
0.479333
0.479326
0.479317
0.479306
0.479293
0.479279
0.479265
0.479252
0.47924
0.479229
0.47922
0.479215
0.479212
0.479213
0.479215
0.479216
0.479216
0.479214
0.47921
0.479205
0.479199
0.479193
0.479188
0.479185
0.479184
0.479187
0.479193
0.479201
0.47921
0.479221
0.479233
0.479245
0.479256
0.479267
0.479278
0.479287
0.479296
0.479304
0.479311
0.479318
0.479322
0.479324
0.479325
0.479328
0.479332
0.479338
0.479345
0.479353
0.479362
0.47937
0.479379
0.479386
0.479393
0.479398
0.479402
0.479404
0.479406
0.479405
0.479404
0.479401
0.479397
0.479393
0.479388
0.479382
0.479377
0.479371
0.479365
0.47936
0.479355
0.47935
0.479346
0.479342
0.479339
0.479335
0.479332
0.479329
0.479327
0.479325
0.479322
0.479321
0.479319
0.479318
0.479317
0.479316
0.479316
0.479315
0.479315
0.479315
0.479315
0.479315
0.479315
0.479315
0.479315
0.479315
0.479315
0.479315
0.479315
0.479315
0.479315
0.479314
0.452064
0.452058
0.452051
0.452041
0.45203
0.452018
0.452005
0.451993
0.451981
0.45197
0.451961
0.451954
0.45195
0.451949
0.451949
0.451949
0.451949
0.451946
0.451942
0.451937
0.45193
0.451923
0.451917
0.451912
0.451909
0.45191
0.451914
0.45192
0.451929
0.451939
0.45195
0.451961
0.451973
0.451983
0.451994
0.452003
0.452012
0.45202
0.452028
0.452035
0.45204
0.452044
0.452047
0.452051
0.452056
0.452062
0.45207
0.452078
0.452087
0.452095
0.452104
0.452112
0.452119
0.452125
0.45213
0.452133
0.452135
0.452136
0.452135
0.452133
0.452129
0.452125
0.452121
0.452116
0.45211
0.452105
0.452099
0.452094
0.452089
0.452084
0.45208
0.452075
0.452072
0.452068
0.452065
0.452062
0.452059
0.452056
0.452054
0.452052
0.452051
0.452049
0.452048
0.452047
0.452047
0.452046
0.452046
0.452046
0.452045
0.452045
0.452045
0.452045
0.452045
0.452045
0.452045
0.452045
0.452045
0.452045
0.452045
0.452044
0.426765
0.42676
0.426754
0.426746
0.426737
0.426725
0.426714
0.426703
0.426691
0.426681
0.426671
0.426663
0.426658
0.426655
0.426654
0.426653
0.426652
0.426649
0.426644
0.426638
0.426631
0.426623
0.426615
0.426609
0.426605
0.426604
0.426606
0.426611
0.426618
0.426627
0.426637
0.426648
0.426659
0.426669
0.426679
0.426688
0.426697
0.426705
0.426713
0.426721
0.426727
0.426733
0.426738
0.426743
0.426749
0.426755
0.426763
0.426772
0.426781
0.42679
0.426799
0.426808
0.426816
0.426823
0.426828
0.426832
0.426835
0.426836
0.426836
0.426835
0.426832
0.426829
0.426825
0.42682
0.426815
0.426809
0.426804
0.426799
0.426794
0.426789
0.426784
0.42678
0.426776
0.426772
0.426768
0.426765
0.426762
0.426759
0.426757
0.426755
0.426753
0.426752
0.426751
0.42675
0.426749
0.426748
0.426748
0.426747
0.426747
0.426747
0.426747
0.426747
0.426746
0.426746
0.426746
0.426746
0.426746
0.426746
0.426746
0.426746
0.403571
0.403567
0.403561
0.403555
0.403547
0.403537
0.403526
0.403516
0.403505
0.403495
0.403485
0.403477
0.403471
0.403467
0.403464
0.403462
0.403459
0.403456
0.403451
0.403444
0.403436
0.403427
0.403419
0.403411
0.403406
0.403403
0.403403
0.403407
0.403413
0.40342
0.403429
0.403439
0.403449
0.403459
0.403469
0.403477
0.403486
0.403494
0.403503
0.403511
0.403518
0.403525
0.403531
0.403537
0.403544
0.403552
0.40356
0.403569
0.403579
0.403589
0.403599
0.403608
0.403617
0.403624
0.403631
0.403636
0.403639
0.403642
0.403642
0.403642
0.40364
0.403637
0.403633
0.403629
0.403624
0.403619
0.403614
0.403608
0.403603
0.403598
0.403593
0.403589
0.403585
0.40358
0.403577
0.403573
0.40357
0.403567
0.403565
0.403563
0.403561
0.403559
0.403558
0.403557
0.403556
0.403556
0.403555
0.403555
0.403554
0.403554
0.403554
0.403553
0.403553
0.403553
0.403553
0.403553
0.403553
0.403553
0.403553
0.403552
0.38261
0.382606
0.382601
0.382596
0.382589
0.38258
0.382571
0.382561
0.382551
0.382541
0.382531
0.382523
0.382516
0.382511
0.382507
0.382504
0.3825
0.382496
0.38249
0.382482
0.382474
0.382464
0.382455
0.382446
0.382439
0.382435
0.382434
0.382436
0.38244
0.382447
0.382455
0.382464
0.382473
0.382482
0.382491
0.3825
0.382508
0.382516
0.382525
0.382533
0.382541
0.382549
0.382557
0.382564
0.382572
0.382581
0.38259
0.3826
0.38261
0.382621
0.382631
0.382641
0.382651
0.382659
0.382667
0.382673
0.382677
0.38268
0.382682
0.382682
0.382681
0.382678
0.382675
0.382671
0.382666
0.382662
0.382656
0.382651
0.382646
0.382641
0.382636
0.382631
0.382627
0.382623
0.382619
0.382615
0.382612
0.382609
0.382606
0.382604
0.382602
0.382601
0.382599
0.382598
0.382597
0.382597
0.382596
0.382595
0.382595
0.382595
0.382594
0.382594
0.382594
0.382594
0.382593
0.382593
0.382593
0.382593
0.382593
0.382593
0.364001
0.363998
0.363994
0.363989
0.363983
0.363976
0.363967
0.363958
0.363949
0.363939
0.363929
0.363921
0.363913
0.363907
0.363902
0.363898
0.363894
0.363888
0.363882
0.363874
0.363864
0.363854
0.363844
0.363834
0.363826
0.363821
0.363818
0.363819
0.363821
0.363827
0.363833
0.363841
0.36385
0.363858
0.363867
0.363875
0.363883
0.363891
0.3639
0.363908
0.363917
0.363926
0.363935
0.363943
0.363953
0.363962
0.363972
0.363983
0.363994
0.364005
0.364016
0.364027
0.364037
0.364047
0.364055
0.364062
0.364068
0.364072
0.364074
0.364075
0.364074
0.364073
0.36407
0.364066
0.364062
0.364057
0.364052
0.364047
0.364042
0.364037
0.364032
0.364027
0.364022
0.364018
0.364014
0.36401
0.364007
0.364004
0.364001
0.363999
0.363997
0.363995
0.363994
0.363993
0.363992
0.363991
0.36399
0.363989
0.363989
0.363988
0.363988
0.363988
0.363987
0.363987
0.363987
0.363987
0.363987
0.363987
0.363987
0.363986
0.347853
0.34785
0.347847
0.347843
0.347837
0.347831
0.347823
0.347815
0.347806
0.347796
0.347787
0.347778
0.34777
0.347764
0.347758
0.347753
0.347747
0.347741
0.347734
0.347725
0.347715
0.347704
0.347693
0.347682
0.347673
0.347667
0.347663
0.347662
0.347664
0.347668
0.347673
0.34768
0.347687
0.347695
0.347703
0.347711
0.347719
0.347727
0.347736
0.347745
0.347754
0.347764
0.347773
0.347783
0.347793
0.347804
0.347815
0.347826
0.347838
0.34785
0.347862
0.347873
0.347884
0.347895
0.347904
0.347912
0.347919
0.347924
0.347927
0.347929
0.347929
0.347927
0.347925
0.347921
0.347917
0.347913
0.347908
0.347903
0.347898
0.347893
0.347888
0.347883
0.347878
0.347873
0.347869
0.347865
0.347862
0.347859
0.347856
0.347854
0.347852
0.34785
0.347849
0.347847
0.347846
0.347846
0.347845
0.347844
0.347843
0.347843
0.347843
0.347842
0.347842
0.347842
0.347841
0.347841
0.347841
0.347841
0.347841
0.347841
0.334259
0.334257
0.334254
0.33425
0.334245
0.334239
0.334232
0.334225
0.334216
0.334207
0.334198
0.334189
0.334181
0.334174
0.334167
0.334161
0.334155
0.334148
0.33414
0.334131
0.33412
0.334108
0.334096
0.334085
0.334075
0.334068
0.334063
0.334061
0.334061
0.334064
0.334068
0.334074
0.334081
0.334088
0.334095
0.334103
0.334111
0.334119
0.334127
0.334137
0.334147
0.334157
0.334167
0.334178
0.334189
0.3342
0.334212
0.334224
0.334236
0.334249
0.334262
0.334274
0.334286
0.334297
0.334308
0.334317
0.334324
0.33433
0.334334
0.334336
0.334337
0.334336
0.334334
0.334331
0.334327
0.334323
0.334318
0.334313
0.334308
0.334302
0.334297
0.334292
0.334287
0.334283
0.334279
0.334275
0.334271
0.334268
0.334266
0.334263
0.334261
0.334259
0.334258
0.334257
0.334255
0.334254
0.334254
0.334253
0.334252
0.334252
0.334251
0.334251
0.334251
0.33425
0.33425
0.33425
0.33425
0.334249
0.334249
0.334249
0.323298
0.323296
0.323293
0.32329
0.323285
0.32328
0.323274
0.323266
0.323258
0.32325
0.323241
0.323232
0.323223
0.323216
0.323209
0.323202
0.323195
0.323188
0.323179
0.323169
0.323158
0.323145
0.323133
0.323121
0.323111
0.323102
0.323096
0.323093
0.323093
0.323094
0.323098
0.323102
0.323108
0.323115
0.323122
0.323129
0.323137
0.323145
0.323153
0.323163
0.323173
0.323183
0.323194
0.323206
0.323218
0.32323
0.323242
0.323255
0.323268
0.323282
0.323295
0.323308
0.323321
0.323333
0.323344
0.323354
0.323362
0.323369
0.323373
0.323376
0.323377
0.323377
0.323375
0.323372
0.323368
0.323364
0.323359
0.323354
0.323349
0.323344
0.323339
0.323334
0.323329
0.323324
0.32332
0.323316
0.323313
0.32331
0.323307
0.323305
0.323303
0.323301
0.323299
0.323298
0.323297
0.323296
0.323295
0.323294
0.323293
0.323293
0.323292
0.323292
0.323292
0.323291
0.323291
0.323291
0.323291
0.32329
0.32329
0.32329
0.315031
0.31503
0.315027
0.315024
0.31502
0.315015
0.315009
0.315002
0.314994
0.314986
0.314977
0.314968
0.31496
0.314952
0.314944
0.314937
0.31493
0.314922
0.314912
0.314902
0.31489
0.314878
0.314865
0.314852
0.314841
0.314832
0.314826
0.314822
0.31482
0.314821
0.314823
0.314827
0.314832
0.314838
0.314845
0.314852
0.314859
0.314867
0.314876
0.314886
0.314896
0.314907
0.314918
0.31493
0.314943
0.314955
0.314968
0.314982
0.314995
0.315009
0.315023
0.315037
0.31505
0.315063
0.315075
0.315086
0.315095
0.315102
0.315107
0.31511
0.315112
0.315112
0.31511
0.315107
0.315104
0.3151
0.315095
0.31509
0.315085
0.31508
0.315074
0.315069
0.315065
0.31506
0.315056
0.315052
0.315049
0.315045
0.315043
0.31504
0.315038
0.315036
0.315035
0.315033
0.315032
0.315031
0.31503
0.31503
0.315029
0.315028
0.315028
0.315027
0.315027
0.315027
0.315026
0.315026
0.315026
0.315026
0.315026
0.315026
0.309505
0.309503
0.309501
0.309498
0.309494
0.30949
0.309484
0.309477
0.30947
0.309462
0.309453
0.309444
0.309436
0.309427
0.30942
0.309412
0.309404
0.309396
0.309386
0.309375
0.309363
0.309351
0.309337
0.309325
0.309313
0.309304
0.309296
0.309292
0.309289
0.309289
0.309291
0.309294
0.309299
0.309304
0.30931
0.309317
0.309325
0.309333
0.309341
0.309351
0.309361
0.309373
0.309384
0.309397
0.309409
0.309423
0.309436
0.30945
0.309464
0.309478
0.309492
0.309506
0.30952
0.309534
0.309546
0.309557
0.309567
0.309575
0.309581
0.309584
0.309586
0.309586
0.309585
0.309582
0.309579
0.309574
0.30957
0.309565
0.30956
0.309554
0.309549
0.309544
0.30954
0.309535
0.309531
0.309527
0.309524
0.309521
0.309518
0.309515
0.309513
0.309512
0.30951
0.309509
0.309507
0.309506
0.309505
0.309505
0.309504
0.309503
0.309503
0.309502
0.309502
0.309502
0.309501
0.309501
0.309501
0.309501
0.309501
0.309501
0.306749
0.306747
0.306745
0.306742
0.306738
0.306734
0.306728
0.306722
0.306715
0.306707
0.306698
0.306689
0.30668
0.306672
0.306664
0.306656
0.306648
0.30664
0.30663
0.306619
0.306607
0.306594
0.306581
0.306568
0.306556
0.306546
0.306539
0.306533
0.30653
0.306529
0.30653
0.306533
0.306537
0.306542
0.306548
0.306555
0.306562
0.30657
0.306579
0.306589
0.306599
0.30661
0.306622
0.306635
0.306648
0.306661
0.306675
0.306689
0.306703
0.306717
0.306732
0.306746
0.306761
0.306774
0.306787
0.306799
0.306809
0.306817
0.306823
0.306827
0.306829
0.306829
0.306828
0.306826
0.306822
0.306818
0.306813
0.306808
0.306803
0.306798
0.306793
0.306788
0.306783
0.306779
0.306775
0.306771
0.306768
0.306765
0.306762
0.306759
0.306757
0.306756
0.306754
0.306753
0.306751
0.30675
0.306749
0.306749
0.306748
0.306747
0.306747
0.306746
0.306746
0.306746
0.306745
0.306745
0.306745
0.306745
0.306745
0.306745
0.306787
0.306786
0.306784
0.306781
0.306777
0.306773
0.306768
0.306761
0.306754
0.306746
0.306737
0.306728
0.30672
0.306711
0.306703
0.306696
0.306687
0.306679
0.306669
0.306658
0.306646
0.306633
0.30662
0.306607
0.306596
0.306585
0.306577
0.306571
0.306568
0.306566
0.306567
0.306569
0.306573
0.306578
0.306584
0.306591
0.306598
0.306606
0.306615
0.306624
0.306635
0.306646
0.306657
0.30667
0.306683
0.306696
0.30671
0.306724
0.306738
0.306752
0.306767
0.306782
0.306796
0.30681
0.306823
0.306836
0.306846
0.306854
0.306861
0.306865
0.306867
0.306867
0.306866
0.306863
0.30686
0.306855
0.306851
0.306846
0.306841
0.306835
0.30683
0.306825
0.306821
0.306817
0.306813
0.306809
0.306806
0.306803
0.3068
0.306798
0.306796
0.306794
0.306792
0.306791
0.30679
0.306789
0.306788
0.306787
0.306786
0.306786
0.306785
0.306785
0.306784
0.306784
0.306784
0.306784
0.306784
0.306783
0.306783
0.306783
0.30962
0.309619
0.309617
0.309614
0.30961
0.309606
0.309601
0.309594
0.309587
0.309579
0.30957
0.309561
0.309553
0.309544
0.309536
0.309529
0.309521
0.309512
0.309503
0.309492
0.309481
0.309468
0.309455
0.309443
0.309431
0.309421
0.309412
0.309406
0.309402
0.3094
0.3094
0.309402
0.309406
0.309411
0.309417
0.309424
0.309431
0.309439
0.309448
0.309457
0.309467
0.309478
0.309489
0.309502
0.309514
0.309527
0.309541
0.309555
0.309569
0.309583
0.309597
0.309612
0.309626
0.309641
0.309654
0.309666
0.309677
0.309685
0.309692
0.309696
0.309698
0.309698
0.309697
0.309694
0.309691
0.309686
0.309682
0.309677
0.309671
0.309666
0.309661
0.309656
0.309652
0.309648
0.309644
0.30964
0.309637
0.309634
0.309632
0.309629
0.309627
0.309626
0.309624
0.309623
0.309622
0.309621
0.30962
0.309619
0.309618
0.309618
0.309617
0.309617
0.309617
0.309616
0.309616
0.309616
0.309616
0.309616
0.309615
0.309616
0.315219
0.315217
0.315215
0.315212
0.315209
0.315204
0.315199
0.315192
0.315185
0.315177
0.315168
0.315159
0.31515
0.315142
0.315134
0.315127
0.315119
0.315111
0.315102
0.315092
0.315081
0.315069
0.315057
0.315044
0.315033
0.315022
0.315014
0.315008
0.315003
0.315001
0.315001
0.315003
0.315007
0.315012
0.315018
0.315025
0.315032
0.31504
0.315049
0.315058
0.315068
0.315078
0.315089
0.315101
0.315113
0.315126
0.315139
0.315152
0.315165
0.315179
0.315193
0.315208
0.315222
0.315237
0.31525
0.315262
0.315273
0.315282
0.315288
0.315292
0.315294
0.315294
0.315293
0.31529
0.315286
0.315282
0.315277
0.315272
0.315267
0.315261
0.315257
0.315252
0.315248
0.315243
0.31524
0.315236
0.315233
0.31523
0.315228
0.315226
0.315224
0.315222
0.31522
0.315219
0.315218
0.315217
0.315216
0.315216
0.315215
0.315214
0.315214
0.315214
0.315213
0.315213
0.315213
0.315213
0.315213
0.315212
0.315212
0.315212
0.323551
0.323549
0.323547
0.323544
0.32354
0.323536
0.32353
0.323523
0.323515
0.323507
0.323498
0.323489
0.323481
0.323473
0.323465
0.323458
0.323451
0.323444
0.323435
0.323426
0.323416
0.323404
0.323392
0.32338
0.323369
0.323359
0.32335
0.323344
0.323339
0.323337
0.323337
0.323339
0.323343
0.323348
0.323355
0.323362
0.323369
0.323377
0.323386
0.323394
0.323404
0.323413
0.323424
0.323435
0.323446
0.323458
0.323471
0.323483
0.323496
0.32351
0.323523
0.323538
0.323552
0.323566
0.323579
0.323592
0.323602
0.323611
0.323617
0.323621
0.323623
0.323623
0.323621
0.323618
0.323614
0.32361
0.323605
0.323599
0.323594
0.323589
0.323584
0.32358
0.323575
0.323572
0.323568
0.323565
0.323562
0.323559
0.323557
0.323554
0.323553
0.323551
0.323549
0.323548
0.323547
0.323546
0.323545
0.323545
0.323544
0.323544
0.323543
0.323543
0.323543
0.323543
0.323542
0.323542
0.323542
0.323542
0.323542
0.323542
0.334568
0.334566
0.334564
0.334561
0.334557
0.334552
0.334546
0.334538
0.33453
0.334522
0.334513
0.334504
0.334495
0.334488
0.334481
0.334474
0.334468
0.334461
0.334454
0.334446
0.334436
0.334425
0.334414
0.334402
0.334391
0.334381
0.334373
0.334366
0.334362
0.33436
0.33436
0.334362
0.334366
0.334372
0.334379
0.334386
0.334394
0.334402
0.33441
0.334418
0.334427
0.334436
0.334446
0.334456
0.334467
0.334478
0.334489
0.334501
0.334513
0.334526
0.334539
0.334553
0.334567
0.334581
0.334594
0.334607
0.334617
0.334625
0.334631
0.334635
0.334637
0.334637
0.334635
0.334631
0.334627
0.334622
0.334617
0.334612
0.334607
0.334601
0.334597
0.334592
0.334588
0.334584
0.334581
0.334578
0.334575
0.334572
0.33457
0.334568
0.334566
0.334565
0.334563
0.334562
0.334561
0.33456
0.334559
0.334559
0.334558
0.334558
0.334558
0.334557
0.334557
0.334557
0.334557
0.334557
0.334557
0.334557
0.334557
0.334557
0.348207
0.348205
0.348202
0.348199
0.348194
0.348189
0.348183
0.348175
0.348166
0.348157
0.348148
0.348139
0.348131
0.348124
0.348117
0.348112
0.348106
0.348101
0.348095
0.348087
0.348079
0.348069
0.348058
0.348047
0.348036
0.348026
0.348018
0.348011
0.348007
0.348005
0.348005
0.348008
0.348012
0.348019
0.348026
0.348033
0.348041
0.348049
0.348057
0.348065
0.348073
0.348082
0.348091
0.3481
0.348109
0.34812
0.34813
0.348141
0.348152
0.348164
0.348177
0.348191
0.348204
0.348218
0.348231
0.348243
0.348253
0.348261
0.348267
0.348271
0.348272
0.348272
0.348269
0.348266
0.348261
0.348256
0.348251
0.348245
0.34824
0.348235
0.34823
0.348226
0.348222
0.348218
0.348215
0.348212
0.348209
0.348207
0.348205
0.348203
0.348201
0.3482
0.348198
0.348197
0.348196
0.348195
0.348195
0.348194
0.348194
0.348194
0.348193
0.348193
0.348193
0.348193
0.348193
0.348193
0.348193
0.348193
0.348193
0.348193
0.364388
0.364386
0.364383
0.364379
0.364374
0.364368
0.364361
0.364352
0.364343
0.364334
0.364325
0.364316
0.364308
0.364301
0.364296
0.364291
0.364287
0.364282
0.364277
0.364271
0.364264
0.364255
0.364244
0.364234
0.364223
0.364213
0.364205
0.364198
0.364194
0.364193
0.364193
0.364196
0.364202
0.364209
0.364216
0.364224
0.364232
0.36424
0.364248
0.364255
0.364263
0.364271
0.364279
0.364287
0.364295
0.364304
0.364313
0.364323
0.364334
0.364345
0.364357
0.36437
0.364384
0.364397
0.36441
0.364422
0.364432
0.36444
0.364445
0.364449
0.364449
0.364449
0.364446
0.364442
0.364437
0.364432
0.364427
0.364421
0.364416
0.36441
0.364406
0.364401
0.364397
0.364394
0.364391
0.364388
0.364385
0.364383
0.364381
0.364379
0.364378
0.364376
0.364375
0.364374
0.364373
0.364373
0.364372
0.364372
0.364371
0.364371
0.364371
0.364371
0.364371
0.364371
0.36437
0.36437
0.36437
0.36437
0.36437
0.364371
0.383017
0.383014
0.38301
0.383006
0.383001
0.382994
0.382986
0.382977
0.382967
0.382958
0.382948
0.38294
0.382932
0.382926
0.382922
0.382918
0.382915
0.382912
0.382908
0.382903
0.382897
0.382888
0.382879
0.382868
0.382858
0.382848
0.382839
0.382833
0.38283
0.382828
0.382829
0.382833
0.382839
0.382847
0.382855
0.382864
0.382872
0.382879
0.382887
0.382894
0.382901
0.382908
0.382915
0.382922
0.382929
0.382936
0.382944
0.382953
0.382963
0.382974
0.382985
0.382998
0.383011
0.383025
0.383037
0.383049
0.383059
0.383066
0.383071
0.383074
0.383075
0.383073
0.38307
0.383066
0.383061
0.383056
0.38305
0.383044
0.383039
0.383034
0.383029
0.383024
0.383021
0.383017
0.383014
0.383012
0.383009
0.383007
0.383005
0.383004
0.383002
0.383001
0.383
0.382999
0.382998
0.382998
0.382997
0.382997
0.382997
0.382997
0.382996
0.382996
0.382996
0.382996
0.382996
0.382996
0.382996
0.382996
0.382996
0.382996
0.403985
0.403982
0.403978
0.403973
0.403967
0.403959
0.40395
0.40394
0.40393
0.40392
0.403911
0.403903
0.403896
0.40389
0.403887
0.403885
0.403883
0.403881
0.403879
0.403876
0.40387
0.403862
0.403853
0.403842
0.403832
0.403822
0.403814
0.403808
0.403804
0.403803
0.403805
0.40381
0.403817
0.403825
0.403834
0.403843
0.403851
0.403859
0.403866
0.403873
0.40388
0.403885
0.403891
0.403896
0.403902
0.403908
0.403915
0.403923
0.403932
0.403942
0.403954
0.403966
0.403979
0.403992
0.404005
0.404016
0.404026
0.404033
0.404038
0.40404
0.40404
0.404039
0.404035
0.404031
0.404026
0.40402
0.404014
0.404008
0.404002
0.403997
0.403992
0.403988
0.403984
0.403981
0.403978
0.403975
0.403973
0.403971
0.40397
0.403968
0.403967
0.403966
0.403965
0.403964
0.403964
0.403963
0.403963
0.403963
0.403962
0.403962
0.403962
0.403962
0.403962
0.403962
0.403962
0.403962
0.403962
0.403962
0.403962
0.403963
0.427174
0.427171
0.427167
0.427161
0.427154
0.427145
0.427135
0.427124
0.427113
0.427103
0.427094
0.427086
0.42708
0.427076
0.427073
0.427073
0.427073
0.427072
0.427072
0.427069
0.427064
0.427057
0.427048
0.427037
0.427026
0.427016
0.427008
0.427002
0.426999
0.426999
0.427002
0.427007
0.427016
0.427025
0.427035
0.427044
0.427052
0.427059
0.427067
0.427073
0.427079
0.427084
0.427088
0.427092
0.427096
0.427101
0.427107
0.427114
0.427122
0.427132
0.427143
0.427155
0.427168
0.427181
0.427194
0.427205
0.427214
0.427221
0.427226
0.427228
0.427227
0.427225
0.427222
0.427217
0.427211
0.427206
0.427199
0.427193
0.427188
0.427182
0.427177
0.427173
0.427169
0.427166
0.427163
0.427161
0.427159
0.427157
0.427156
0.427155
0.427154
0.427153
0.427152
0.427151
0.427151
0.42715
0.42715
0.42715
0.42715
0.42715
0.42715
0.42715
0.42715
0.42715
0.42715
0.42715
0.42715
0.42715
0.42715
0.42715
0.452458
0.452454
0.452449
0.452443
0.452434
0.452423
0.452412
0.4524
0.452388
0.452378
0.452369
0.452362
0.452357
0.452355
0.452354
0.452355
0.452356
0.452358
0.452358
0.452357
0.452353
0.452345
0.452336
0.452324
0.452313
0.452303
0.452295
0.45229
0.452287
0.452287
0.452291
0.452298
0.452308
0.452318
0.452329
0.452338
0.452346
0.452353
0.45236
0.452366
0.452371
0.452375
0.452378
0.45238
0.452383
0.452387
0.452392
0.452398
0.452405
0.452415
0.452426
0.452439
0.452452
0.452465
0.452477
0.452488
0.452497
0.452503
0.452508
0.452509
0.452509
0.452506
0.452502
0.452497
0.452492
0.452486
0.452479
0.452473
0.452468
0.452462
0.452457
0.452453
0.452449
0.452446
0.452443
0.452441
0.452439
0.452438
0.452436
0.452435
0.452434
0.452434
0.452433
0.452433
0.452432
0.452432
0.452432
0.452432
0.452432
0.452432
0.452432
0.452432
0.452432
0.452432
0.452432
0.452432
0.452432
0.452433
0.452433
0.452433
0.479702
0.479698
0.479693
0.479685
0.479674
0.479662
0.479649
0.479636
0.479624
0.479614
0.479606
0.4796
0.479596
0.479595
0.479596
0.479599
0.479602
0.479605
0.479607
0.479606
0.479602
0.479594
0.479584
0.479572
0.47956
0.47955
0.479542
0.479537
0.479535
0.479536
0.479541
0.47955
0.479561
0.479572
0.479583
0.479592
0.479599
0.479607
0.479614
0.47962
0.479624
0.479626
0.479628
0.479629
0.47963
0.479633
0.479636
0.479642
0.47965
0.479659
0.479671
0.479684
0.479697
0.47971
0.479722
0.479733
0.479741
0.479747
0.479751
0.479753
0.479752
0.479749
0.479745
0.479739
0.479734
0.479728
0.479721
0.479715
0.479709
0.479704
0.479699
0.479695
0.479691
0.479688
0.479685
0.479683
0.479681
0.47968
0.479679
0.479678
0.479677
0.479677
0.479676
0.479676
0.479676
0.479675
0.479675
0.479675
0.479675
0.479676
0.479676
0.479676
0.479676
0.479676
0.479676
0.479676
0.479677
0.479677
0.479677
0.479677
0.508773
0.508769
0.508762
0.508752
0.50874
0.508725
0.508711
0.508697
0.508685
0.508676
0.508668
0.508663
0.508662
0.508663
0.508666
0.50867
0.508675
0.508679
0.508683
0.508683
0.508678
0.508669
0.508658
0.508644
0.508632
0.508622
0.508614
0.508609
0.508608
0.508611
0.508617
0.508628
0.50864
0.508652
0.508663
0.508671
0.508678
0.508686
0.508693
0.508698
0.508702
0.508702
0.508702
0.508702
0.508702
0.508704
0.508707
0.508712
0.50872
0.50873
0.508742
0.508755
0.508769
0.508782
0.508794
0.508804
0.508812
0.508818
0.508822
0.508823
0.508822
0.508819
0.508814
0.508809
0.508803
0.508797
0.508791
0.508785
0.508779
0.508773
0.508769
0.508764
0.50876
0.508757
0.508755
0.508753
0.508751
0.50875
0.508749
0.508748
0.508748
0.508747
0.508747
0.508747
0.508747
0.508747
0.508747
0.508747
0.508747
0.508747
0.508747
0.508747
0.508747
0.508748
0.508748
0.508748
0.508748
0.508748
0.508748
0.508748
0.539537
0.539533
0.539525
0.539513
0.539498
0.539481
0.539465
0.539451
0.539439
0.539431
0.539424
0.539421
0.539422
0.539425
0.539431
0.539437
0.539443
0.539449
0.539453
0.539453
0.539447
0.539437
0.539423
0.539409
0.539396
0.539385
0.539378
0.539374
0.539374
0.539378
0.539387
0.539399
0.539413
0.539426
0.539435
0.539443
0.53945
0.539457
0.539464
0.539469
0.539471
0.53947
0.539469
0.539467
0.539466
0.539467
0.53947
0.539475
0.539484
0.539495
0.539508
0.539521
0.539535
0.539548
0.53956
0.53957
0.539577
0.539583
0.539586
0.539587
0.539585
0.539582
0.539578
0.539572
0.539566
0.53956
0.539554
0.539548
0.539543
0.539538
0.539533
0.539528
0.539525
0.539521
0.539519
0.539517
0.539515
0.539514
0.539514
0.539513
0.539513
0.539512
0.539512
0.539512
0.539512
0.539512
0.539512
0.539512
0.539513
0.539513
0.539513
0.539513
0.539513
0.539514
0.539514
0.539514
0.539514
0.539514
0.539514
0.539514
0.571868
0.571863
0.571853
0.571838
0.57182
0.571801
0.571784
0.57177
0.571759
0.571752
0.571747
0.571746
0.571749
0.571755
0.571763
0.571771
0.571779
0.571786
0.57179
0.571789
0.571782
0.571769
0.571754
0.571738
0.571724
0.571714
0.571707
0.571704
0.571705
0.571711
0.571722
0.571736
0.571752
0.571764
0.571773
0.571779
0.571785
0.571793
0.5718
0.571805
0.571805
0.571802
0.571799
0.571796
0.571795
0.571795
0.571798
0.571804
0.571814
0.571826
0.57184
0.571854
0.571868
0.571881
0.571892
0.571901
0.571909
0.571914
0.571917
0.571917
0.571916
0.571912
0.571908
0.571903
0.571897
0.571891
0.571885
0.571879
0.571874
0.571869
0.571864
0.57186
0.571856
0.571853
0.57185
0.571848
0.571847
0.571846
0.571845
0.571845
0.571845
0.571845
0.571845
0.571845
0.571845
0.571845
0.571845
0.571845
0.571845
0.571846
0.571846
0.571846
0.571846
0.571847
0.571847
0.571847
0.571847
0.571847
0.571847
0.571847
0.605648
0.605642
0.605629
0.60561
0.605588
0.605567
0.605549
0.605536
0.605527
0.605521
0.605518
0.605521
0.605527
0.605536
0.605546
0.605556
0.605565
0.605572
0.605576
0.605574
0.605564
0.605548
0.60553
0.605512
0.605499
0.605489
0.605483
0.605481
0.605484
0.605492
0.605506
0.605523
0.605539
0.605551
0.605558
0.605562
0.605567
0.605576
0.605583
0.605587
0.605585
0.60558
0.605575
0.605571
0.60557
0.60557
0.605573
0.605581
0.605592
0.605607
0.605622
0.605637
0.60565
0.605662
0.605673
0.605682
0.605689
0.605693
0.605696
0.605696
0.605694
0.605691
0.605687
0.605681
0.605676
0.60567
0.605665
0.605659
0.605654
0.605649
0.605645
0.605641
0.605637
0.605634
0.605631
0.605629
0.605628
0.605627
0.605627
0.605626
0.605626
0.605626
0.605626
0.605626
0.605627
0.605627
0.605627
0.605627
0.605627
0.605628
0.605628
0.605628
0.605629
0.605629
0.605629
0.605629
0.605629
0.60563
0.605629
0.605629
0.640773
0.640766
0.640749
0.640725
0.6407
0.640676
0.640658
0.640648
0.640641
0.640637
0.640637
0.640643
0.640653
0.640665
0.640678
0.640689
0.640698
0.640706
0.640709
0.640704
0.64069
0.64067
0.64065
0.64063
0.640617
0.640609
0.640605
0.640604
0.640608
0.640619
0.640636
0.640656
0.640672
0.640683
0.640686
0.640689
0.640694
0.640704
0.640711
0.640713
0.640709
0.6407
0.640693
0.64069
0.640689
0.64069
0.640694
0.640704
0.640718
0.640734
0.64075
0.640765
0.640779
0.64079
0.6408
0.640808
0.640814
0.640818
0.64082
0.64082
0.640818
0.640815
0.640811
0.640806
0.640801
0.640795
0.64079
0.640785
0.64078
0.640776
0.640772
0.640768
0.640765
0.640761
0.640759
0.640757
0.640756
0.640755
0.640754
0.640754
0.640754
0.640754
0.640754
0.640754
0.640755
0.640755
0.640755
0.640755
0.640756
0.640756
0.640756
0.640757
0.640757
0.640757
0.640757
0.640758
0.640758
0.640758
0.640758
0.640757
0.677164
0.677156
0.677134
0.677103
0.677074
0.677048
0.677031
0.677023
0.677022
0.677021
0.677024
0.677034
0.677049
0.677064
0.677078
0.67709
0.6771
0.677107
0.677107
0.677099
0.677082
0.677056
0.677034
0.677012
0.676998
0.676992
0.676992
0.676992
0.676999
0.677014
0.677034
0.677056
0.677072
0.677079
0.677081
0.677082
0.677088
0.6771
0.677107
0.677104
0.677096
0.677082
0.677073
0.677071
0.677074
0.677075
0.677081
0.677093
0.677111
0.677129
0.677147
0.677162
0.677174
0.677184
0.677193
0.6772
0.677205
0.677208
0.67721
0.67721
0.677208
0.677205
0.677201
0.677197
0.677192
0.677187
0.677182
0.677178
0.677174
0.67717
0.677166
0.677162
0.677159
0.677156
0.677154
0.677152
0.677151
0.67715
0.677149
0.677149
0.677149
0.677149
0.677149
0.67715
0.67715
0.67715
0.67715
0.677151
0.677151
0.677151
0.677152
0.677152
0.677152
0.677152
0.677153
0.677153
0.677153
0.677153
0.677153
0.677151
0.714782
0.71477
0.714745
0.714701
0.714667
0.71464
0.714622
0.714618
0.714631
0.714634
0.714641
0.714657
0.714677
0.714695
0.71471
0.714722
0.714731
0.714737
0.714732
0.714719
0.714699
0.714663
0.714636
0.714612
0.714596
0.714592
0.714604
0.714609
0.714619
0.714638
0.714663
0.714687
0.714699
0.7147
0.714702
0.714703
0.714711
0.714726
0.714732
0.714716
0.714702
0.714683
0.71467
0.714669
0.714683
0.714687
0.714696
0.714713
0.714734
0.714755
0.714773
0.714787
0.714798
0.714807
0.714814
0.71482
0.714824
0.714827
0.714828
0.714828
0.714826
0.714824
0.71482
0.714816
0.714811
0.714807
0.714803
0.714799
0.714795
0.714792
0.714789
0.714786
0.714783
0.71478
0.714778
0.714776
0.714775
0.714774
0.714773
0.714773
0.714773
0.714773
0.714773
0.714774
0.714774
0.714774
0.714774
0.714775
0.714775
0.714775
0.714775
0.714776
0.714776
0.714776
0.714776
0.714777
0.714777
0.714777
0.714776
0.714774
0.753665
0.753637
0.753611
0.753537
0.753492
0.753471
0.753448
0.753449
0.7535
0.753521
0.753535
0.753558
0.753583
0.753603
0.753618
0.753629
0.753636
0.75364
0.753627
0.753591
0.753573
0.753509
0.75347
0.753451
0.753428
0.753426
0.753476
0.753497
0.753512
0.753538
0.753567
0.753592
0.753595
0.753574
0.753579
0.753584
0.753598
0.753617
0.753619
0.753571
0.753539
0.753521
0.753499
0.753499
0.753551
0.753571
0.753584
0.753608
0.753634
0.753656
0.753674
0.753686
0.753696
0.753703
0.753708
0.753712
0.753716
0.753718
0.753719
0.753719
0.753717
0.753715
0.753712
0.753708
0.753704
0.753701
0.753697
0.753694
0.753691
0.753688
0.753685
0.753683
0.75368
0.753678
0.753676
0.753674
0.753673
0.753672
0.753671
0.753671
0.753671
0.753671
0.753671
0.753672
0.753672
0.753672
0.753672
0.753673
0.753673
0.753673
0.753673
0.753674
0.753674
0.753674
0.753674
0.753674
0.753674
0.753674
0.753673
0.753669
0.794033
0.793916
0.793884
0.793746
0.793662
0.7937
0.793674
0.793677
0.793835
0.793912
0.793941
0.793974
0.794004
0.794025
0.794038
0.794046
0.794051
0.794052
0.794022
0.793878
0.793856
0.793729
0.793649
0.793686
0.793656
0.793655
0.79381
0.793885
0.793915
0.79395
0.793983
0.794007
0.793993
0.793862
0.793865
0.793878
0.793898
0.793922
0.79392
0.793799
0.793719
0.793754
0.793724
0.793725
0.793881
0.793955
0.793984
0.794016
0.794047
0.79407
0.794086
0.794096
0.794103
0.794108
0.794112
0.794115
0.794117
0.794119
0.794119
0.794119
0.794118
0.794116
0.794114
0.794111
0.794108
0.794105
0.794102
0.794099
0.794097
0.794095
0.794093
0.794091
0.794089
0.794087
0.794085
0.794083
0.794082
0.794081
0.794081
0.79408
0.79408
0.79408
0.79408
0.794081
0.794081
0.794081
0.794081
0.794081
0.794082
0.794082
0.794082
0.794082
0.794082
0.794082
0.794083
0.794083
0.794083
0.794082
0.794081
0.794075
0.836526
0.836014
0.835918
0.835725
0.83555
0.835897
0.835923
0.835933
0.836258
0.836472
0.836535
0.83658
0.836613
0.836632
0.83664
0.836644
0.836645
0.836642
0.836586
0.835996
0.835905
0.835721
0.835546
0.835886
0.835904
0.835907
0.836228
0.836439
0.8365
0.836545
0.836581
0.836601
0.836559
0.83598
0.835909
0.835927
0.835956
0.835984
0.835981
0.835796
0.835613
0.835949
0.835968
0.835977
0.836298
0.836509
0.836569
0.836613
0.836647
0.836668
0.83668
0.836687
0.836691
0.836694
0.836697
0.836698
0.8367
0.836701
0.836702
0.836702
0.836701
0.8367
0.836698
0.836696
0.836694
0.836692
0.83669
0.836688
0.836686
0.836685
0.836683
0.836682
0.83668
0.836679
0.836677
0.836676
0.836675
0.836674
0.836673
0.836673
0.836672
0.836672
0.836672
0.836673
0.836673
0.836673
0.836673
0.836673
0.836673
0.836673
0.836673
0.836674
0.836674
0.836674
0.836674
0.836674
0.836674
0.836673
0.836671
0.836663
0.882659
0.88094
0.880573
0.880921
0.880678
0.882257
0.882561
0.882624
0.882361
0.882705
0.882799
0.882849
0.882877
0.882888
0.882889
0.882886
0.882881
0.882872
0.882799
0.880965
0.88058
0.88093
0.880684
0.882247
0.88254
0.882593
0.882322
0.882662
0.882751
0.882799
0.882828
0.882839
0.882775
0.880952
0.880578
0.880597
0.880643
0.880675
0.880672
0.881018
0.880746
0.882303
0.882602
0.882663
0.882395
0.882735
0.882824
0.882872
0.882901
0.882916
0.882922
0.882925
0.882927
0.882928
0.882929
0.88293
0.882932
0.882933
0.882934
0.882934
0.882934
0.882934
0.882933
0.882932
0.88293
0.882929
0.882927
0.882926
0.882925
0.882925
0.882924
0.882923
0.882922
0.882921
0.88292
0.882919
0.882918
0.882917
0.882916
0.882916
0.882915
0.882915
0.882915
0.882915
0.882915
0.882915
0.882915
0.882915
0.882915
0.882915
0.882915
0.882915
0.882915
0.882915
0.882915
0.882915
0.882915
0.882914
0.882912
0.882904
0.93656
0.933476
0.932565
0.937595
0.938067
0.944098
0.945274
0.945558
0.936697
0.936151
0.936111
0.936119
0.936124
0.93612
0.936111
0.936101
0.936092
0.936079
0.936076
0.933473
0.932591
0.937629
0.938102
0.944109
0.945264
0.945536
0.936659
0.936106
0.93606
0.936065
0.93607
0.936065
0.936064
0.933484
0.932668
0.932808
0.932927
0.932968
0.932905
0.937797
0.938156
0.94414
0.945302
0.945584
0.936718
0.936167
0.936122
0.936129
0.936135
0.936137
0.936136
0.936135
0.936135
0.936136
0.936136
0.936137
0.936139
0.93614
0.936141
0.936143
0.936144
0.936144
0.936144
0.936144
0.936144
0.936143
0.936143
0.936142
0.936142
0.936142
0.936142
0.936142
0.936142
0.936141
0.936141
0.93614
0.936139
0.936138
0.936137
0.936137
0.936136
0.936136
0.936135
0.936135
0.936135
0.936135
0.936135
0.936135
0.936134
0.936134
0.936134
0.936134
0.936134
0.936134
0.936134
0.936134
0.936134
0.936133
0.936131
0.936132
1.03348
1.041
1.04147
1.0806
1.08321
1.1128
1.11506
1.11555
1.03332
1.0285
1.02835
1.02839
1.02841
1.02841
1.02842
1.02842
1.02842
1.02841
1.02852
1.04062
1.04149
1.0807
1.08334
1.11288
1.11509
1.11556
1.03324
1.02841
1.02826
1.0283
1.02832
1.02832
1.02844
1.0407
1.04168
1.04273
1.04315
1.04325
1.04319
1.08126
1.08342
1.11286
1.11507
1.11555
1.03331
1.02847
1.02833
1.02837
1.0284
1.0284
1.0284
1.02841
1.02841
1.02841
1.02841
1.02841
1.02842
1.02842
1.02842
1.02842
1.02843
1.02843
1.02843
1.02843
1.02843
1.02843
1.02843
1.02843
1.02843
1.02843
1.02844
1.02844
1.02844
1.02844
1.02844
1.02843
1.02843
1.02843
1.02843
1.02843
1.02843
1.02843
1.02843
1.02843
1.02843
1.02843
1.02843
1.02843
1.02843
1.02843
1.02843
1.02843
1.02843
1.02843
1.02843
1.02843
1.02842
1.02842
1.02842
1.02843
)
;

boundaryField
{
    inlet
    {
        type            cyclic;
    }
    outlet
    {
        type            cyclic;
    }
    bottomWall
    {
        type            kqRWallFunction;
        value           nonuniform List<scalar> 
100
(
1.11169
1.03181
1.0409
1.07997
1.08319
1.11339
1.03232
1.02797
1.04055
1.04161
1.04271
1.04316
1.04329
1.04325
1.08166
1.08389
1.1135
1.11565
1.11611
1.03304
1.02814
1.02801
1.02807
1.02809
1.02809
1.02808
1.02807
1.02806
1.02804
1.02803
1.02802
1.02802
1.02803
1.02805
1.02807
1.02807
1.02807
1.02806
1.02817
1.04029
1.0414
1.04252
1.043
1.04315
1.04321
1.04324
1.04326
1.04328
1.04329
1.0433
1.0433
1.04331
1.04331
1.04332
1.04332
1.04332
1.04333
1.04333
1.04333
1.04333
1.04334
1.04334
1.04334
1.04335
1.04335
1.04335
1.04335
1.04335
1.04335
1.04335
1.04335
1.04335
1.04335
1.04335
1.04335
1.04334
1.04335
1.04334
1.04335
1.04334
1.04334
1.04334
1.04334
1.04334
1.04334
1.04334
1.04334
1.04334
1.04334
1.04334
1.04334
1.04334
1.04334
1.04334
1.04334
1.04334
1.04334
1.04334
1.04332
1.0433
)
;
    }
    topWall
    {
        type            kqRWallFunction;
        value           nonuniform List<scalar> 
100
(
1.03348
1.041
1.04147
1.0806
1.08321
1.1128
1.11506
1.11555
1.03332
1.0285
1.02835
1.02839
1.02841
1.02841
1.02842
1.02842
1.02842
1.02841
1.02852
1.04062
1.04149
1.0807
1.08334
1.11288
1.11509
1.11556
1.03324
1.02841
1.02826
1.0283
1.02832
1.02832
1.02844
1.0407
1.04168
1.04273
1.04315
1.04325
1.04319
1.08126
1.08342
1.11286
1.11507
1.11555
1.03331
1.02847
1.02833
1.02837
1.0284
1.0284
1.0284
1.02841
1.02841
1.02841
1.02841
1.02841
1.02842
1.02842
1.02842
1.02842
1.02843
1.02843
1.02843
1.02843
1.02843
1.02843
1.02843
1.02843
1.02843
1.02843
1.02844
1.02844
1.02844
1.02844
1.02844
1.02843
1.02843
1.02843
1.02843
1.02843
1.02843
1.02843
1.02843
1.02843
1.02843
1.02843
1.02843
1.02843
1.02843
1.02843
1.02843
1.02843
1.02843
1.02843
1.02843
1.02843
1.02842
1.02842
1.02842
1.02843
)
;
    }
    frontAndBack
    {
        type            empty;
    }
}


// ************************************************************************* //
