/*--------------------------------*- C++ -*----------------------------------*\
  =========                 |
  \\      /  F ield         | OpenFOAM: The Open Source CFD Toolbox
   \\    /   O peration     | Website:  https://openfoam.org
    \\  /    A nd           | Version:  11
     \\/     M anipulation  |
\*---------------------------------------------------------------------------*/
FoamFile
{
    format      ascii;
    class       volScalarField;
    location    "500";
    object      nut;
}
// * * * * * * * * * * * * * * * * * * * * * * * * * * * * * * * * * * * * * //

dimensions      [0 2 -1 0 0 0 0];

internalField   nonuniform List<scalar> 
5000
(
7.8584e-05
6.59192e-05
7.264e-05
7.56248e-05
7.56947e-05
7.85757e-05
6.59214e-05
6.55657e-05
7.26567e-05
7.22828e-05
7.22489e-05
7.22509e-05
7.22537e-05
7.22619e-05
7.55942e-05
7.56956e-05
7.85821e-05
7.89649e-05
7.90261e-05
6.59405e-05
6.55695e-05
6.55566e-05
6.55603e-05
6.55628e-05
6.55639e-05
6.55644e-05
6.55639e-05
6.55634e-05
6.55627e-05
6.55626e-05
6.55622e-05
6.55624e-05
6.55622e-05
6.55624e-05
6.5562e-05
6.55618e-05
6.55614e-05
6.55611e-05
6.5561e-05
7.26811e-05
7.22884e-05
7.22495e-05
7.22508e-05
7.22534e-05
7.22543e-05
7.22541e-05
7.2254e-05
7.22541e-05
7.22544e-05
7.22548e-05
7.22551e-05
7.22554e-05
7.22557e-05
7.22559e-05
7.22561e-05
7.22563e-05
7.22565e-05
7.22567e-05
7.22568e-05
7.22569e-05
7.2257e-05
7.22571e-05
7.22572e-05
7.22573e-05
7.22574e-05
7.22575e-05
7.22575e-05
7.22576e-05
7.22576e-05
7.22576e-05
7.22575e-05
7.22574e-05
7.22573e-05
7.22573e-05
7.22572e-05
7.22572e-05
7.22572e-05
7.22572e-05
7.22572e-05
7.22572e-05
7.22572e-05
7.22572e-05
7.22572e-05
7.22572e-05
7.22571e-05
7.22572e-05
7.22571e-05
7.22571e-05
7.22571e-05
7.22571e-05
7.22571e-05
7.22571e-05
7.22571e-05
7.22571e-05
7.22571e-05
7.22571e-05
7.2257e-05
7.22569e-05
7.22565e-05
7.22665e-05
0.000163324
0.000157635
0.000160151
0.000162074
0.000162445
0.000163845
0.000157682
0.000156842
0.000160056
0.000160223
0.000160244
0.000160261
0.000160269
0.000160236
0.000162078
0.000162459
0.00016385
0.000164264
0.000164367
0.000157789
0.000156921
0.000156836
0.000156837
0.000156841
0.000156844
0.000156844
0.000156844
0.000156844
0.000156844
0.000156844
0.000156844
0.000156845
0.000156845
0.000156846
0.000156846
0.000156846
0.000156846
0.000156844
0.000156776
0.000160061
0.000160226
0.000160243
0.000160259
0.000160267
0.000160272
0.000160274
0.000160276
0.000160277
0.000160278
0.000160279
0.000160279
0.00016028
0.00016028
0.000160281
0.000160281
0.000160282
0.000160282
0.000160282
0.000160282
0.000160282
0.000160282
0.000160282
0.000160282
0.000160282
0.000160282
0.000160282
0.000160282
0.000160281
0.000160281
0.000160281
0.000160281
0.000160281
0.000160281
0.000160281
0.000160281
0.00016028
0.00016028
0.00016028
0.00016028
0.00016028
0.00016028
0.00016028
0.00016028
0.00016028
0.00016028
0.00016028
0.00016028
0.00016028
0.00016028
0.00016028
0.00016028
0.00016028
0.00016028
0.00016028
0.00016028
0.00016028
0.00016028
0.00016028
0.000160278
0.000160247
0.000253082
0.00025179
0.0002519
0.000252424
0.00025256
0.000253184
0.000251773
0.000251424
0.000251828
0.000251828
0.00025183
0.000251846
0.000251858
0.000251831
0.000252409
0.000252567
0.000253192
0.000253447
0.000253524
0.00025187
0.000251493
0.000251452
0.000251463
0.000251475
0.000251482
0.000251486
0.000251487
0.000251489
0.000251489
0.000251491
0.000251491
0.000251492
0.000251493
0.000251494
0.000251494
0.000251495
0.000251496
0.000251494
0.000251438
0.000251866
0.000251853
0.000251845
0.000251856
0.000251867
0.000251874
0.000251879
0.000251883
0.000251886
0.000251888
0.00025189
0.000251891
0.000251892
0.000251893
0.000251894
0.000251894
0.000251895
0.000251895
0.000251895
0.000251895
0.000251895
0.000251895
0.000251894
0.000251894
0.000251894
0.000251893
0.000251892
0.000251892
0.000251891
0.000251891
0.00025189
0.00025189
0.000251889
0.000251889
0.000251889
0.000251889
0.000251889
0.000251889
0.000251889
0.000251889
0.000251889
0.000251888
0.000251888
0.000251888
0.000251888
0.000251888
0.000251888
0.000251888
0.000251888
0.000251888
0.000251888
0.000251888
0.000251888
0.000251888
0.000251888
0.000251888
0.000251888
0.000251888
0.000251888
0.000251885
0.000251851
0.00034083
0.000340577
0.000340461
0.000340533
0.000340554
0.000340764
0.000340522
0.000340433
0.000340408
0.000340384
0.000340389
0.000340407
0.000340422
0.000340408
0.000340527
0.00034056
0.00034077
0.000340875
0.000340913
0.000340577
0.000340476
0.000340472
0.000340487
0.000340502
0.000340512
0.000340519
0.000340523
0.000340526
0.000340529
0.000340531
0.000340533
0.000340535
0.000340537
0.000340538
0.000340539
0.00034054
0.000340542
0.000340541
0.000340507
0.000340472
0.00034043
0.000340423
0.000340433
0.000340445
0.000340454
0.000340461
0.000340467
0.000340472
0.000340475
0.000340479
0.000340481
0.000340483
0.000340485
0.000340486
0.000340487
0.000340488
0.000340488
0.000340488
0.000340488
0.000340488
0.000340487
0.000340486
0.000340485
0.000340484
0.000340483
0.000340482
0.000340481
0.00034048
0.000340479
0.000340478
0.000340477
0.000340477
0.000340476
0.000340476
0.000340476
0.000340475
0.000340475
0.000340475
0.000340475
0.000340475
0.000340475
0.000340474
0.000340474
0.000340474
0.000340474
0.000340474
0.000340474
0.000340474
0.000340474
0.000340474
0.000340474
0.000340474
0.000340474
0.000340474
0.000340474
0.000340474
0.000340474
0.000340474
0.000340471
0.000340443
0.000423033
0.000422978
0.000422914
0.000422899
0.000422891
0.000422943
0.000422913
0.000422893
0.000422859
0.000422848
0.000422857
0.000422874
0.00042289
0.000422886
0.000422894
0.00042289
0.000422944
0.000422976
0.000422991
0.000422936
0.000422916
0.000422922
0.000422936
0.00042295
0.000422962
0.00042297
0.000422976
0.000422981
0.000422986
0.00042299
0.000422994
0.000422997
0.000423
0.000423002
0.000423004
0.000423006
0.000423008
0.000423009
0.000422989
0.00042294
0.000422913
0.000422908
0.000422916
0.000422927
0.000422937
0.000422945
0.000422952
0.000422959
0.000422964
0.000422969
0.000422972
0.000422975
0.000422978
0.00042298
0.000422982
0.000422983
0.000422984
0.000422984
0.000422983
0.000422983
0.000422982
0.000422981
0.000422979
0.000422978
0.000422976
0.000422974
0.000422973
0.000422971
0.000422969
0.000422968
0.000422967
0.000422966
0.000422965
0.000422965
0.000422964
0.000422964
0.000422964
0.000422963
0.000422963
0.000422963
0.000422962
0.000422962
0.000422962
0.000422962
0.000422961
0.000422961
0.000422961
0.000422961
0.000422961
0.000422961
0.000422961
0.000422961
0.000422961
0.000422961
0.000422961
0.000422961
0.000422961
0.000422961
0.000422959
0.000422939
0.000498913
0.000498891
0.000498858
0.000498836
0.000498823
0.000498828
0.000498822
0.000498812
0.000498793
0.00049879
0.000498798
0.000498812
0.000498826
0.000498827
0.00049882
0.000498812
0.00049882
0.000498826
0.000498831
0.000498823
0.000498819
0.000498824
0.000498835
0.000498847
0.000498858
0.000498867
0.000498874
0.000498881
0.000498887
0.000498893
0.000498898
0.000498903
0.000498907
0.00049891
0.000498913
0.000498916
0.00049892
0.000498922
0.000498909
0.000498882
0.000498865
0.000498862
0.000498867
0.000498876
0.000498885
0.000498894
0.000498903
0.000498911
0.000498918
0.000498923
0.000498928
0.000498933
0.000498937
0.00049894
0.000498942
0.000498944
0.000498945
0.000498945
0.000498945
0.000498944
0.000498943
0.000498941
0.000498939
0.000498937
0.000498935
0.000498933
0.00049893
0.000498928
0.000498926
0.000498925
0.000498923
0.000498922
0.000498921
0.00049892
0.000498919
0.000498919
0.000498918
0.000498917
0.000498917
0.000498916
0.000498916
0.000498915
0.000498915
0.000498915
0.000498914
0.000498914
0.000498914
0.000498914
0.000498914
0.000498914
0.000498914
0.000498914
0.000498914
0.000498914
0.000498914
0.000498914
0.000498914
0.000498914
0.000498912
0.000498898
0.000568542
0.000568525
0.000568503
0.000568484
0.00056847
0.000568462
0.000568453
0.000568442
0.000568429
0.000568426
0.000568431
0.000568441
0.000568453
0.000568457
0.000568451
0.000568445
0.000568442
0.00056844
0.000568441
0.000568439
0.000568436
0.000568437
0.000568444
0.000568453
0.000568463
0.000568472
0.000568479
0.000568487
0.000568494
0.000568501
0.000568507
0.000568514
0.000568519
0.000568524
0.000568528
0.000568532
0.000568537
0.00056854
0.000568533
0.000568517
0.000568506
0.000568502
0.000568506
0.000568513
0.000568522
0.000568531
0.000568541
0.000568549
0.000568557
0.000568565
0.000568571
0.000568577
0.000568582
0.000568586
0.000568589
0.000568591
0.000568593
0.000568593
0.000568593
0.000568592
0.000568591
0.000568589
0.000568587
0.000568585
0.000568582
0.000568579
0.000568577
0.000568574
0.000568572
0.000568569
0.000568568
0.000568566
0.000568565
0.000568564
0.000568562
0.000568561
0.00056856
0.00056856
0.000568559
0.000568558
0.000568557
0.000568556
0.000568556
0.000568555
0.000568555
0.000568555
0.000568555
0.000568555
0.000568555
0.000568555
0.000568555
0.000568555
0.000568555
0.000568555
0.000568555
0.000568555
0.000568555
0.000568554
0.000568553
0.000568543
0.000632273
0.000632258
0.000632239
0.000632221
0.000632207
0.000632195
0.000632184
0.000632171
0.000632159
0.000632153
0.000632155
0.000632161
0.00063217
0.000632175
0.000632172
0.000632168
0.000632164
0.000632159
0.000632158
0.000632155
0.00063215
0.000632149
0.000632151
0.000632157
0.000632165
0.000632173
0.00063218
0.000632188
0.000632195
0.000632203
0.000632211
0.000632219
0.000632226
0.000632232
0.000632237
0.000632242
0.000632248
0.000632252
0.000632249
0.000632239
0.000632231
0.000632228
0.00063223
0.000632236
0.000632244
0.000632254
0.000632264
0.000632274
0.000632283
0.000632292
0.0006323
0.000632307
0.000632313
0.000632319
0.000632323
0.000632326
0.000632328
0.000632329
0.000632329
0.000632329
0.000632328
0.000632326
0.000632323
0.000632321
0.000632318
0.000632315
0.000632311
0.000632308
0.000632306
0.000632303
0.000632301
0.000632299
0.000632297
0.000632296
0.000632294
0.000632293
0.000632291
0.00063229
0.000632289
0.000632287
0.000632286
0.000632286
0.000632285
0.000632284
0.000632284
0.000632284
0.000632283
0.000632283
0.000632283
0.000632283
0.000632283
0.000632283
0.000632283
0.000632283
0.000632283
0.000632283
0.000632283
0.000632283
0.000632282
0.000632275
0.000690538
0.000690525
0.000690508
0.000690491
0.000690476
0.000690463
0.00069045
0.000690436
0.000690423
0.000690416
0.000690414
0.000690417
0.000690423
0.000690427
0.000690427
0.000690424
0.00069042
0.000690415
0.000690412
0.000690407
0.000690401
0.000690397
0.000690396
0.000690399
0.000690404
0.00069041
0.000690416
0.000690424
0.000690431
0.00069044
0.000690449
0.000690457
0.000690466
0.000690473
0.000690479
0.000690485
0.000690491
0.000690497
0.000690496
0.000690491
0.000690485
0.000690483
0.000690485
0.00069049
0.000690498
0.000690509
0.00069052
0.000690531
0.000690541
0.000690552
0.000690561
0.00069057
0.000690577
0.000690584
0.000690589
0.000690594
0.000690597
0.000690598
0.000690599
0.000690599
0.000690598
0.000690596
0.000690594
0.000690591
0.000690588
0.000690584
0.000690581
0.000690577
0.000690574
0.000690571
0.000690569
0.000690566
0.000690564
0.000690562
0.00069056
0.000690558
0.000690556
0.000690555
0.000690553
0.000690552
0.00069055
0.000690549
0.000690548
0.000690548
0.000690547
0.000690547
0.000690547
0.000690546
0.000690546
0.000690546
0.000690546
0.000690546
0.000690546
0.000690546
0.000690546
0.000690546
0.000690546
0.000690546
0.000690545
0.00069054
0.000743781
0.000743769
0.000743753
0.000743737
0.000743722
0.000743708
0.000743694
0.000743679
0.000743665
0.000743656
0.000743652
0.000743652
0.000743655
0.000743658
0.000743658
0.000743657
0.000743653
0.000743647
0.000743643
0.000743637
0.000743629
0.000743622
0.000743618
0.000743618
0.00074362
0.000743624
0.000743629
0.000743636
0.000743644
0.000743652
0.000743662
0.000743671
0.00074368
0.000743688
0.000743695
0.000743702
0.000743709
0.000743715
0.000743717
0.000743715
0.000743712
0.000743711
0.000743713
0.000743719
0.000743728
0.000743738
0.000743751
0.000743763
0.000743775
0.000743787
0.000743798
0.000743809
0.000743818
0.000743826
0.000743833
0.000743838
0.000743842
0.000743845
0.000743847
0.000743847
0.000743847
0.000743845
0.000743843
0.00074384
0.000743836
0.000743833
0.000743829
0.000743825
0.000743822
0.000743819
0.000743815
0.000743813
0.00074381
0.000743807
0.000743805
0.000743802
0.0007438
0.000743798
0.000743796
0.000743794
0.000743793
0.000743792
0.000743791
0.00074379
0.000743789
0.000743789
0.000743788
0.000743788
0.000743788
0.000743788
0.000743787
0.000743787
0.000743787
0.000743787
0.000743787
0.000743787
0.000743787
0.000743787
0.000743786
0.000743782
0.00079242
0.00079241
0.000792395
0.000792379
0.000792365
0.00079235
0.000792335
0.000792319
0.000792305
0.000792294
0.000792288
0.000792285
0.000792286
0.000792288
0.000792288
0.000792286
0.000792283
0.000792277
0.000792272
0.000792265
0.000792255
0.000792245
0.000792238
0.000792234
0.000792233
0.000792235
0.000792238
0.000792244
0.000792252
0.00079226
0.00079227
0.00079228
0.00079229
0.000792298
0.000792306
0.000792314
0.000792321
0.000792328
0.000792331
0.000792332
0.000792332
0.000792333
0.000792336
0.000792343
0.000792352
0.000792364
0.000792377
0.000792391
0.000792405
0.000792419
0.000792432
0.000792444
0.000792455
0.000792465
0.000792474
0.000792481
0.000792486
0.00079249
0.000792493
0.000792494
0.000792494
0.000792493
0.000792491
0.000792488
0.000792484
0.000792481
0.000792477
0.000792473
0.000792469
0.000792465
0.000792461
0.000792458
0.000792455
0.000792452
0.000792448
0.000792446
0.000792443
0.00079244
0.000792438
0.000792436
0.000792434
0.000792433
0.000792432
0.000792431
0.00079243
0.00079243
0.000792429
0.000792429
0.000792429
0.000792428
0.000792428
0.000792428
0.000792428
0.000792428
0.000792428
0.000792427
0.000792427
0.000792427
0.000792427
0.000792424
0.000836841
0.000836832
0.000836819
0.000836804
0.000836789
0.000836775
0.000836759
0.000836743
0.000836728
0.000836716
0.000836708
0.000836703
0.000836701
0.000836701
0.000836701
0.0008367
0.000836696
0.00083669
0.000836683
0.000836675
0.000836663
0.000836651
0.000836641
0.000836633
0.000836629
0.000836628
0.00083663
0.000836634
0.000836641
0.00083665
0.000836659
0.00083667
0.00083668
0.000836689
0.000836697
0.000836705
0.000836713
0.00083672
0.000836726
0.000836729
0.000836731
0.000836734
0.000836739
0.000836747
0.000836757
0.00083677
0.000836785
0.000836801
0.000836817
0.000836833
0.000836848
0.000836863
0.000836876
0.000836888
0.000836899
0.000836907
0.000836914
0.00083692
0.000836924
0.000836926
0.000836926
0.000836926
0.000836924
0.000836921
0.000836918
0.000836914
0.000836909
0.000836905
0.000836901
0.000836897
0.000836892
0.000836889
0.000836885
0.000836881
0.000836877
0.000836874
0.000836871
0.000836868
0.000836865
0.000836863
0.000836861
0.00083686
0.000836859
0.000836858
0.000836857
0.000836856
0.000836856
0.000836855
0.000836855
0.000836854
0.000836854
0.000836854
0.000836854
0.000836854
0.000836853
0.000836853
0.000836853
0.000836853
0.000836852
0.00083685
0.000877391
0.000877383
0.000877371
0.000877357
0.000877343
0.000877328
0.000877313
0.000877296
0.00087728
0.000877267
0.000877257
0.00087725
0.000877247
0.000877245
0.000877244
0.000877242
0.000877239
0.000877232
0.000877224
0.000877214
0.0008772
0.000877185
0.000877172
0.000877161
0.000877154
0.00087715
0.000877149
0.000877152
0.000877158
0.000877166
0.000877176
0.000877186
0.000877197
0.000877206
0.000877214
0.000877223
0.000877231
0.000877239
0.000877246
0.000877251
0.000877257
0.000877262
0.000877269
0.000877278
0.00087729
0.000877305
0.000877322
0.00087734
0.000877358
0.000877376
0.000877394
0.000877411
0.000877427
0.000877441
0.000877454
0.000877465
0.000877474
0.000877481
0.000877486
0.000877489
0.00087749
0.00087749
0.000877489
0.000877486
0.000877483
0.000877478
0.000877474
0.000877469
0.000877464
0.00087746
0.000877455
0.000877451
0.000877446
0.000877442
0.000877438
0.000877434
0.00087743
0.000877427
0.000877424
0.000877422
0.00087742
0.000877418
0.000877417
0.000877416
0.000877415
0.000877414
0.000877414
0.000877413
0.000877413
0.000877412
0.000877412
0.000877412
0.000877411
0.000877411
0.000877411
0.000877411
0.000877411
0.00087741
0.00087741
0.000877408
0.000914373
0.000914366
0.000914355
0.000914342
0.000914328
0.000914314
0.000914298
0.000914281
0.000914264
0.00091425
0.000914239
0.00091423
0.000914225
0.000914222
0.000914219
0.000914217
0.000914213
0.000914205
0.000914196
0.000914184
0.000914168
0.00091415
0.000914134
0.000914119
0.000914109
0.000914102
0.000914099
0.000914101
0.000914106
0.000914113
0.000914122
0.000914132
0.000914143
0.000914152
0.000914161
0.00091417
0.000914178
0.000914187
0.000914196
0.000914203
0.000914211
0.000914219
0.000914229
0.00091424
0.000914254
0.000914271
0.00091429
0.00091431
0.00091433
0.000914351
0.000914372
0.000914391
0.00091441
0.000914427
0.000914442
0.000914455
0.000914466
0.000914475
0.000914482
0.000914486
0.000914489
0.000914489
0.000914488
0.000914485
0.000914482
0.000914478
0.000914473
0.000914468
0.000914462
0.000914457
0.000914452
0.000914447
0.000914442
0.000914437
0.000914432
0.000914428
0.000914424
0.000914421
0.000914418
0.000914415
0.000914413
0.000914411
0.00091441
0.000914409
0.000914408
0.000914407
0.000914406
0.000914406
0.000914405
0.000914405
0.000914404
0.000914404
0.000914404
0.000914403
0.000914403
0.000914403
0.000914403
0.000914403
0.000914402
0.000914401
0.000948043
0.000948036
0.000948026
0.000948014
0.000948001
0.000947987
0.000947971
0.000947953
0.000947936
0.000947921
0.000947909
0.000947898
0.000947891
0.000947886
0.000947883
0.000947879
0.000947874
0.000947866
0.000947855
0.000947841
0.000947823
0.000947802
0.000947783
0.000947765
0.000947751
0.000947741
0.000947736
0.000947736
0.000947739
0.000947746
0.000947754
0.000947764
0.000947775
0.000947784
0.000947793
0.000947802
0.000947812
0.000947822
0.000947831
0.000947841
0.000947851
0.000947862
0.000947875
0.000947889
0.000947905
0.000947924
0.000947945
0.000947967
0.000947991
0.000948014
0.000948038
0.00094806
0.000948082
0.000948102
0.00094812
0.000948136
0.000948149
0.00094816
0.000948168
0.000948174
0.000948177
0.000948178
0.000948177
0.000948175
0.000948171
0.000948167
0.000948162
0.000948156
0.00094815
0.000948144
0.000948138
0.000948132
0.000948127
0.000948121
0.000948116
0.000948112
0.000948108
0.000948104
0.000948101
0.000948099
0.000948096
0.000948095
0.000948093
0.000948092
0.000948091
0.00094809
0.000948089
0.000948088
0.000948088
0.000948087
0.000948087
0.000948087
0.000948086
0.000948086
0.000948086
0.000948086
0.000948085
0.000948085
0.000948085
0.000948084
0.000978606
0.000978599
0.00097859
0.000978579
0.000978567
0.000978553
0.000978537
0.000978519
0.000978502
0.000978486
0.000978472
0.00097846
0.000978451
0.000978445
0.00097844
0.000978435
0.000978429
0.00097842
0.000978407
0.000978391
0.00097837
0.000978347
0.000978324
0.000978303
0.000978286
0.000978273
0.000978265
0.000978263
0.000978265
0.000978271
0.000978279
0.000978288
0.000978298
0.000978308
0.000978318
0.000978327
0.000978337
0.000978348
0.000978359
0.000978371
0.000978384
0.000978398
0.000978413
0.00097843
0.000978449
0.00097847
0.000978494
0.000978519
0.000978546
0.000978572
0.000978599
0.000978625
0.000978649
0.000978672
0.000978693
0.000978712
0.000978728
0.000978741
0.000978751
0.000978757
0.000978762
0.000978763
0.000978763
0.00097876
0.000978757
0.000978752
0.000978746
0.00097874
0.000978733
0.000978727
0.00097872
0.000978714
0.000978708
0.000978702
0.000978696
0.000978692
0.000978687
0.000978684
0.00097868
0.000978678
0.000978675
0.000978674
0.000978672
0.000978671
0.00097867
0.000978669
0.000978668
0.000978667
0.000978667
0.000978666
0.000978666
0.000978665
0.000978665
0.000978665
0.000978665
0.000978664
0.000978664
0.000978664
0.000978664
0.000978663
0.00100621
0.00100621
0.0010062
0.00100619
0.00100618
0.00100616
0.00100615
0.00100613
0.00100611
0.0010061
0.00100608
0.00100607
0.00100606
0.00100605
0.00100604
0.00100604
0.00100603
0.00100602
0.001006
0.00100599
0.00100596
0.00100594
0.00100591
0.00100589
0.00100587
0.00100585
0.00100584
0.00100584
0.00100584
0.00100584
0.00100585
0.00100586
0.00100587
0.00100588
0.00100589
0.0010059
0.00100591
0.00100592
0.00100593
0.00100595
0.00100596
0.00100598
0.001006
0.00100602
0.00100604
0.00100606
0.00100609
0.00100612
0.00100615
0.00100618
0.00100621
0.00100624
0.00100626
0.00100629
0.00100631
0.00100634
0.00100635
0.00100637
0.00100638
0.00100639
0.00100639
0.0010064
0.0010064
0.00100639
0.00100639
0.00100638
0.00100638
0.00100637
0.00100636
0.00100636
0.00100635
0.00100634
0.00100634
0.00100633
0.00100632
0.00100632
0.00100631
0.00100631
0.00100631
0.0010063
0.0010063
0.0010063
0.0010063
0.0010063
0.0010063
0.0010063
0.00100629
0.00100629
0.00100629
0.00100629
0.00100629
0.00100629
0.00100629
0.00100629
0.00100629
0.00100629
0.00100629
0.00100629
0.00100629
0.00100629
0.00103097
0.00103096
0.00103095
0.00103094
0.00103093
0.00103092
0.0010309
0.00103089
0.00103087
0.00103085
0.00103083
0.00103082
0.00103081
0.0010308
0.00103079
0.00103078
0.00103077
0.00103076
0.00103074
0.00103072
0.0010307
0.00103067
0.00103064
0.00103061
0.00103059
0.00103057
0.00103056
0.00103055
0.00103055
0.00103055
0.00103056
0.00103057
0.00103058
0.00103059
0.0010306
0.00103061
0.00103062
0.00103064
0.00103065
0.00103067
0.00103068
0.0010307
0.00103073
0.00103075
0.00103077
0.0010308
0.00103083
0.00103086
0.00103089
0.00103093
0.00103096
0.00103099
0.00103102
0.00103105
0.00103108
0.0010311
0.00103113
0.00103114
0.00103116
0.00103116
0.00103117
0.00103117
0.00103117
0.00103117
0.00103117
0.00103116
0.00103115
0.00103115
0.00103114
0.00103113
0.00103112
0.00103112
0.00103111
0.0010311
0.0010311
0.00103109
0.00103109
0.00103108
0.00103108
0.00103108
0.00103107
0.00103107
0.00103107
0.00103107
0.00103107
0.00103107
0.00103107
0.00103106
0.00103106
0.00103106
0.00103106
0.00103106
0.00103106
0.00103106
0.00103106
0.00103106
0.00103106
0.00103106
0.00103106
0.00103106
0.0010529
0.00105289
0.00105289
0.00105288
0.00105287
0.00105285
0.00105284
0.00105282
0.0010528
0.00105278
0.00105277
0.00105275
0.00105274
0.00105273
0.00105272
0.00105271
0.0010527
0.00105268
0.00105266
0.00105264
0.00105261
0.00105258
0.00105255
0.00105252
0.00105249
0.00105247
0.00105246
0.00105245
0.00105244
0.00105245
0.00105245
0.00105246
0.00105247
0.00105248
0.00105249
0.0010525
0.00105252
0.00105253
0.00105255
0.00105257
0.00105259
0.00105261
0.00105264
0.00105266
0.00105269
0.00105272
0.00105275
0.00105279
0.00105282
0.00105286
0.00105289
0.00105293
0.00105296
0.001053
0.00105303
0.00105305
0.00105308
0.0010531
0.00105311
0.00105312
0.00105313
0.00105313
0.00105313
0.00105313
0.00105312
0.00105312
0.00105311
0.0010531
0.00105309
0.00105309
0.00105308
0.00105307
0.00105306
0.00105305
0.00105305
0.00105304
0.00105304
0.00105303
0.00105303
0.00105303
0.00105303
0.00105302
0.00105302
0.00105302
0.00105302
0.00105302
0.00105302
0.00105302
0.00105302
0.00105302
0.00105302
0.00105302
0.00105302
0.00105302
0.00105302
0.00105302
0.00105302
0.00105302
0.00105302
0.00105301
0.001072
0.00107199
0.00107198
0.00107198
0.00107197
0.00107195
0.00107194
0.00107192
0.0010719
0.00107188
0.00107187
0.00107185
0.00107183
0.00107182
0.00107181
0.0010718
0.00107179
0.00107177
0.00107175
0.00107172
0.00107169
0.00107166
0.00107162
0.00107159
0.00107156
0.00107154
0.00107152
0.00107151
0.00107151
0.00107151
0.00107151
0.00107152
0.00107153
0.00107154
0.00107155
0.00107157
0.00107158
0.0010716
0.00107162
0.00107164
0.00107166
0.00107169
0.00107171
0.00107174
0.00107177
0.00107181
0.00107184
0.00107188
0.00107192
0.00107196
0.00107199
0.00107203
0.00107207
0.00107211
0.00107214
0.00107217
0.0010722
0.00107222
0.00107223
0.00107225
0.00107225
0.00107226
0.00107226
0.00107225
0.00107225
0.00107224
0.00107223
0.00107222
0.00107221
0.0010722
0.0010722
0.00107219
0.00107218
0.00107217
0.00107217
0.00107216
0.00107216
0.00107215
0.00107215
0.00107215
0.00107214
0.00107214
0.00107214
0.00107214
0.00107214
0.00107214
0.00107214
0.00107214
0.00107213
0.00107213
0.00107213
0.00107213
0.00107213
0.00107213
0.00107213
0.00107213
0.00107213
0.00107213
0.00107213
0.00107213
0.00108819
0.00108819
0.00108818
0.00108817
0.00108816
0.00108815
0.00108814
0.00108812
0.0010881
0.00108808
0.00108806
0.00108805
0.00108803
0.00108802
0.001088
0.00108799
0.00108797
0.00108796
0.00108793
0.00108791
0.00108787
0.00108784
0.0010878
0.00108777
0.00108773
0.00108771
0.00108769
0.00108768
0.00108767
0.00108767
0.00108767
0.00108768
0.00108769
0.0010877
0.00108772
0.00108773
0.00108775
0.00108777
0.00108779
0.00108781
0.00108783
0.00108786
0.00108789
0.00108792
0.00108796
0.00108799
0.00108803
0.00108807
0.00108811
0.00108815
0.00108819
0.00108824
0.00108828
0.00108832
0.00108835
0.00108838
0.00108841
0.00108843
0.00108845
0.00108847
0.00108847
0.00108848
0.00108848
0.00108847
0.00108847
0.00108846
0.00108845
0.00108844
0.00108843
0.00108842
0.00108841
0.0010884
0.0010884
0.00108839
0.00108838
0.00108838
0.00108837
0.00108837
0.00108836
0.00108836
0.00108836
0.00108836
0.00108835
0.00108835
0.00108835
0.00108835
0.00108835
0.00108835
0.00108835
0.00108835
0.00108835
0.00108835
0.00108835
0.00108835
0.00108835
0.00108835
0.00108835
0.00108835
0.00108835
0.00108835
0.00110139
0.00110138
0.00110138
0.00110137
0.00110136
0.00110135
0.00110133
0.00110132
0.0011013
0.00110128
0.00110126
0.00110124
0.00110122
0.00110121
0.00110119
0.00110118
0.00110116
0.00110114
0.00110112
0.00110109
0.00110105
0.00110101
0.00110098
0.00110094
0.0011009
0.00110088
0.00110086
0.00110084
0.00110083
0.00110083
0.00110084
0.00110084
0.00110085
0.00110087
0.00110088
0.0011009
0.00110091
0.00110093
0.00110096
0.00110098
0.00110101
0.00110104
0.00110107
0.0011011
0.00110114
0.00110118
0.00110122
0.00110126
0.0011013
0.00110135
0.00110139
0.00110143
0.00110148
0.00110152
0.00110156
0.00110159
0.00110162
0.00110165
0.00110166
0.00110168
0.00110169
0.00110169
0.00110169
0.00110169
0.00110168
0.00110167
0.00110166
0.00110165
0.00110164
0.00110163
0.00110162
0.00110161
0.0011016
0.0011016
0.00110159
0.00110158
0.00110158
0.00110158
0.00110157
0.00110157
0.00110157
0.00110157
0.00110156
0.00110156
0.00110156
0.00110156
0.00110156
0.00110156
0.00110156
0.00110156
0.00110156
0.00110156
0.00110156
0.00110156
0.00110156
0.00110156
0.00110156
0.00110156
0.00110156
0.00110156
0.00111145
0.00111145
0.00111144
0.00111143
0.00111143
0.00111141
0.0011114
0.00111138
0.00111136
0.00111134
0.00111132
0.0011113
0.00111129
0.00111127
0.00111125
0.00111124
0.00111122
0.0011112
0.00111117
0.00111114
0.0011111
0.00111107
0.00111103
0.00111099
0.00111095
0.00111092
0.0011109
0.00111088
0.00111088
0.00111087
0.00111088
0.00111088
0.00111089
0.00111091
0.00111092
0.00111094
0.00111096
0.00111098
0.001111
0.00111103
0.00111106
0.00111109
0.00111112
0.00111116
0.0011112
0.00111124
0.00111128
0.00111132
0.00111137
0.00111141
0.00111146
0.0011115
0.00111155
0.00111159
0.00111163
0.00111167
0.0011117
0.00111173
0.00111175
0.00111176
0.00111177
0.00111177
0.00111177
0.00111177
0.00111176
0.00111175
0.00111174
0.00111173
0.00111172
0.00111171
0.0011117
0.00111169
0.00111168
0.00111168
0.00111167
0.00111166
0.00111166
0.00111165
0.00111165
0.00111165
0.00111165
0.00111164
0.00111164
0.00111164
0.00111164
0.00111164
0.00111164
0.00111164
0.00111164
0.00111164
0.00111164
0.00111164
0.00111164
0.00111164
0.00111164
0.00111164
0.00111164
0.00111164
0.00111164
0.00111164
0.00111827
0.00111826
0.00111826
0.00111825
0.00111824
0.00111823
0.00111822
0.0011182
0.00111818
0.00111816
0.00111814
0.00111812
0.0011181
0.00111808
0.00111807
0.00111805
0.00111803
0.00111801
0.00111798
0.00111795
0.00111791
0.00111787
0.00111783
0.00111779
0.00111776
0.00111773
0.0011177
0.00111768
0.00111768
0.00111767
0.00111767
0.00111768
0.00111769
0.00111771
0.00111772
0.00111774
0.00111776
0.00111778
0.00111781
0.00111783
0.00111786
0.0011179
0.00111793
0.00111797
0.00111801
0.00111805
0.00111809
0.00111813
0.00111818
0.00111823
0.00111827
0.00111832
0.00111837
0.00111841
0.00111845
0.00111849
0.00111853
0.00111855
0.00111857
0.00111859
0.0011186
0.0011186
0.0011186
0.0011186
0.00111859
0.00111858
0.00111857
0.00111856
0.00111855
0.00111854
0.00111853
0.00111852
0.00111851
0.0011185
0.00111849
0.00111849
0.00111848
0.00111848
0.00111848
0.00111847
0.00111847
0.00111847
0.00111847
0.00111847
0.00111847
0.00111847
0.00111847
0.00111847
0.00111846
0.00111846
0.00111846
0.00111846
0.00111847
0.00111847
0.00111847
0.00111847
0.00111847
0.00111847
0.00111847
0.00111847
0.00112174
0.00112173
0.00112173
0.00112172
0.00112171
0.0011217
0.00112169
0.00112167
0.00112165
0.00112163
0.00112161
0.00112159
0.00112157
0.00112155
0.00112153
0.00112152
0.0011215
0.00112147
0.00112145
0.00112141
0.00112138
0.00112134
0.0011213
0.00112126
0.00112122
0.00112119
0.00112116
0.00112114
0.00112113
0.00112113
0.00112113
0.00112114
0.00112115
0.00112116
0.00112118
0.0011212
0.00112122
0.00112124
0.00112127
0.0011213
0.00112133
0.00112136
0.00112139
0.00112143
0.00112147
0.00112151
0.00112156
0.0011216
0.00112165
0.00112169
0.00112174
0.00112179
0.00112184
0.00112188
0.00112192
0.00112196
0.001122
0.00112203
0.00112205
0.00112206
0.00112207
0.00112208
0.00112207
0.00112207
0.00112206
0.00112205
0.00112204
0.00112203
0.00112202
0.00112201
0.001122
0.00112199
0.00112198
0.00112198
0.00112197
0.00112196
0.00112196
0.00112195
0.00112195
0.00112195
0.00112195
0.00112194
0.00112194
0.00112194
0.00112194
0.00112194
0.00112194
0.00112194
0.00112194
0.00112194
0.00112194
0.00112194
0.00112194
0.00112194
0.00112194
0.00112194
0.00112194
0.00112194
0.00112194
0.00112194
0.0011218
0.0011218
0.0011218
0.00112179
0.00112178
0.00112177
0.00112176
0.00112174
0.00112172
0.0011217
0.00112168
0.00112166
0.00112164
0.00112162
0.0011216
0.00112158
0.00112156
0.00112154
0.00112151
0.00112148
0.00112144
0.00112141
0.00112136
0.00112132
0.00112129
0.00112126
0.00112123
0.00112121
0.0011212
0.0011212
0.0011212
0.0011212
0.00112121
0.00112123
0.00112124
0.00112126
0.00112129
0.00112131
0.00112134
0.00112136
0.00112139
0.00112143
0.00112146
0.0011215
0.00112154
0.00112158
0.00112162
0.00112167
0.00112171
0.00112176
0.0011218
0.00112185
0.0011219
0.00112195
0.00112199
0.00112203
0.00112207
0.00112209
0.00112212
0.00112213
0.00112214
0.00112214
0.00112214
0.00112214
0.00112213
0.00112212
0.00112211
0.0011221
0.00112209
0.00112208
0.00112207
0.00112206
0.00112205
0.00112204
0.00112204
0.00112203
0.00112203
0.00112202
0.00112202
0.00112202
0.00112201
0.00112201
0.00112201
0.00112201
0.00112201
0.00112201
0.00112201
0.00112201
0.00112201
0.00112201
0.00112201
0.00112201
0.00112201
0.00112201
0.00112201
0.00112201
0.00112201
0.00112201
0.00112201
0.00112201
0.00111847
0.00111847
0.00111846
0.00111846
0.00111845
0.00111844
0.00111842
0.00111841
0.00111839
0.00111837
0.00111835
0.00111833
0.00111831
0.00111829
0.00111827
0.00111825
0.00111823
0.00111821
0.00111818
0.00111815
0.00111812
0.00111808
0.00111804
0.001118
0.00111796
0.00111793
0.0011179
0.00111788
0.00111787
0.00111787
0.00111787
0.00111787
0.00111788
0.0011179
0.00111791
0.00111793
0.00111796
0.00111798
0.00111801
0.00111803
0.00111806
0.00111809
0.00111813
0.00111817
0.0011182
0.00111824
0.00111829
0.00111833
0.00111837
0.00111842
0.00111846
0.00111851
0.00111856
0.0011186
0.00111865
0.00111869
0.00111872
0.00111875
0.00111878
0.00111879
0.0011188
0.0011188
0.0011188
0.0011188
0.00111879
0.00111878
0.00111877
0.00111876
0.00111875
0.00111874
0.00111873
0.00111872
0.00111871
0.00111871
0.0011187
0.00111869
0.00111869
0.00111868
0.00111868
0.00111868
0.00111868
0.00111867
0.00111867
0.00111867
0.00111867
0.00111867
0.00111867
0.00111867
0.00111867
0.00111867
0.00111867
0.00111867
0.00111867
0.00111867
0.00111867
0.00111867
0.00111867
0.00111867
0.00111867
0.00111867
0.00111178
0.00111178
0.00111177
0.00111177
0.00111176
0.00111175
0.00111174
0.00111172
0.0011117
0.00111168
0.00111166
0.00111164
0.00111162
0.0011116
0.00111158
0.00111157
0.00111155
0.00111153
0.0011115
0.00111147
0.00111144
0.0011114
0.00111136
0.00111132
0.00111129
0.00111125
0.00111123
0.00111121
0.0011112
0.00111119
0.00111119
0.00111119
0.0011112
0.00111122
0.00111124
0.00111126
0.00111128
0.0011113
0.00111133
0.00111135
0.00111138
0.00111141
0.00111145
0.00111148
0.00111152
0.00111156
0.00111159
0.00111164
0.00111168
0.00111172
0.00111177
0.00111181
0.00111186
0.0011119
0.00111195
0.00111199
0.00111202
0.00111205
0.00111207
0.00111209
0.0011121
0.0011121
0.0011121
0.0011121
0.00111209
0.00111208
0.00111207
0.00111206
0.00111205
0.00111204
0.00111203
0.00111202
0.00111202
0.00111201
0.001112
0.001112
0.00111199
0.00111199
0.00111198
0.00111198
0.00111198
0.00111198
0.00111198
0.00111197
0.00111197
0.00111197
0.00111197
0.00111197
0.00111197
0.00111197
0.00111197
0.00111197
0.00111197
0.00111197
0.00111197
0.00111197
0.00111197
0.00111197
0.00111197
0.00111197
0.00110183
0.00110183
0.00110182
0.00110182
0.00110181
0.0011018
0.00110179
0.00110177
0.00110175
0.00110173
0.00110171
0.00110169
0.00110167
0.00110166
0.00110164
0.00110162
0.0011016
0.00110158
0.00110156
0.00110153
0.0011015
0.00110146
0.00110143
0.00110139
0.00110135
0.00110132
0.0011013
0.00110128
0.00110126
0.00110126
0.00110126
0.00110126
0.00110127
0.00110129
0.0011013
0.00110132
0.00110134
0.00110137
0.00110139
0.00110142
0.00110144
0.00110147
0.0011015
0.00110154
0.00110157
0.00110161
0.00110164
0.00110168
0.00110172
0.00110176
0.00110181
0.00110185
0.0011019
0.00110194
0.00110198
0.00110202
0.00110206
0.00110208
0.00110211
0.00110212
0.00110213
0.00110213
0.00110213
0.00110213
0.00110212
0.00110212
0.00110211
0.0011021
0.00110209
0.00110208
0.00110207
0.00110206
0.00110205
0.00110204
0.00110204
0.00110203
0.00110203
0.00110202
0.00110202
0.00110202
0.00110202
0.00110201
0.00110201
0.00110201
0.00110201
0.00110201
0.00110201
0.00110201
0.00110201
0.00110201
0.00110201
0.00110201
0.00110201
0.00110201
0.00110201
0.00110201
0.00110201
0.00110201
0.00110201
0.00110201
0.00108874
0.00108873
0.00108873
0.00108872
0.00108872
0.0010887
0.00108869
0.00108868
0.00108866
0.00108864
0.00108862
0.0010886
0.00108858
0.00108856
0.00108855
0.00108853
0.00108852
0.0010885
0.00108848
0.00108845
0.00108842
0.00108839
0.00108835
0.00108832
0.00108828
0.00108825
0.00108823
0.00108821
0.0010882
0.00108819
0.00108819
0.00108819
0.0010882
0.00108822
0.00108823
0.00108825
0.00108827
0.00108829
0.00108832
0.00108834
0.00108836
0.00108839
0.00108842
0.00108845
0.00108848
0.00108851
0.00108855
0.00108858
0.00108862
0.00108866
0.0010887
0.00108874
0.00108879
0.00108883
0.00108887
0.00108891
0.00108894
0.00108897
0.00108899
0.00108901
0.00108901
0.00108902
0.00108902
0.00108901
0.00108901
0.001089
0.00108899
0.00108898
0.00108897
0.00108897
0.00108896
0.00108895
0.00108894
0.00108893
0.00108893
0.00108892
0.00108892
0.00108891
0.00108891
0.00108891
0.0010889
0.0010889
0.0010889
0.0010889
0.0010889
0.0010889
0.0010889
0.0010889
0.0010889
0.0010889
0.0010889
0.0010889
0.0010889
0.0010889
0.0010889
0.0010889
0.0010889
0.0010889
0.0010889
0.0010889
0.00107262
0.00107262
0.00107261
0.00107261
0.0010726
0.00107259
0.00107257
0.00107256
0.00107254
0.00107252
0.0010725
0.00107248
0.00107247
0.00107245
0.00107244
0.00107242
0.00107241
0.00107239
0.00107237
0.00107235
0.00107232
0.00107229
0.00107226
0.00107222
0.00107219
0.00107216
0.00107214
0.00107212
0.00107211
0.0010721
0.0010721
0.0010721
0.00107211
0.00107213
0.00107214
0.00107216
0.00107218
0.0010722
0.00107222
0.00107224
0.00107226
0.00107229
0.00107231
0.00107234
0.00107237
0.0010724
0.00107243
0.00107246
0.0010725
0.00107254
0.00107257
0.00107261
0.00107265
0.00107269
0.00107273
0.00107277
0.0010728
0.00107283
0.00107285
0.00107286
0.00107287
0.00107288
0.00107288
0.00107287
0.00107287
0.00107286
0.00107285
0.00107284
0.00107283
0.00107283
0.00107282
0.00107281
0.0010728
0.0010728
0.00107279
0.00107279
0.00107278
0.00107278
0.00107277
0.00107277
0.00107277
0.00107277
0.00107277
0.00107276
0.00107276
0.00107276
0.00107276
0.00107276
0.00107276
0.00107276
0.00107276
0.00107276
0.00107276
0.00107276
0.00107276
0.00107276
0.00107276
0.00107276
0.00107276
0.00107276
0.00105358
0.00105358
0.00105357
0.00105357
0.00105356
0.00105355
0.00105353
0.00105352
0.0010535
0.00105348
0.00105346
0.00105345
0.00105343
0.00105342
0.0010534
0.00105339
0.00105338
0.00105336
0.00105335
0.00105332
0.0010533
0.00105327
0.00105324
0.00105321
0.00105318
0.00105315
0.00105313
0.00105311
0.0010531
0.00105309
0.00105309
0.00105309
0.0010531
0.00105312
0.00105313
0.00105315
0.00105317
0.00105319
0.00105321
0.00105322
0.00105325
0.00105327
0.00105329
0.00105331
0.00105334
0.00105337
0.00105339
0.00105342
0.00105345
0.00105349
0.00105352
0.00105356
0.0010536
0.00105364
0.00105367
0.00105371
0.00105374
0.00105376
0.00105378
0.0010538
0.00105381
0.00105381
0.00105381
0.00105381
0.0010538
0.00105379
0.00105379
0.00105378
0.00105377
0.00105376
0.00105376
0.00105375
0.00105374
0.00105374
0.00105373
0.00105372
0.00105372
0.00105372
0.00105371
0.00105371
0.00105371
0.00105371
0.0010537
0.0010537
0.0010537
0.0010537
0.0010537
0.0010537
0.0010537
0.0010537
0.0010537
0.0010537
0.0010537
0.0010537
0.0010537
0.0010537
0.0010537
0.0010537
0.0010537
0.0010537
0.00103168
0.00103168
0.00103167
0.00103167
0.00103166
0.00103165
0.00103163
0.00103162
0.0010316
0.00103158
0.00103156
0.00103155
0.00103153
0.00103152
0.00103151
0.0010315
0.00103149
0.00103148
0.00103146
0.00103144
0.00103142
0.0010314
0.00103137
0.00103134
0.00103131
0.00103129
0.00103126
0.00103125
0.00103123
0.00103123
0.00103123
0.00103123
0.00103124
0.00103125
0.00103127
0.00103128
0.0010313
0.00103132
0.00103133
0.00103135
0.00103137
0.00103139
0.00103141
0.00103143
0.00103145
0.00103147
0.0010315
0.00103152
0.00103155
0.00103158
0.00103162
0.00103165
0.00103169
0.00103172
0.00103176
0.00103179
0.00103182
0.00103184
0.00103186
0.00103187
0.00103188
0.00103188
0.00103188
0.00103188
0.00103188
0.00103187
0.00103186
0.00103186
0.00103185
0.00103184
0.00103183
0.00103183
0.00103182
0.00103181
0.00103181
0.0010318
0.0010318
0.0010318
0.00103179
0.00103179
0.00103179
0.00103179
0.00103179
0.00103178
0.00103178
0.00103178
0.00103178
0.00103178
0.00103178
0.00103178
0.00103178
0.00103178
0.00103178
0.00103178
0.00103178
0.00103178
0.00103178
0.00103178
0.00103178
0.00103178
0.00100694
0.00100694
0.00100693
0.00100693
0.00100692
0.0010069
0.00100689
0.00100687
0.00100686
0.00100684
0.00100682
0.00100681
0.0010068
0.00100679
0.00100678
0.00100677
0.00100676
0.00100675
0.00100674
0.00100672
0.0010067
0.00100668
0.00100665
0.00100663
0.0010066
0.00100658
0.00100656
0.00100654
0.00100653
0.00100652
0.00100652
0.00100653
0.00100654
0.00100655
0.00100656
0.00100658
0.00100659
0.00100661
0.00100662
0.00100664
0.00100665
0.00100667
0.00100669
0.0010067
0.00100672
0.00100674
0.00100676
0.00100679
0.00100681
0.00100684
0.00100687
0.0010069
0.00100693
0.00100697
0.001007
0.00100703
0.00100706
0.00100708
0.00100709
0.00100711
0.00100711
0.00100712
0.00100712
0.00100711
0.00100711
0.0010071
0.0010071
0.00100709
0.00100708
0.00100708
0.00100707
0.00100706
0.00100706
0.00100705
0.00100705
0.00100704
0.00100704
0.00100704
0.00100703
0.00100703
0.00100703
0.00100703
0.00100703
0.00100702
0.00100702
0.00100702
0.00100702
0.00100702
0.00100702
0.00100702
0.00100702
0.00100702
0.00100702
0.00100702
0.00100702
0.00100702
0.00100702
0.00100702
0.00100702
0.00100702
0.000979323
0.000979318
0.000979313
0.000979305
0.000979295
0.000979282
0.000979267
0.000979252
0.000979237
0.000979221
0.000979206
0.000979192
0.000979181
0.000979172
0.000979165
0.000979158
0.000979152
0.000979144
0.000979134
0.00097912
0.000979104
0.000979084
0.000979061
0.000979036
0.000979011
0.000978988
0.000978969
0.000978954
0.000978944
0.000978939
0.00097894
0.000978945
0.000978954
0.000978966
0.000978979
0.000978994
0.000979007
0.000979021
0.000979035
0.000979048
0.000979061
0.000979074
0.000979086
0.000979101
0.000979116
0.000979133
0.000979151
0.000979171
0.000979194
0.000979219
0.000979246
0.000979275
0.000979305
0.000979335
0.000979365
0.000979392
0.000979416
0.000979436
0.000979452
0.000979463
0.00097947
0.000979473
0.000979473
0.00097947
0.000979466
0.00097946
0.000979454
0.000979448
0.000979441
0.000979435
0.000979428
0.000979423
0.000979417
0.000979412
0.000979408
0.000979404
0.0009794
0.000979397
0.000979395
0.000979392
0.00097939
0.000979389
0.000979387
0.000979386
0.000979385
0.000979385
0.000979384
0.000979384
0.000979383
0.000979383
0.000979383
0.000979383
0.000979383
0.000979383
0.000979383
0.000979383
0.000979383
0.000979383
0.000979383
0.000979382
0.00094873
0.000948725
0.000948719
0.000948711
0.0009487
0.000948687
0.000948671
0.000948657
0.000948642
0.000948627
0.000948613
0.000948601
0.000948592
0.000948584
0.000948579
0.000948575
0.00094857
0.000948565
0.000948557
0.000948545
0.000948531
0.000948513
0.000948492
0.000948469
0.000948446
0.000948425
0.000948408
0.000948394
0.000948385
0.000948381
0.000948383
0.000948389
0.000948398
0.000948409
0.000948422
0.000948435
0.000948447
0.00094846
0.000948472
0.000948483
0.000948494
0.000948504
0.000948514
0.000948525
0.000948537
0.000948551
0.000948566
0.000948584
0.000948604
0.000948626
0.000948651
0.000948677
0.000948705
0.000948732
0.000948759
0.000948784
0.000948806
0.000948824
0.000948838
0.000948848
0.000948854
0.000948857
0.000948857
0.000948854
0.00094885
0.000948845
0.000948839
0.000948833
0.000948827
0.000948821
0.000948815
0.00094881
0.000948805
0.0009488
0.000948796
0.000948793
0.00094879
0.000948787
0.000948784
0.000948782
0.00094878
0.000948779
0.000948778
0.000948777
0.000948776
0.000948775
0.000948774
0.000948774
0.000948774
0.000948774
0.000948773
0.000948773
0.000948773
0.000948773
0.000948773
0.000948773
0.000948773
0.000948773
0.000948773
0.000948772
0.000915014
0.000915009
0.000915003
0.000914994
0.000914982
0.000914968
0.000914952
0.000914938
0.000914924
0.00091491
0.000914897
0.000914887
0.000914879
0.000914874
0.000914871
0.000914868
0.000914866
0.000914862
0.000914856
0.000914846
0.000914834
0.000914817
0.000914798
0.000914777
0.000914756
0.000914738
0.000914722
0.00091471
0.000914702
0.000914699
0.000914702
0.000914709
0.000914718
0.000914728
0.00091474
0.000914752
0.000914763
0.000914774
0.000914785
0.000914795
0.000914804
0.000914811
0.000914818
0.000914826
0.000914836
0.000914847
0.000914859
0.000914874
0.000914892
0.000914912
0.000914935
0.000914959
0.000914984
0.000915009
0.000915033
0.000915055
0.000915075
0.000915091
0.000915104
0.000915113
0.000915118
0.000915121
0.00091512
0.000915118
0.000915114
0.000915109
0.000915104
0.000915098
0.000915092
0.000915087
0.000915081
0.000915076
0.000915072
0.000915067
0.000915064
0.000915061
0.000915058
0.000915055
0.000915053
0.000915051
0.00091505
0.000915048
0.000915047
0.000915046
0.000915045
0.000915045
0.000915044
0.000915044
0.000915043
0.000915043
0.000915043
0.000915043
0.000915043
0.000915043
0.000915043
0.000915043
0.000915043
0.000915043
0.000915043
0.000915042
0.000877973
0.000877967
0.000877961
0.000877951
0.000877938
0.000877923
0.000877908
0.000877894
0.000877881
0.000877868
0.000877857
0.000877848
0.000877842
0.000877839
0.000877837
0.000877837
0.000877836
0.000877834
0.00087783
0.000877821
0.00087781
0.000877795
0.000877777
0.000877758
0.000877739
0.000877722
0.000877709
0.000877698
0.000877692
0.00087769
0.000877694
0.000877701
0.000877711
0.000877721
0.000877731
0.000877742
0.000877752
0.000877762
0.000877772
0.00087778
0.000877787
0.000877792
0.000877796
0.000877802
0.000877809
0.000877817
0.000877827
0.00087784
0.000877856
0.000877875
0.000877895
0.000877917
0.00087794
0.000877962
0.000877984
0.000878004
0.000878021
0.000878036
0.000878047
0.000878055
0.00087806
0.000878062
0.000878061
0.000878059
0.000878055
0.000878051
0.000878046
0.00087804
0.000878035
0.000878029
0.000878024
0.00087802
0.000878015
0.000878012
0.000878008
0.000878005
0.000878003
0.000878001
0.000877999
0.000877997
0.000877996
0.000877995
0.000877994
0.000877993
0.000877992
0.000877991
0.000877991
0.000877991
0.00087799
0.00087799
0.00087799
0.00087799
0.00087799
0.00087799
0.00087799
0.00087799
0.00087799
0.00087799
0.00087799
0.000877989
0.000837354
0.000837348
0.000837341
0.00083733
0.000837316
0.000837301
0.000837285
0.000837273
0.000837261
0.000837249
0.000837239
0.000837232
0.000837228
0.000837227
0.000837227
0.000837228
0.000837229
0.000837229
0.000837225
0.000837218
0.000837208
0.000837194
0.000837177
0.00083716
0.000837142
0.000837128
0.000837116
0.000837107
0.000837102
0.000837102
0.000837106
0.000837115
0.000837124
0.000837133
0.000837143
0.000837152
0.000837161
0.000837171
0.00083718
0.000837187
0.000837191
0.000837194
0.000837195
0.000837199
0.000837204
0.00083721
0.000837218
0.00083723
0.000837244
0.000837261
0.00083728
0.0008373
0.00083732
0.00083734
0.000837359
0.000837377
0.000837392
0.000837405
0.000837415
0.000837422
0.000837426
0.000837428
0.000837427
0.000837425
0.000837422
0.000837417
0.000837413
0.000837408
0.000837402
0.000837397
0.000837393
0.000837388
0.000837384
0.000837381
0.000837378
0.000837375
0.000837373
0.000837371
0.00083737
0.000837368
0.000837367
0.000837366
0.000837365
0.000837364
0.000837364
0.000837363
0.000837363
0.000837363
0.000837363
0.000837362
0.000837362
0.000837362
0.000837362
0.000837362
0.000837362
0.000837362
0.000837363
0.000837362
0.000837362
0.000837362
0.000792859
0.000792852
0.000792844
0.000792832
0.000792817
0.000792801
0.000792786
0.000792775
0.000792764
0.000792753
0.000792745
0.00079274
0.000792738
0.000792739
0.000792741
0.000792744
0.000792746
0.000792747
0.000792744
0.000792737
0.000792728
0.000792714
0.000792699
0.000792683
0.000792667
0.000792655
0.000792645
0.000792637
0.000792633
0.000792635
0.000792641
0.000792651
0.00079266
0.000792667
0.000792675
0.000792683
0.000792692
0.000792701
0.00079271
0.000792715
0.000792717
0.000792717
0.000792717
0.000792719
0.000792723
0.000792727
0.000792733
0.000792743
0.000792756
0.000792772
0.00079279
0.000792808
0.000792826
0.000792844
0.000792861
0.000792876
0.00079289
0.000792901
0.00079291
0.000792916
0.000792919
0.00079292
0.000792919
0.000792917
0.000792914
0.00079291
0.000792906
0.000792901
0.000792897
0.000792892
0.000792888
0.000792884
0.00079288
0.000792877
0.000792874
0.000792872
0.00079287
0.000792868
0.000792867
0.000792866
0.000792865
0.000792864
0.000792863
0.000792863
0.000792862
0.000792862
0.000792861
0.000792861
0.000792861
0.000792861
0.000792861
0.000792861
0.000792861
0.000792861
0.000792861
0.000792861
0.000792861
0.000792861
0.000792861
0.00079286
0.000744145
0.000744137
0.000744128
0.000744114
0.000744099
0.000744083
0.000744069
0.000744059
0.000744049
0.00074404
0.000744033
0.00074403
0.000744031
0.000744034
0.000744038
0.000744041
0.000744045
0.000744047
0.000744045
0.000744037
0.000744028
0.000744014
0.000744
0.000743985
0.000743971
0.000743961
0.000743953
0.000743947
0.000743944
0.000743947
0.000743955
0.000743966
0.000743974
0.00074398
0.000743987
0.000743994
0.000744002
0.000744011
0.000744019
0.000744022
0.000744022
0.00074402
0.000744019
0.00074402
0.000744021
0.000744024
0.000744029
0.000744038
0.000744051
0.000744066
0.000744082
0.000744099
0.000744115
0.000744131
0.000744145
0.000744159
0.000744171
0.00074418
0.000744188
0.000744193
0.000744196
0.000744196
0.000744196
0.000744194
0.000744191
0.000744187
0.000744183
0.000744179
0.000744175
0.000744171
0.000744167
0.000744163
0.000744159
0.000744156
0.000744154
0.000744152
0.00074415
0.000744149
0.000744148
0.000744147
0.000744146
0.000744146
0.000744145
0.000744145
0.000744144
0.000744144
0.000744144
0.000744144
0.000744144
0.000744144
0.000744144
0.000744144
0.000744144
0.000744144
0.000744144
0.000744144
0.000744144
0.000744144
0.000744144
0.000744143
0.00069083
0.000690821
0.00069081
0.000690795
0.000690779
0.000690764
0.00069075
0.000690742
0.000690734
0.000690726
0.000690721
0.000690721
0.000690724
0.000690729
0.000690734
0.000690739
0.000690743
0.000690747
0.000690744
0.000690735
0.000690725
0.000690712
0.000690698
0.000690684
0.000690672
0.000690664
0.000690658
0.000690653
0.000690652
0.000690657
0.000690667
0.000690679
0.000690686
0.00069069
0.000690694
0.0006907
0.000690708
0.000690718
0.000690724
0.000690725
0.000690723
0.00069072
0.000690717
0.000690717
0.000690718
0.000690719
0.000690724
0.000690733
0.000690746
0.00069076
0.000690775
0.00069079
0.000690805
0.000690818
0.000690831
0.000690843
0.000690853
0.000690861
0.000690867
0.000690871
0.000690873
0.000690874
0.000690873
0.000690871
0.000690868
0.000690865
0.000690862
0.000690858
0.000690854
0.000690851
0.000690847
0.000690844
0.00069084
0.000690838
0.000690836
0.000690834
0.000690832
0.000690831
0.00069083
0.00069083
0.000690829
0.000690829
0.000690828
0.000690828
0.000690828
0.000690828
0.000690828
0.000690827
0.000690827
0.000690827
0.000690827
0.000690827
0.000690827
0.000690828
0.000690828
0.000690828
0.000690828
0.000690828
0.000690827
0.000690827
0.000632498
0.000632486
0.000632474
0.000632458
0.000632441
0.000632426
0.000632414
0.000632408
0.000632402
0.000632396
0.000632393
0.000632396
0.000632402
0.000632409
0.000632415
0.000632421
0.000632426
0.00063243
0.000632425
0.000632414
0.000632403
0.000632389
0.000632376
0.000632364
0.000632354
0.000632348
0.000632344
0.00063234
0.000632341
0.000632349
0.00063236
0.000632373
0.000632378
0.000632379
0.000632381
0.000632387
0.000632395
0.000632405
0.00063241
0.000632408
0.000632404
0.000632399
0.000632395
0.000632395
0.000632395
0.000632397
0.000632401
0.000632411
0.000632424
0.000632438
0.000632452
0.000632466
0.000632478
0.00063249
0.000632501
0.00063251
0.000632518
0.000632525
0.00063253
0.000632533
0.000632535
0.000632535
0.000632534
0.000632533
0.00063253
0.000632528
0.000632525
0.000632522
0.000632518
0.000632515
0.000632512
0.000632509
0.000632506
0.000632504
0.000632502
0.0006325
0.000632499
0.000632498
0.000632498
0.000632497
0.000632497
0.000632496
0.000632496
0.000632496
0.000632496
0.000632496
0.000632496
0.000632496
0.000632496
0.000632496
0.000632496
0.000632496
0.000632496
0.000632496
0.000632496
0.000632496
0.000632496
0.000632496
0.000632496
0.000632495
0.000568708
0.000568693
0.000568679
0.000568661
0.000568643
0.000568632
0.000568622
0.000568617
0.000568612
0.00056861
0.000568611
0.000568617
0.000568626
0.000568634
0.000568642
0.000568648
0.000568653
0.000568657
0.00056865
0.000568634
0.000568621
0.000568607
0.000568593
0.000568584
0.000568577
0.000568573
0.00056857
0.00056857
0.000568574
0.000568584
0.000568597
0.00056861
0.000568612
0.000568607
0.000568607
0.000568614
0.000568623
0.000568634
0.000568636
0.00056863
0.000568622
0.000568617
0.000568614
0.000568614
0.000568614
0.000568617
0.000568623
0.000568634
0.000568647
0.000568661
0.000568674
0.000568686
0.000568697
0.000568707
0.000568715
0.000568723
0.000568729
0.000568734
0.000568738
0.000568741
0.000568742
0.000568742
0.000568741
0.00056874
0.000568738
0.000568735
0.000568733
0.00056873
0.000568728
0.000568725
0.000568723
0.00056872
0.000568718
0.000568716
0.000568714
0.000568713
0.000568712
0.000568711
0.00056871
0.00056871
0.00056871
0.00056871
0.00056871
0.00056871
0.000568709
0.000568709
0.000568709
0.000568709
0.000568709
0.00056871
0.00056871
0.00056871
0.00056871
0.00056871
0.00056871
0.00056871
0.00056871
0.00056871
0.000568709
0.000568708
0.000499027
0.000499003
0.000498982
0.000498966
0.000498945
0.000498945
0.00049894
0.000498938
0.000498929
0.000498935
0.000498941
0.000498951
0.000498962
0.000498972
0.00049898
0.000498986
0.000498991
0.000498994
0.000498982
0.000498957
0.000498936
0.000498924
0.000498908
0.000498911
0.000498909
0.000498908
0.000498899
0.000498907
0.000498916
0.000498929
0.000498943
0.000498956
0.000498953
0.000498937
0.000498931
0.000498939
0.00049895
0.000498962
0.00049896
0.000498952
0.000498937
0.000498941
0.000498941
0.000498942
0.000498935
0.000498945
0.000498955
0.000498968
0.000498982
0.000498996
0.000499007
0.000499018
0.000499026
0.000499034
0.00049904
0.000499046
0.000499051
0.000499055
0.000499057
0.000499059
0.00049906
0.00049906
0.000499059
0.000499058
0.000499056
0.000499054
0.000499052
0.00049905
0.000499048
0.000499046
0.000499044
0.000499042
0.000499041
0.000499039
0.000499038
0.000499036
0.000499036
0.000499035
0.000499035
0.000499034
0.000499034
0.000499034
0.000499034
0.000499034
0.000499034
0.000499034
0.000499034
0.000499034
0.000499034
0.000499034
0.000499034
0.000499034
0.000499035
0.000499035
0.000499035
0.000499035
0.000499035
0.000499035
0.000499034
0.000499032
0.00042308
0.000423036
0.000422991
0.000422994
0.000422968
0.00042301
0.000423024
0.000423026
0.00042297
0.000422996
0.000423012
0.000423026
0.000423039
0.00042305
0.000423057
0.000423062
0.000423066
0.000423068
0.000423049
0.000423004
0.000422957
0.000422964
0.000422943
0.000422988
0.000423005
0.000423007
0.00042295
0.000422977
0.000422996
0.000423012
0.000423027
0.000423039
0.000423028
0.000422991
0.00042296
0.000422969
0.000422983
0.000422995
0.000422988
0.000422995
0.00042297
0.000423013
0.00042303
0.000423034
0.000422978
0.000423006
0.000423025
0.000423041
0.000423056
0.000423068
0.000423079
0.000423087
0.000423093
0.000423098
0.000423103
0.000423107
0.00042311
0.000423112
0.000423114
0.000423115
0.000423116
0.000423116
0.000423115
0.000423114
0.000423113
0.000423111
0.00042311
0.000423109
0.000423107
0.000423106
0.000423104
0.000423103
0.000423102
0.000423101
0.000423099
0.000423099
0.000423098
0.000423097
0.000423097
0.000423097
0.000423097
0.000423097
0.000423097
0.000423097
0.000423097
0.000423097
0.000423097
0.000423097
0.000423097
0.000423097
0.000423097
0.000423097
0.000423097
0.000423097
0.000423097
0.000423098
0.000423098
0.000423097
0.000423097
0.000423095
0.000340666
0.000340614
0.000340487
0.000340591
0.000340579
0.000340762
0.000340839
0.000340855
0.000340526
0.000340574
0.000340608
0.000340629
0.000340643
0.000340652
0.000340658
0.000340662
0.000340664
0.000340665
0.000340632
0.0003406
0.000340465
0.000340572
0.000340564
0.00034075
0.000340828
0.000340843
0.000340514
0.000340562
0.000340598
0.00034062
0.000340635
0.000340645
0.000340619
0.000340593
0.000340477
0.000340477
0.000340493
0.000340505
0.000340489
0.000340603
0.000340588
0.00034077
0.000340847
0.000340863
0.000340534
0.000340582
0.000340618
0.000340639
0.000340654
0.000340665
0.000340673
0.000340679
0.000340683
0.000340686
0.000340689
0.000340691
0.000340693
0.000340694
0.000340695
0.000340696
0.000340696
0.000340696
0.000340695
0.000340695
0.000340694
0.000340693
0.000340692
0.000340691
0.00034069
0.000340689
0.000340689
0.000340688
0.000340687
0.000340686
0.000340685
0.000340685
0.000340684
0.000340684
0.000340684
0.000340683
0.000340683
0.000340683
0.000340683
0.000340683
0.000340683
0.000340684
0.000340684
0.000340684
0.000340684
0.000340684
0.000340684
0.000340684
0.000340684
0.000340684
0.000340684
0.000340684
0.000340684
0.000340684
0.000340683
0.00034068
0.000251912
0.000252169
0.000251883
0.000252402
0.000252492
0.000253081
0.00025331
0.000253363
0.000251758
0.000251715
0.000251755
0.000251778
0.000251791
0.000251798
0.000251801
0.000251803
0.000251804
0.000251803
0.000251749
0.000252163
0.000251874
0.000252394
0.000252487
0.000253076
0.000253305
0.000253356
0.00025175
0.000251707
0.000251748
0.000251772
0.000251786
0.000251791
0.000251742
0.00025216
0.000251893
0.000251855
0.000251865
0.000251874
0.000251846
0.000252411
0.000252503
0.000253089
0.000253318
0.00025337
0.000251763
0.00025172
0.00025176
0.000251784
0.000251798
0.000251805
0.00025181
0.000251813
0.000251815
0.000251816
0.000251818
0.000251818
0.000251819
0.00025182
0.00025182
0.000251821
0.000251821
0.000251821
0.00025182
0.00025182
0.00025182
0.000251819
0.000251819
0.000251818
0.000251818
0.000251818
0.000251817
0.000251817
0.000251816
0.000251816
0.000251815
0.000251815
0.000251815
0.000251815
0.000251814
0.000251814
0.000251814
0.000251814
0.000251814
0.000251814
0.000251814
0.000251814
0.000251814
0.000251814
0.000251814
0.000251814
0.000251814
0.000251814
0.000251814
0.000251814
0.000251815
0.000251815
0.000251814
0.000251814
0.000251813
0.000251809
0.000157803
0.000160273
0.000160273
0.000162089
0.000162378
0.000163752
0.000164121
0.000164209
0.000157769
0.000157093
0.000157034
0.000157036
0.000157041
0.000157043
0.000157044
0.000157044
0.000157044
0.000157042
0.000156976
0.000160179
0.000160261
0.000162088
0.000162379
0.00016375
0.000164118
0.000164204
0.000157764
0.000157088
0.000157029
0.000157032
0.000157037
0.000157037
0.000156973
0.00016018
0.000160279
0.000160295
0.000160308
0.000160314
0.000160281
0.000162102
0.000162386
0.000163757
0.000164126
0.000164213
0.00015777
0.000157094
0.000157035
0.000157038
0.000157043
0.000157046
0.000157047
0.000157048
0.000157049
0.000157049
0.000157049
0.00015705
0.00015705
0.00015705
0.00015705
0.00015705
0.00015705
0.00015705
0.00015705
0.00015705
0.00015705
0.00015705
0.00015705
0.00015705
0.00015705
0.00015705
0.00015705
0.000157049
0.000157049
0.000157049
0.000157049
0.000157049
0.000157049
0.000157049
0.000157049
0.000157049
0.000157048
0.000157048
0.000157048
0.000157048
0.000157048
0.000157048
0.000157048
0.000157048
0.000157048
0.000157048
0.000157048
0.000157048
0.000157048
0.000157048
0.000157048
0.000157048
0.000157048
0.000157048
0.000157047
0.000157044
6.60138e-05
7.27017e-05
7.23196e-05
7.55899e-05
7.56898e-05
7.85619e-05
7.89365e-05
7.89921e-05
6.59748e-05
6.56082e-05
6.55935e-05
6.55957e-05
6.55973e-05
6.55983e-05
6.55993e-05
6.56002e-05
6.5601e-05
6.56014e-05
6.56011e-05
7.2701e-05
7.23231e-05
7.55905e-05
7.56888e-05
7.85556e-05
7.89283e-05
7.8983e-05
6.59739e-05
6.56073e-05
6.55931e-05
6.55957e-05
6.55973e-05
6.5598e-05
6.5598e-05
7.26976e-05
7.23148e-05
7.22758e-05
7.2276e-05
7.2278e-05
7.22862e-05
7.55929e-05
7.56931e-05
7.85636e-05
7.89394e-05
7.8996e-05
6.59729e-05
6.56064e-05
6.55921e-05
6.55948e-05
6.55965e-05
6.55973e-05
6.55977e-05
6.55979e-05
6.55981e-05
6.55983e-05
6.55984e-05
6.55985e-05
6.55986e-05
6.55987e-05
6.55987e-05
6.55988e-05
6.55988e-05
6.55989e-05
6.55989e-05
6.5599e-05
6.5599e-05
6.55991e-05
6.55991e-05
6.55991e-05
6.55992e-05
6.55992e-05
6.55992e-05
6.55991e-05
6.55991e-05
6.55991e-05
6.55991e-05
6.55991e-05
6.5599e-05
6.5599e-05
6.5599e-05
6.55989e-05
6.55989e-05
6.55989e-05
6.55989e-05
6.55989e-05
6.55988e-05
6.55988e-05
6.55988e-05
6.55988e-05
6.55988e-05
6.55988e-05
6.55988e-05
6.55988e-05
6.55988e-05
6.55988e-05
6.55988e-05
6.55988e-05
6.55988e-05
6.55988e-05
6.55989e-05
6.55993e-05
)
;

boundaryField
{
    inlet
    {
        type            cyclic;
    }
    outlet
    {
        type            cyclic;
    }
    bottomWall
    {
        type            nutkWallFunction;
        Cmu             0.09;
        kappa           0.41;
        E               9.8;
        value           nonuniform List<scalar> 
100
(
2.04255e-08
0
0
0
0
2.94639e-08
0
0
0
0
0
0
0
0
0
0
3.00405e-08
4.14925e-08
4.39313e-08
0
0
0
0
0
0
0
0
0
0
0
0
0
0
0
0
0
0
0
0
0
0
0
0
0
0
0
0
0
0
0
0
0
0
0
0
0
0
0
0
0
0
0
0
0
0
0
0
0
0
0
0
0
0
0
0
0
0
0
0
0
0
0
0
0
0
0
0
0
0
0
0
0
0
0
0
0
0
0
0
0
)
;
    }
    topWall
    {
        type            nutkWallFunction;
        Cmu             0.09;
        kappa           0.41;
        E               9.8;
        value           nonuniform List<scalar> 
100
(
0
0
0
0
0
2.63521e-08
3.83783e-08
4.09724e-08
0
0
0
0
0
0
0
0
0
0
0
0
0
0
0
2.67281e-08
3.84983e-08
4.10038e-08
0
0
0
0
0
0
0
0
0
0
0
0
0
0
0
2.66362e-08
3.84022e-08
4.09709e-08
0
0
0
0
0
0
0
0
0
0
0
0
0
0
0
0
0
0
0
0
0
0
0
0
0
0
0
0
0
0
0
0
0
0
0
0
0
0
0
0
0
0
0
0
0
0
0
0
0
0
0
0
0
0
0
0
)
;
    }
    frontAndBack
    {
        type            empty;
    }
}


// ************************************************************************* //
