/*--------------------------------*- C++ -*----------------------------------*\
  =========                 |
  \\      /  F ield         | OpenFOAM: The Open Source CFD Toolbox
   \\    /   O peration     | Website:  https://openfoam.org
    \\  /    A nd           | Version:  11
     \\/     M anipulation  |
\*---------------------------------------------------------------------------*/
FoamFile
{
    format      ascii;
    class       volScalarField;
    location    "500";
    object      omega;
}
// * * * * * * * * * * * * * * * * * * * * * * * * * * * * * * * * * * * * * //

dimensions      [0 0 -1 0 0 0 0];

internalField   nonuniform List<scalar> 
5000
(
13333.3
15652.7
13333.3
13333.3
13333.3
13333.3
15659.9
15678.6
13333.3
13333.3
13333.3
13333.3
13333.3
13333.3
13333.3
13333.3
13333.3
13333.3
13333.3
15666.2
15680.2
15681.3
15681.3
15681
15680.8
15680.5
15680.5
15680.4
15680.3
15680.2
15680.1
15680.1
15680.2
15680.6
15680.8
15681
15681
15680.9
15682.7
13333.3
13333.3
13333.3
13333.3
13333.3
13333.3
13333.3
13333.3
13333.3
13333.3
13333.3
13333.3
13333.3
13333.3
13333.3
13333.3
13333.3
13333.3
13333.3
13333.3
13333.3
13333.3
13333.3
13333.3
13333.3
13333.3
13333.3
13333.3
13333.3
13333.3
13333.3
13333.3
13333.3
13333.3
13333.3
13333.3
13333.3
13333.3
13333.3
13333.3
13333.3
13333.3
13333.3
13333.3
13333.3
13333.3
13333.3
13333.3
13333.3
13333.3
13333.3
13333.3
13333.3
13333.3
13333.3
13333.3
13333.3
13333.3
13333.3
13333.3
13333.3
5785.26
5942.36
5824.69
5783.09
5775.91
5764.95
5940.87
5964.64
5827.64
5818.68
5819.07
5819.36
5819.39
5820.2
5785.13
5776.88
5765.33
5759.29
5757.79
5939.88
5962.68
5964.69
5964.55
5964.33
5964.18
5964.1
5964.08
5964.07
5964.06
5964.04
5964.02
5964
5963.98
5964
5964.03
5964.07
5964.1
5964.17
5966.74
5827.37
5818.36
5818.82
5819.13
5819.18
5819.17
5819.17
5819.15
5819.13
5819.12
5819.11
5819.1
5819.1
5819.1
5819.1
5819.1
5819.1
5819.11
5819.11
5819.12
5819.12
5819.13
5819.13
5819.14
5819.14
5819.14
5819.15
5819.15
5819.15
5819.15
5819.15
5819.15
5819.15
5819.15
5819.15
5819.15
5819.15
5819.15
5819.15
5819.15
5819.15
5819.15
5819.15
5819.15
5819.15
5819.15
5819.15
5819.15
5819.15
5819.15
5819.15
5819.15
5819.15
5819.15
5819.15
5819.15
5819.15
5819.16
5819.16
5819.19
5819.93
3488.67
3504.67
3496.13
3488.96
3486.83
3484.79
3504.83
3510.02
3497.22
3495.8
3495.87
3495.9
3495.9
3496.28
3489.69
3487.24
3485.06
3483.35
3482.76
3504.47
3509.81
3510.49
3510.47
3510.38
3510.31
3510.25
3510.22
3510.2
3510.17
3510.15
3510.13
3510.11
3510.1
3510.12
3510.14
3510.17
3510.18
3510.2
3510.69
3497.16
3495.68
3495.75
3495.79
3495.78
3495.75
3495.73
3495.7
3495.67
3495.65
3495.63
3495.62
3495.62
3495.62
3495.61
3495.61
3495.61
3495.62
3495.62
3495.62
3495.62
3495.63
3495.63
3495.63
3495.63
3495.63
3495.64
3495.64
3495.64
3495.64
3495.64
3495.64
3495.64
3495.64
3495.64
3495.64
3495.64
3495.64
3495.64
3495.64
3495.65
3495.65
3495.65
3495.65
3495.65
3495.65
3495.65
3495.65
3495.65
3495.65
3495.65
3495.65
3495.65
3495.65
3495.65
3495.65
3495.65
3495.65
3495.65
3495.68
3496.16
2453.48
2455.51
2455.03
2453.75
2453.23
2452.79
2455.7
2456.79
2455.45
2455.37
2455.42
2455.44
2455.45
2455.56
2454.15
2453.49
2452.98
2452.48
2452.31
2455.69
2456.9
2457.11
2457.12
2457.11
2457.08
2457.06
2457.04
2457.02
2456.99
2456.97
2456.95
2456.94
2456.93
2456.94
2456.95
2456.96
2456.96
2456.97
2457.05
2455.48
2455.35
2455.38
2455.38
2455.38
2455.37
2455.36
2455.34
2455.32
2455.3
2455.29
2455.28
2455.27
2455.27
2455.27
2455.26
2455.26
2455.26
2455.26
2455.26
2455.26
2455.26
2455.26
2455.26
2455.26
2455.27
2455.27
2455.27
2455.27
2455.27
2455.27
2455.27
2455.27
2455.27
2455.27
2455.27
2455.27
2455.27
2455.27
2455.27
2455.27
2455.27
2455.28
2455.28
2455.28
2455.28
2455.28
2455.28
2455.28
2455.28
2455.28
2455.28
2455.28
2455.28
2455.28
2455.28
2455.28
2455.28
2455.28
2455.3
2455.48
1876.55
1876.81
1876.87
1876.64
1876.52
1876.4
1876.87
1877.11
1877.04
1877.1
1877.14
1877.16
1877.18
1877.22
1876.89
1876.73
1876.56
1876.39
1876.34
1876.96
1877.24
1877.31
1877.33
1877.33
1877.33
1877.33
1877.32
1877.3
1877.29
1877.27
1877.26
1877.25
1877.24
1877.24
1877.25
1877.25
1877.25
1877.25
1877.27
1877.12
1877.14
1877.15
1877.16
1877.16
1877.16
1877.16
1877.15
1877.14
1877.13
1877.12
1877.11
1877.1
1877.1
1877.1
1877.09
1877.09
1877.09
1877.09
1877.09
1877.08
1877.08
1877.08
1877.08
1877.08
1877.08
1877.08
1877.08
1877.08
1877.08
1877.08
1877.08
1877.08
1877.08
1877.08
1877.08
1877.08
1877.08
1877.08
1877.08
1877.08
1877.09
1877.09
1877.09
1877.09
1877.09
1877.09
1877.09
1877.09
1877.09
1877.09
1877.09
1877.09
1877.09
1877.09
1877.09
1877.09
1877.09
1877.09
1877.1
1877.15
1510.35
1510.37
1510.39
1510.34
1510.32
1510.27
1510.35
1510.41
1510.45
1510.49
1510.51
1510.54
1510.56
1510.58
1510.51
1510.47
1510.41
1510.35
1510.34
1510.46
1510.53
1510.55
1510.57
1510.59
1510.59
1510.6
1510.6
1510.59
1510.58
1510.57
1510.57
1510.56
1510.55
1510.55
1510.55
1510.55
1510.55
1510.55
1510.56
1510.56
1510.58
1510.57
1510.57
1510.58
1510.58
1510.58
1510.58
1510.57
1510.57
1510.56
1510.55
1510.55
1510.55
1510.54
1510.54
1510.53
1510.53
1510.53
1510.53
1510.52
1510.52
1510.52
1510.52
1510.51
1510.51
1510.51
1510.51
1510.51
1510.51
1510.51
1510.51
1510.51
1510.51
1510.51
1510.51
1510.51
1510.51
1510.51
1510.51
1510.51
1510.51
1510.52
1510.52
1510.52
1510.52
1510.52
1510.52
1510.52
1510.52
1510.52
1510.52
1510.52
1510.52
1510.52
1510.52
1510.52
1510.52
1510.52
1510.53
1510.54
1256.99
1256.97
1256.97
1256.95
1256.94
1256.91
1256.92
1256.94
1256.97
1256.99
1257.01
1257.03
1257.05
1257.06
1257.06
1257.05
1257.03
1257.01
1257
1257.03
1257.05
1257.06
1257.08
1257.09
1257.11
1257.11
1257.12
1257.12
1257.12
1257.11
1257.11
1257.11
1257.1
1257.1
1257.1
1257.1
1257.1
1257.1
1257.11
1257.12
1257.11
1257.1
1257.1
1257.1
1257.1
1257.11
1257.11
1257.1
1257.1
1257.09
1257.09
1257.09
1257.08
1257.08
1257.07
1257.07
1257.07
1257.06
1257.06
1257.05
1257.05
1257.05
1257.04
1257.04
1257.04
1257.04
1257.03
1257.03
1257.03
1257.03
1257.03
1257.03
1257.03
1257.03
1257.03
1257.03
1257.03
1257.03
1257.03
1257.04
1257.04
1257.04
1257.04
1257.04
1257.04
1257.04
1257.04
1257.04
1257.04
1257.04
1257.04
1257.04
1257.04
1257.04
1257.04
1257.04
1257.04
1257.04
1257.05
1257.05
1070.76
1070.74
1070.73
1070.72
1070.7
1070.69
1070.68
1070.69
1070.71
1070.72
1070.73
1070.74
1070.76
1070.77
1070.78
1070.78
1070.77
1070.77
1070.77
1070.77
1070.78
1070.79
1070.8
1070.82
1070.83
1070.84
1070.85
1070.85
1070.86
1070.86
1070.86
1070.86
1070.85
1070.85
1070.86
1070.86
1070.86
1070.86
1070.86
1070.87
1070.86
1070.85
1070.84
1070.84
1070.84
1070.84
1070.84
1070.84
1070.84
1070.83
1070.83
1070.83
1070.82
1070.82
1070.82
1070.81
1070.81
1070.8
1070.8
1070.79
1070.79
1070.78
1070.78
1070.78
1070.77
1070.77
1070.77
1070.76
1070.76
1070.76
1070.76
1070.76
1070.76
1070.76
1070.76
1070.76
1070.76
1070.76
1070.77
1070.77
1070.77
1070.77
1070.77
1070.77
1070.77
1070.77
1070.77
1070.77
1070.77
1070.77
1070.77
1070.77
1070.77
1070.77
1070.77
1070.77
1070.77
1070.77
1070.78
1070.77
927.663
927.652
927.642
927.629
927.614
927.6
927.594
927.597
927.604
927.608
927.613
927.622
927.635
927.649
927.66
927.664
927.661
927.661
927.66
927.662
927.668
927.676
927.686
927.698
927.71
927.722
927.732
927.74
927.744
927.748
927.75
927.752
927.753
927.755
927.757
927.759
927.761
927.763
927.767
927.768
927.76
927.75
927.742
927.739
927.739
927.739
927.739
927.738
927.736
927.733
927.73
927.727
927.723
927.719
927.715
927.71
927.705
927.7
927.695
927.689
927.684
927.679
927.675
927.671
927.667
927.663
927.66
927.657
927.655
927.653
927.652
927.651
927.651
927.651
927.652
927.653
927.654
927.655
927.656
927.656
927.657
927.658
927.658
927.658
927.659
927.659
927.66
927.66
927.66
927.661
927.661
927.661
927.662
927.662
927.662
927.663
927.663
927.664
927.666
927.664
813.983
813.974
813.966
813.955
813.942
813.929
813.921
813.921
813.924
813.924
813.927
813.932
813.942
813.954
813.964
813.969
813.969
813.97
813.97
813.972
813.977
813.983
813.991
814.001
814.012
814.023
814.034
814.043
814.049
814.055
814.059
814.063
814.066
814.07
814.073
814.076
814.078
814.081
814.085
814.086
814.08
814.072
814.064
814.06
814.058
814.057
814.056
814.055
814.053
814.051
814.048
814.045
814.041
814.037
814.033
814.028
814.022
814.017
814.011
814.005
814
813.995
813.99
813.985
813.981
813.977
813.974
813.971
813.968
813.966
813.965
813.964
813.964
813.964
813.964
813.965
813.966
813.966
813.967
813.967
813.968
813.968
813.968
813.969
813.969
813.969
813.97
813.97
813.97
813.971
813.971
813.972
813.972
813.972
813.972
813.973
813.973
813.974
813.975
813.974
721.343
721.336
721.33
721.321
721.309
721.298
721.29
721.287
721.287
721.286
721.286
721.289
721.296
721.305
721.313
721.318
721.32
721.322
721.323
721.324
721.328
721.334
721.34
721.349
721.358
721.368
721.379
721.388
721.396
721.403
721.409
721.414
721.418
721.423
721.428
721.432
721.435
721.438
721.442
721.443
721.439
721.433
721.426
721.421
721.418
721.416
721.415
721.413
721.411
721.409
721.406
721.403
721.399
721.395
721.391
721.386
721.38
721.374
721.368
721.363
721.357
721.351
721.346
721.341
721.337
721.333
721.329
721.326
721.324
721.322
721.32
721.319
721.319
721.319
721.319
721.319
721.32
721.32
721.32
721.321
721.321
721.321
721.321
721.321
721.322
721.322
721.322
721.322
721.323
721.323
721.323
721.324
721.324
721.324
721.325
721.325
721.325
721.326
721.327
721.326
644.371
644.366
644.361
644.353
644.344
644.334
644.326
644.323
644.321
644.318
644.317
644.318
644.323
644.329
644.335
644.34
644.343
644.345
644.346
644.347
644.351
644.355
644.361
644.368
644.376
644.385
644.395
644.404
644.412
644.42
644.427
644.433
644.439
644.444
644.45
644.454
644.458
644.461
644.465
644.467
644.465
644.46
644.454
644.45
644.446
644.443
644.441
644.439
644.437
644.434
644.432
644.429
644.425
644.421
644.416
644.411
644.406
644.4
644.394
644.388
644.382
644.377
644.371
644.367
644.362
644.358
644.354
644.351
644.349
644.347
644.345
644.344
644.344
644.343
644.343
644.343
644.343
644.343
644.343
644.343
644.343
644.343
644.343
644.343
644.343
644.344
644.344
644.344
644.344
644.345
644.345
644.345
644.346
644.346
644.346
644.346
644.347
644.347
644.348
644.347
579.485
579.481
579.477
579.471
579.463
579.455
579.448
579.443
579.441
579.437
579.435
579.435
579.437
579.441
579.446
579.45
579.452
579.455
579.456
579.457
579.46
579.464
579.469
579.475
579.481
579.489
579.498
579.507
579.515
579.523
579.53
579.537
579.543
579.55
579.556
579.561
579.565
579.569
579.572
579.574
579.573
579.57
579.565
579.561
579.558
579.554
579.552
579.549
579.547
579.544
579.542
579.538
579.535
579.531
579.526
579.521
579.516
579.51
579.504
579.498
579.493
579.487
579.482
579.478
579.473
579.469
579.466
579.463
579.46
579.458
579.456
579.455
579.455
579.454
579.454
579.453
579.453
579.453
579.452
579.452
579.452
579.452
579.452
579.452
579.452
579.452
579.452
579.452
579.452
579.453
579.453
579.453
579.453
579.453
579.454
579.454
579.454
579.454
579.455
579.455
524.22
524.217
524.213
524.208
524.202
524.195
524.189
524.184
524.181
524.177
524.174
524.173
524.174
524.176
524.179
524.182
524.184
524.187
524.188
524.189
524.192
524.195
524.199
524.204
524.209
524.216
524.224
524.232
524.24
524.247
524.255
524.262
524.269
524.275
524.281
524.287
524.291
524.295
524.299
524.301
524.301
524.298
524.295
524.291
524.288
524.285
524.282
524.279
524.276
524.274
524.271
524.268
524.265
524.261
524.256
524.251
524.246
524.241
524.235
524.23
524.225
524.219
524.215
524.21
524.206
524.202
524.199
524.196
524.193
524.191
524.19
524.188
524.187
524.186
524.186
524.185
524.184
524.184
524.183
524.183
524.182
524.182
524.182
524.182
524.182
524.182
524.182
524.182
524.182
524.182
524.182
524.182
524.183
524.183
524.183
524.183
524.183
524.183
524.184
524.184
476.839
476.836
476.834
476.83
476.825
476.818
476.813
476.809
476.805
476.802
476.798
476.796
476.795
476.796
476.798
476.8
476.802
476.804
476.805
476.806
476.809
476.811
476.815
476.818
476.823
476.829
476.835
476.842
476.849
476.857
476.864
476.871
476.878
476.884
476.89
476.896
476.9
476.904
476.907
476.91
476.91
476.909
476.906
476.903
476.9
476.897
476.894
476.892
476.889
476.887
476.884
476.881
476.878
476.874
476.87
476.866
476.861
476.856
476.851
476.846
476.841
476.836
476.831
476.827
476.823
476.82
476.817
476.814
476.811
476.809
476.808
476.806
476.805
476.804
476.803
476.802
476.801
476.8
476.799
476.799
476.798
476.798
476.797
476.797
476.797
476.797
476.797
476.797
476.797
476.797
476.797
476.797
476.797
476.797
476.797
476.797
476.797
476.798
476.798
476.798
436.095
436.093
436.09
436.087
436.083
436.078
436.073
436.07
436.066
436.062
436.059
436.056
436.055
436.055
436.055
436.057
436.058
436.059
436.06
436.061
436.063
436.065
436.067
436.071
436.074
436.079
436.084
436.09
436.097
436.104
436.11
436.117
436.123
436.13
436.136
436.141
436.145
436.149
436.152
436.154
436.155
436.155
436.153
436.151
436.148
436.145
436.143
436.14
436.138
436.136
436.133
436.13
436.128
436.124
436.12
436.116
436.112
436.108
436.103
436.099
436.094
436.09
436.086
436.082
436.078
436.075
436.072
436.069
436.067
436.065
436.063
436.062
436.06
436.059
436.058
436.056
436.055
436.054
436.053
436.052
436.052
436.051
436.051
436.05
436.05
436.05
436.05
436.05
436.05
436.049
436.049
436.049
436.049
436.049
436.049
436.049
436.05
436.05
436.05
436.05
401.079
401.076
401.074
401.072
401.069
401.064
401.06
401.057
401.054
401.05
401.046
401.043
401.041
401.04
401.04
401.041
401.041
401.042
401.042
401.043
401.045
401.046
401.048
401.05
401.053
401.057
401.061
401.066
401.072
401.078
401.084
401.09
401.096
401.102
401.107
401.112
401.116
401.119
401.123
401.125
401.126
401.126
401.125
401.124
401.122
401.12
401.117
401.115
401.113
401.111
401.109
401.107
401.104
401.101
401.098
401.094
401.091
401.087
401.083
401.079
401.075
401.071
401.068
401.064
401.061
401.058
401.055
401.053
401.051
401.049
401.047
401.045
401.043
401.042
401.04
401.039
401.038
401.036
401.035
401.034
401.033
401.033
401.032
401.032
401.031
401.031
401.031
401.03
401.03
401.03
401.03
401.03
401.03
401.03
401.03
401.03
401.03
401.03
401.03
401.03
371.118
371.116
371.114
371.112
371.11
371.106
371.103
371.099
371.096
371.093
371.089
371.086
371.084
371.082
371.082
371.081
371.081
371.081
371.081
371.082
371.083
371.084
371.085
371.087
371.088
371.091
371.095
371.099
371.103
371.109
371.114
371.119
371.125
371.13
371.135
371.139
371.143
371.146
371.149
371.151
371.153
371.153
371.153
371.152
371.151
371.149
371.148
371.146
371.144
371.143
371.141
371.139
371.137
371.134
371.132
371.129
371.126
371.123
371.119
371.116
371.113
371.11
371.106
371.103
371.101
371.098
371.095
371.093
371.091
371.089
371.087
371.085
371.083
371.082
371.08
371.078
371.077
371.075
371.074
371.073
371.072
371.071
371.07
371.07
371.069
371.069
371.069
371.068
371.068
371.068
371.068
371.068
371.067
371.067
371.067
371.067
371.067
371.067
371.067
371.067
345.714
345.712
345.711
345.709
345.707
345.704
345.701
345.698
345.695
345.692
345.688
345.685
345.683
345.681
345.679
345.678
345.678
345.677
345.677
345.677
345.677
345.678
345.678
345.679
345.68
345.682
345.685
345.688
345.692
345.696
345.7
345.705
345.71
345.714
345.719
345.723
345.726
345.729
345.732
345.734
345.735
345.736
345.736
345.736
345.736
345.735
345.734
345.733
345.731
345.73
345.729
345.728
345.726
345.724
345.722
345.72
345.718
345.715
345.713
345.71
345.707
345.705
345.702
345.699
345.697
345.694
345.692
345.69
345.688
345.686
345.684
345.682
345.68
345.678
345.676
345.674
345.673
345.671
345.67
345.669
345.667
345.667
345.666
345.665
345.665
345.664
345.664
345.663
345.663
345.663
345.662
345.662
345.662
345.662
345.662
345.661
345.661
345.661
345.661
345.661
324.491
324.49
324.489
324.487
324.485
324.483
324.48
324.478
324.475
324.472
324.469
324.465
324.463
324.46
324.459
324.457
324.456
324.455
324.455
324.454
324.454
324.454
324.454
324.454
324.455
324.456
324.457
324.46
324.463
324.466
324.47
324.473
324.477
324.481
324.485
324.488
324.491
324.494
324.496
324.499
324.5
324.502
324.502
324.502
324.503
324.502
324.502
324.501
324.501
324.5
324.499
324.499
324.498
324.496
324.495
324.493
324.492
324.49
324.488
324.486
324.484
324.482
324.479
324.477
324.475
324.473
324.471
324.469
324.467
324.465
324.463
324.461
324.459
324.457
324.455
324.453
324.451
324.449
324.448
324.447
324.445
324.444
324.443
324.443
324.442
324.441
324.441
324.44
324.44
324.44
324.439
324.439
324.439
324.439
324.438
324.438
324.438
324.438
324.438
324.438
307.169
307.168
307.167
307.166
307.164
307.162
307.16
307.158
307.155
307.152
307.149
307.146
307.143
307.141
307.139
307.137
307.135
307.134
307.133
307.132
307.131
307.131
307.13
307.13
307.13
307.13
307.131
307.133
307.135
307.137
307.14
307.143
307.146
307.15
307.153
307.156
307.158
307.16
307.163
307.165
307.167
307.168
307.169
307.17
307.171
307.171
307.171
307.171
307.171
307.171
307.171
307.171
307.17
307.17
307.169
307.168
307.167
307.166
307.164
307.163
307.161
307.16
307.158
307.156
307.154
307.152
307.15
307.148
307.146
307.144
307.142
307.14
307.138
307.136
307.134
307.132
307.13
307.128
307.127
307.125
307.124
307.123
307.122
307.121
307.121
307.12
307.119
307.119
307.118
307.118
307.117
307.117
307.117
307.117
307.116
307.116
307.116
307.116
307.116
307.116
293.538
293.537
293.536
293.535
293.533
293.531
293.529
293.527
293.525
293.522
293.519
293.516
293.514
293.511
293.509
293.506
293.505
293.503
293.501
293.5
293.499
293.498
293.497
293.496
293.496
293.495
293.496
293.497
293.498
293.5
293.502
293.504
293.507
293.509
293.512
293.514
293.517
293.519
293.521
293.523
293.525
293.526
293.528
293.529
293.53
293.531
293.532
293.532
293.533
293.533
293.534
293.534
293.534
293.534
293.534
293.533
293.533
293.532
293.531
293.53
293.529
293.528
293.526
293.525
293.523
293.521
293.52
293.518
293.516
293.514
293.512
293.51
293.507
293.505
293.503
293.501
293.499
293.498
293.496
293.495
293.493
293.492
293.491
293.49
293.489
293.489
293.488
293.488
293.487
293.487
293.486
293.486
293.485
293.485
293.485
293.485
293.484
293.484
293.484
293.484
283.442
283.441
283.44
283.439
283.438
283.436
283.434
283.433
283.43
283.428
283.425
283.422
283.419
283.416
283.414
283.412
283.409
283.408
283.406
283.404
283.403
283.401
283.4
283.399
283.398
283.397
283.397
283.397
283.398
283.399
283.4
283.402
283.404
283.406
283.408
283.41
283.412
283.414
283.416
283.418
283.42
283.422
283.423
283.425
283.426
283.428
283.429
283.43
283.431
283.432
283.433
283.433
283.434
283.434
283.435
283.435
283.435
283.435
283.434
283.434
283.433
283.432
283.431
283.429
283.428
283.426
283.424
283.422
283.42
283.418
283.416
283.414
283.412
283.41
283.408
283.406
283.404
283.402
283.401
283.399
283.398
283.397
283.396
283.395
283.394
283.393
283.393
283.392
283.391
283.391
283.39
283.39
283.39
283.389
283.389
283.389
283.389
283.388
283.388
283.388
276.772
276.772
276.771
276.77
276.769
276.767
276.766
276.764
276.762
276.759
276.757
276.754
276.751
276.748
276.745
276.743
276.741
276.739
276.737
276.735
276.733
276.731
276.73
276.728
276.727
276.726
276.725
276.725
276.725
276.726
276.727
276.728
276.73
276.731
276.733
276.735
276.736
276.738
276.74
276.742
276.744
276.745
276.747
276.749
276.751
276.752
276.754
276.755
276.757
276.758
276.759
276.76
276.761
276.762
276.763
276.763
276.764
276.764
276.764
276.763
276.763
276.762
276.761
276.76
276.758
276.757
276.755
276.753
276.751
276.749
276.747
276.745
276.743
276.741
276.739
276.737
276.735
276.733
276.732
276.73
276.729
276.728
276.727
276.726
276.725
276.724
276.723
276.723
276.722
276.722
276.721
276.721
276.72
276.72
276.72
276.719
276.719
276.719
276.719
276.719
273.459
273.458
273.458
273.457
273.456
273.454
273.453
273.451
273.449
273.447
273.444
273.441
273.438
273.435
273.433
273.43
273.428
273.426
273.424
273.422
273.42
273.418
273.417
273.415
273.413
273.412
273.411
273.411
273.411
273.411
273.411
273.412
273.413
273.415
273.416
273.417
273.419
273.42
273.422
273.424
273.426
273.427
273.429
273.431
273.433
273.435
273.437
273.438
273.44
273.441
273.443
273.444
273.445
273.446
273.447
273.448
273.449
273.449
273.449
273.449
273.449
273.448
273.447
273.446
273.445
273.443
273.441
273.439
273.438
273.436
273.434
273.431
273.429
273.427
273.425
273.424
273.422
273.42
273.418
273.417
273.416
273.414
273.413
273.412
273.411
273.411
273.41
273.409
273.409
273.408
273.408
273.407
273.407
273.407
273.406
273.406
273.406
273.406
273.405
273.406
273.477
273.476
273.475
273.474
273.473
273.472
273.471
273.469
273.467
273.465
273.462
273.459
273.456
273.454
273.451
273.448
273.446
273.444
273.442
273.44
273.438
273.437
273.435
273.433
273.432
273.43
273.429
273.429
273.428
273.428
273.428
273.429
273.43
273.431
273.432
273.433
273.434
273.436
273.437
273.439
273.441
273.443
273.444
273.446
273.448
273.45
273.452
273.454
273.456
273.457
273.459
273.46
273.461
273.462
273.464
273.464
273.465
273.466
273.466
273.466
273.466
273.465
273.464
273.463
273.461
273.46
273.458
273.456
273.454
273.452
273.45
273.448
273.446
273.444
273.442
273.441
273.439
273.437
273.436
273.434
273.433
273.432
273.431
273.43
273.429
273.428
273.427
273.427
273.426
273.426
273.425
273.425
273.424
273.424
273.424
273.423
273.423
273.423
273.423
273.423
276.825
276.824
276.824
276.823
276.821
276.82
276.819
276.817
276.815
276.813
276.81
276.807
276.804
276.802
276.799
276.797
276.795
276.793
276.791
276.789
276.788
276.786
276.784
276.783
276.781
276.78
276.779
276.778
276.778
276.777
276.778
276.778
276.779
276.78
276.781
276.782
276.783
276.784
276.786
276.787
276.789
276.791
276.792
276.794
276.796
276.798
276.8
276.801
276.803
276.804
276.806
276.807
276.808
276.81
276.811
276.812
276.813
276.813
276.813
276.813
276.813
276.812
276.811
276.81
276.808
276.807
276.805
276.803
276.801
276.799
276.797
276.795
276.793
276.791
276.789
276.788
276.786
276.784
276.783
276.781
276.78
276.779
276.778
276.777
276.776
276.775
276.775
276.774
276.774
276.773
276.773
276.772
276.772
276.772
276.771
276.771
276.771
276.771
276.771
276.771
283.526
283.525
283.525
283.524
283.522
283.521
283.52
283.518
283.516
283.513
283.511
283.508
283.505
283.503
283.5
283.498
283.496
283.494
283.493
283.492
283.49
283.489
283.487
283.486
283.485
283.484
283.483
283.482
283.481
283.481
283.481
283.481
283.482
283.483
283.484
283.485
283.486
283.488
283.489
283.49
283.492
283.493
283.495
283.496
283.498
283.5
283.501
283.503
283.504
283.506
283.507
283.508
283.509
283.51
283.512
283.512
283.513
283.513
283.514
283.513
283.513
283.512
283.511
283.509
283.508
283.506
283.504
283.502
283.5
283.498
283.496
283.494
283.492
283.49
283.489
283.487
283.485
283.484
283.483
283.481
283.48
283.479
283.478
283.477
283.476
283.476
283.475
283.474
283.474
283.473
283.473
283.473
283.472
283.472
283.472
283.472
283.471
283.471
283.471
283.471
293.648
293.648
293.647
293.645
293.644
293.643
293.641
293.639
293.637
293.635
293.632
293.629
293.627
293.624
293.622
293.62
293.619
293.617
293.616
293.615
293.614
293.613
293.612
293.611
293.61
293.609
293.608
293.608
293.607
293.607
293.607
293.608
293.609
293.61
293.611
293.612
293.613
293.614
293.616
293.617
293.618
293.619
293.621
293.622
293.623
293.624
293.626
293.627
293.628
293.629
293.63
293.631
293.632
293.633
293.634
293.635
293.635
293.635
293.635
293.635
293.634
293.633
293.632
293.63
293.628
293.626
293.624
293.622
293.619
293.617
293.615
293.613
293.612
293.61
293.609
293.607
293.606
293.604
293.603
293.602
293.601
293.6
293.599
293.598
293.597
293.597
293.596
293.595
293.595
293.595
293.594
293.594
293.594
293.593
293.593
293.593
293.593
293.593
293.593
293.593
307.299
307.298
307.297
307.296
307.295
307.293
307.292
307.289
307.287
307.284
307.282
307.279
307.276
307.274
307.272
307.271
307.27
307.269
307.268
307.268
307.268
307.267
307.266
307.266
307.265
307.264
307.264
307.263
307.263
307.263
307.263
307.264
307.265
307.266
307.268
307.269
307.27
307.272
307.273
307.274
307.275
307.276
307.277
307.278
307.278
307.279
307.28
307.281
307.281
307.282
307.283
307.284
307.284
307.285
307.286
307.286
307.286
307.286
307.286
307.285
307.284
307.283
307.281
307.279
307.277
307.275
307.272
307.27
307.268
307.265
307.263
307.262
307.26
307.259
307.257
307.256
307.255
307.253
307.252
307.251
307.25
307.249
307.248
307.248
307.247
307.246
307.246
307.245
307.245
307.245
307.244
307.244
307.244
307.244
307.243
307.243
307.243
307.243
307.243
307.243
324.632
324.631
324.63
324.629
324.627
324.626
324.624
324.621
324.618
324.616
324.613
324.61
324.608
324.606
324.604
324.603
324.603
324.602
324.603
324.603
324.603
324.603
324.603
324.603
324.602
324.602
324.601
324.601
324.601
324.601
324.602
324.603
324.604
324.606
324.608
324.609
324.611
324.612
324.613
324.614
324.615
324.616
324.616
324.617
324.617
324.617
324.617
324.618
324.618
324.618
324.618
324.619
324.619
324.62
324.62
324.62
324.62
324.62
324.619
324.618
324.617
324.615
324.613
324.611
324.608
324.606
324.603
324.6
324.598
324.596
324.594
324.592
324.59
324.589
324.588
324.587
324.586
324.585
324.584
324.583
324.582
324.581
324.58
324.579
324.579
324.578
324.578
324.578
324.577
324.577
324.577
324.576
324.576
324.576
324.576
324.576
324.576
324.576
324.576
324.576
345.857
345.856
345.855
345.853
345.851
345.849
345.847
345.844
345.841
345.838
345.836
345.833
345.831
345.829
345.828
345.827
345.827
345.828
345.829
345.83
345.831
345.831
345.832
345.832
345.832
345.831
345.831
345.831
345.831
345.832
345.833
345.834
345.836
345.839
345.841
345.843
345.844
345.846
345.847
345.848
345.848
345.849
345.849
345.848
345.848
345.848
345.847
345.847
345.847
345.847
345.847
345.847
345.847
345.847
345.847
345.847
345.847
345.846
345.845
345.843
345.841
345.839
345.837
345.834
345.831
345.829
345.826
345.823
345.821
345.818
345.816
345.814
345.813
345.812
345.81
345.809
345.809
345.808
345.807
345.806
345.805
345.805
345.804
345.803
345.803
345.802
345.802
345.802
345.802
345.801
345.801
345.801
345.801
345.801
345.801
345.801
345.801
345.801
345.801
345.801
371.254
371.253
371.252
371.25
371.248
371.246
371.243
371.24
371.236
371.233
371.231
371.228
371.226
371.225
371.224
371.224
371.225
371.227
371.229
371.231
371.232
371.233
371.233
371.234
371.234
371.234
371.233
371.234
371.235
371.235
371.237
371.239
371.242
371.244
371.247
371.249
371.251
371.253
371.254
371.255
371.255
371.255
371.255
371.254
371.253
371.252
371.251
371.25
371.249
371.248
371.248
371.248
371.248
371.248
371.248
371.247
371.247
371.245
371.244
371.242
371.24
371.237
371.234
371.231
371.228
371.225
371.222
371.219
371.216
371.214
371.212
371.21
371.209
371.207
371.206
371.206
371.205
371.204
371.203
371.203
371.202
371.202
371.201
371.201
371.2
371.2
371.2
371.2
371.199
371.199
371.199
371.199
371.199
371.199
371.199
371.199
371.199
371.199
371.199
371.199
401.2
401.199
401.197
401.195
401.192
401.19
401.187
401.183
401.179
401.176
401.173
401.171
401.169
401.168
401.168
401.169
401.171
401.173
401.176
401.179
401.181
401.182
401.183
401.183
401.184
401.183
401.183
401.184
401.185
401.186
401.188
401.191
401.195
401.198
401.201
401.204
401.206
401.208
401.209
401.21
401.21
401.209
401.208
401.207
401.205
401.203
401.202
401.2
401.199
401.198
401.197
401.197
401.197
401.197
401.197
401.196
401.195
401.194
401.192
401.189
401.186
401.183
401.18
401.177
401.173
401.17
401.167
401.164
401.161
401.158
401.156
401.154
401.153
401.152
401.151
401.15
401.149
401.149
401.148
401.148
401.148
401.147
401.147
401.147
401.146
401.146
401.146
401.146
401.146
401.146
401.146
401.146
401.146
401.146
401.146
401.146
401.146
401.146
401.146
401.146
436.194
436.193
436.191
436.188
436.185
436.182
436.178
436.173
436.169
436.166
436.163
436.161
436.16
436.16
436.161
436.163
436.166
436.169
436.173
436.177
436.179
436.18
436.181
436.181
436.181
436.181
436.181
436.182
436.184
436.185
436.188
436.191
436.196
436.2
436.204
436.207
436.209
436.211
436.212
436.213
436.213
436.212
436.211
436.208
436.206
436.204
436.201
436.199
436.198
436.196
436.196
436.196
436.195
436.195
436.195
436.194
436.193
436.191
436.188
436.185
436.182
436.179
436.175
436.171
436.168
436.164
436.161
436.158
436.155
436.152
436.15
436.148
436.146
436.145
436.144
436.144
436.143
436.143
436.143
436.142
436.142
436.142
436.142
436.142
436.142
436.142
436.142
436.142
436.142
436.142
436.142
436.142
436.142
436.142
436.142
436.142
436.142
436.142
436.142
436.143
476.909
476.908
476.905
476.902
476.899
476.894
476.89
476.885
476.88
476.877
476.875
476.873
476.872
476.873
476.875
476.878
476.882
476.886
476.891
476.896
476.898
476.9
476.9
476.9
476.9
476.899
476.899
476.9
476.902
476.905
476.908
476.912
476.918
476.923
476.928
476.931
476.933
476.934
476.936
476.937
476.936
476.935
476.933
476.93
476.927
476.924
476.922
476.919
476.917
476.916
476.915
476.915
476.915
476.915
476.915
476.914
476.912
476.91
476.907
476.904
476.9
476.896
476.892
476.888
476.884
476.88
476.877
476.873
476.87
476.868
476.866
476.864
476.862
476.861
476.86
476.86
476.859
476.859
476.859
476.859
476.859
476.859
476.859
476.859
476.859
476.859
476.859
476.859
476.859
476.859
476.86
476.86
476.86
476.86
476.86
476.86
476.86
476.86
476.861
476.861
524.256
524.255
524.253
524.249
524.244
524.239
524.234
524.228
524.223
524.22
524.218
524.217
524.218
524.22
524.223
524.227
524.232
524.237
524.243
524.248
524.25
524.251
524.251
524.25
524.249
524.248
524.249
524.25
524.253
524.256
524.26
524.265
524.272
524.278
524.283
524.286
524.288
524.29
524.291
524.292
524.292
524.29
524.288
524.284
524.28
524.277
524.274
524.271
524.269
524.268
524.268
524.268
524.268
524.268
524.267
524.266
524.264
524.262
524.259
524.255
524.251
524.247
524.242
524.238
524.234
524.23
524.226
524.223
524.22
524.217
524.215
524.213
524.211
524.21
524.209
524.209
524.209
524.209
524.209
524.209
524.209
524.209
524.209
524.21
524.21
524.21
524.21
524.21
524.211
524.211
524.211
524.211
524.211
524.212
524.212
524.212
524.212
524.212
524.212
524.213
579.486
579.485
579.482
579.477
579.471
579.464
579.458
579.452
579.447
579.444
579.443
579.444
579.445
579.449
579.453
579.459
579.465
579.471
579.478
579.483
579.485
579.485
579.484
579.481
579.48
579.479
579.479
579.481
579.484
579.488
579.493
579.5
579.508
579.515
579.52
579.523
579.524
579.526
579.527
579.528
579.527
579.525
579.522
579.518
579.513
579.51
579.507
579.504
579.503
579.502
579.502
579.503
579.503
579.503
579.503
579.501
579.499
579.496
579.493
579.488
579.484
579.479
579.475
579.47
579.466
579.462
579.458
579.455
579.452
579.449
579.447
579.445
579.444
579.442
579.442
579.441
579.441
579.441
579.441
579.442
579.442
579.442
579.443
579.443
579.443
579.444
579.444
579.444
579.444
579.445
579.445
579.445
579.445
579.446
579.446
579.446
579.446
579.446
579.447
579.447
644.336
644.336
644.331
644.325
644.318
644.31
644.303
644.296
644.291
644.289
644.29
644.291
644.295
644.3
644.306
644.313
644.32
644.327
644.334
644.34
644.341
644.339
644.336
644.332
644.33
644.329
644.329
644.331
644.335
644.34
644.346
644.355
644.364
644.372
644.377
644.379
644.38
644.381
644.382
644.384
644.382
644.379
644.376
644.371
644.366
644.363
644.36
644.358
644.357
644.357
644.358
644.359
644.359
644.359
644.359
644.357
644.354
644.351
644.347
644.343
644.338
644.333
644.328
644.323
644.319
644.315
644.311
644.308
644.305
644.303
644.301
644.299
644.297
644.296
644.296
644.295
644.295
644.295
644.296
644.296
644.296
644.297
644.297
644.298
644.298
644.299
644.299
644.299
644.3
644.3
644.3
644.301
644.301
644.301
644.302
644.302
644.302
644.302
644.302
644.303
721.274
721.274
721.268
721.26
721.25
721.241
721.233
721.226
721.222
721.222
721.224
721.228
721.233
721.24
721.248
721.256
721.264
721.271
721.279
721.285
721.284
721.28
721.275
721.269
721.267
721.264
721.265
721.268
721.273
721.279
721.287
721.297
721.308
721.317
721.321
721.321
721.321
721.322
721.324
721.325
721.323
721.319
721.315
721.309
721.305
721.302
721.299
721.298
721.298
721.299
721.301
721.303
721.303
721.303
721.302
721.3
721.297
721.293
721.289
721.284
721.279
721.274
721.269
721.264
721.259
721.255
721.252
721.249
721.246
721.244
721.242
721.241
721.239
721.238
721.238
721.237
721.237
721.237
721.238
721.238
721.239
721.239
721.24
721.241
721.241
721.242
721.242
721.242
721.243
721.243
721.244
721.244
721.244
721.245
721.245
721.245
721.245
721.245
721.246
721.246
813.884
813.885
813.877
813.867
813.854
813.842
813.835
813.829
813.827
813.829
813.833
813.839
813.846
813.856
813.865
813.874
813.883
813.89
813.898
813.903
813.9
813.893
813.885
813.877
813.874
813.872
813.873
813.877
813.884
813.891
813.901
813.912
813.925
813.934
813.936
813.934
813.933
813.934
813.936
813.937
813.934
813.929
813.924
813.919
813.915
813.912
813.911
813.911
813.912
813.915
813.918
813.92
813.92
813.919
813.918
813.915
813.911
813.907
813.902
813.897
813.891
813.886
813.881
813.876
813.872
813.868
813.865
813.862
813.86
813.858
813.857
813.855
813.854
813.853
813.852
813.852
813.852
813.852
813.852
813.853
813.854
813.854
813.855
813.856
813.856
813.857
813.857
813.858
813.858
813.859
813.859
813.86
813.86
813.86
813.86
813.861
813.861
813.861
813.861
813.861
927.54
927.543
927.532
927.518
927.503
927.489
927.482
927.478
927.479
927.483
927.49
927.499
927.509
927.52
927.531
927.541
927.549
927.555
927.563
927.568
927.562
927.551
927.541
927.53
927.526
927.525
927.528
927.533
927.541
927.55
927.562
927.574
927.589
927.598
927.598
927.593
927.59
927.591
927.594
927.594
927.591
927.583
927.577
927.572
927.57
927.569
927.569
927.57
927.574
927.578
927.581
927.583
927.583
927.581
927.578
927.574
927.57
927.565
927.559
927.554
927.548
927.543
927.538
927.533
927.529
927.526
927.523
927.521
927.519
927.518
927.516
927.515
927.514
927.514
927.513
927.513
927.513
927.513
927.513
927.514
927.514
927.515
927.516
927.517
927.517
927.518
927.518
927.519
927.519
927.52
927.52
927.521
927.521
927.521
927.521
927.522
927.522
927.522
927.522
927.522
1070.62
1070.63
1070.61
1070.59
1070.57
1070.56
1070.55
1070.55
1070.56
1070.57
1070.57
1070.59
1070.6
1070.61
1070.62
1070.63
1070.64
1070.64
1070.65
1070.66
1070.65
1070.63
1070.62
1070.6
1070.6
1070.6
1070.61
1070.61
1070.62
1070.63
1070.65
1070.66
1070.68
1070.69
1070.68
1070.68
1070.67
1070.67
1070.68
1070.67
1070.67
1070.66
1070.65
1070.65
1070.65
1070.65
1070.65
1070.65
1070.66
1070.66
1070.67
1070.67
1070.67
1070.66
1070.66
1070.65
1070.65
1070.64
1070.64
1070.63
1070.63
1070.62
1070.62
1070.61
1070.61
1070.6
1070.6
1070.6
1070.6
1070.6
1070.6
1070.6
1070.6
1070.6
1070.6
1070.6
1070.6
1070.6
1070.6
1070.6
1070.6
1070.6
1070.6
1070.6
1070.6
1070.6
1070.6
1070.6
1070.6
1070.6
1070.6
1070.6
1070.6
1070.6
1070.6
1070.6
1070.6
1070.6
1070.6
1070.6
1256.85
1256.86
1256.85
1256.81
1256.79
1256.77
1256.76
1256.77
1256.8
1256.81
1256.82
1256.83
1256.85
1256.86
1256.87
1256.88
1256.88
1256.89
1256.89
1256.9
1256.9
1256.87
1256.85
1256.83
1256.81
1256.82
1256.85
1256.85
1256.86
1256.87
1256.89
1256.9
1256.92
1256.93
1256.93
1256.92
1256.92
1256.92
1256.92
1256.91
1256.9
1256.88
1256.86
1256.86
1256.89
1256.89
1256.89
1256.9
1256.9
1256.91
1256.91
1256.91
1256.91
1256.9
1256.89
1256.89
1256.88
1256.87
1256.87
1256.86
1256.85
1256.85
1256.85
1256.84
1256.84
1256.84
1256.83
1256.83
1256.83
1256.83
1256.83
1256.83
1256.83
1256.83
1256.83
1256.83
1256.83
1256.83
1256.83
1256.83
1256.83
1256.83
1256.83
1256.83
1256.83
1256.84
1256.84
1256.84
1256.84
1256.84
1256.84
1256.84
1256.84
1256.84
1256.84
1256.84
1256.84
1256.84
1256.84
1256.84
1510.27
1510.29
1510.3
1510.2
1510.17
1510.13
1510.1
1510.1
1510.24
1510.26
1510.27
1510.29
1510.3
1510.31
1510.32
1510.32
1510.32
1510.32
1510.33
1510.33
1510.36
1510.27
1510.24
1510.19
1510.15
1510.15
1510.28
1510.29
1510.3
1510.31
1510.33
1510.34
1510.35
1510.36
1510.39
1510.37
1510.37
1510.37
1510.38
1510.31
1510.29
1510.24
1510.2
1510.19
1510.32
1510.33
1510.33
1510.33
1510.34
1510.35
1510.35
1510.34
1510.33
1510.32
1510.32
1510.31
1510.3
1510.29
1510.28
1510.28
1510.27
1510.27
1510.27
1510.26
1510.26
1510.26
1510.26
1510.26
1510.26
1510.26
1510.26
1510.26
1510.26
1510.26
1510.26
1510.26
1510.26
1510.26
1510.26
1510.26
1510.26
1510.26
1510.26
1510.26
1510.26
1510.26
1510.26
1510.26
1510.26
1510.26
1510.26
1510.26
1510.26
1510.26
1510.26
1510.26
1510.26
1510.26
1510.26
1510.26
1876.79
1876.71
1876.83
1876.49
1876.41
1876.32
1876.19
1876.19
1876.81
1876.88
1876.88
1876.89
1876.9
1876.91
1876.91
1876.9
1876.9
1876.89
1876.9
1876.76
1876.92
1876.59
1876.49
1876.38
1876.24
1876.22
1876.84
1876.9
1876.89
1876.9
1876.91
1876.91
1876.93
1876.78
1876.93
1876.92
1876.9
1876.9
1876.93
1876.62
1876.54
1876.43
1876.28
1876.27
1876.89
1876.94
1876.92
1876.93
1876.93
1876.93
1876.92
1876.91
1876.9
1876.89
1876.88
1876.87
1876.86
1876.85
1876.84
1876.84
1876.83
1876.83
1876.83
1876.82
1876.82
1876.82
1876.82
1876.82
1876.82
1876.82
1876.82
1876.83
1876.83
1876.83
1876.83
1876.83
1876.83
1876.83
1876.83
1876.83
1876.83
1876.83
1876.83
1876.83
1876.83
1876.83
1876.83
1876.83
1876.83
1876.83
1876.83
1876.83
1876.83
1876.83
1876.83
1876.83
1876.83
1876.83
1876.83
1876.83
2455.56
2454.43
2455.07
2453.75
2453.32
2453.02
2452.54
2452.46
2455.78
2456.07
2456
2455.99
2455.98
2455.97
2455.95
2455.94
2455.92
2455.91
2455.98
2454.48
2455.18
2453.87
2453.42
2453.08
2452.57
2452.47
2455.78
2456.05
2455.97
2455.95
2455.94
2455.93
2456
2454.48
2455.11
2455.17
2455.14
2455.13
2455.24
2453.87
2453.45
2453.12
2452.62
2452.53
2455.84
2456.11
2456.03
2456.01
2456
2455.98
2455.96
2455.94
2455.93
2455.91
2455.9
2455.89
2455.88
2455.87
2455.87
2455.86
2455.86
2455.86
2455.86
2455.85
2455.85
2455.85
2455.85
2455.85
2455.86
2455.86
2455.86
2455.86
2455.86
2455.86
2455.87
2455.87
2455.87
2455.87
2455.87
2455.87
2455.86
2455.87
2455.86
2455.87
2455.86
2455.87
2455.86
2455.87
2455.87
2455.87
2455.87
2455.87
2455.87
2455.87
2455.87
2455.87
2455.87
2455.87
2455.87
2455.86
3503.84
3493.46
3495.97
3490.15
3487.94
3486.06
3484.11
3483.63
3504.8
3506.76
3506.58
3506.45
3506.38
3506.33
3506.29
3506.25
3506.22
3506.2
3506.66
3493.64
3496.11
3490.3
3488.04
3486.1
3484.1
3483.61
3504.76
3506.7
3506.49
3506.34
3506.27
3506.23
3506.67
3493.62
3495.84
3496.45
3496.49
3496.48
3496.87
3490.41
3488.06
3486.14
3484.17
3483.69
3504.87
3506.81
3506.61
3506.46
3506.39
3506.34
3506.3
3506.27
3506.25
3506.24
3506.23
3506.22
3506.21
3506.21
3506.2
3506.2
3506.2
3506.2
3506.2
3506.2
3506.2
3506.2
3506.2
3506.2
3506.2
3506.21
3506.21
3506.21
3506.22
3506.22
3506.22
3506.22
3506.22
3506.22
3506.22
3506.22
3506.22
3506.22
3506.22
3506.22
3506.21
3506.22
3506.21
3506.22
3506.21
3506.21
3506.21
3506.21
3506.21
3506.21
3506.21
3506.21
3506.21
3506.21
3506.22
3506.24
5934.99
5824.3
5818.61
5784.44
5777.05
5765.43
5759.6
5758.27
5937.15
5959.21
5961.21
5961.16
5961.01
5960.9
5960.82
5960.76
5960.71
5960.71
5963.19
5827.68
5819.19
5784.68
5777.23
5765.53
5759.65
5758.31
5937.11
5959.11
5961.07
5960.99
5960.83
5960.77
5963.22
5827.74
5819.01
5819.33
5819.58
5819.62
5820.43
5785.22
5777.3
5765.5
5759.61
5758.3
5937.23
5959.27
5961.24
5961.17
5961.01
5960.91
5960.85
5960.82
5960.8
5960.79
5960.78
5960.78
5960.77
5960.77
5960.78
5960.78
5960.78
5960.79
5960.79
5960.79
5960.79
5960.79
5960.8
5960.8
5960.8
5960.8
5960.8
5960.81
5960.81
5960.81
5960.82
5960.82
5960.82
5960.82
5960.81
5960.81
5960.81
5960.81
5960.81
5960.81
5960.8
5960.81
5960.8
5960.81
5960.8
5960.8
5960.8
5960.8
5960.8
5960.8
5960.8
5960.8
5960.8
5960.81
5960.83
5960.95
15655.4
13333.3
13333.3
13333.3
13333.3
13333.3
13333.3
13333.3
15662.3
15676.4
15677.6
15677.7
15677.6
15677.4
15677.2
15677.1
15676.9
15676.6
15678.4
13333.3
13333.3
13333.3
13333.3
13333.3
13333.3
13333.3
15661.3
15675.2
15676.3
15676.4
15676.3
15676.1
15677.9
13333.3
13333.3
13333.3
13333.3
13333.3
13333.3
13333.3
13333.3
13333.3
13333.3
13333.3
15662.6
15676.4
15677.6
15677.6
15677.6
15677.5
15677.4
15677.4
15677.4
15677.4
15677.4
15677.4
15677.4
15677.4
15677.5
15677.5
15677.5
15677.5
15677.5
15677.5
15677.5
15677.5
15677.5
15677.5
15677.5
15677.6
15677.6
15677.6
15677.6
15677.6
15677.6
15677.6
15677.6
15677.6
15677.6
15677.6
15677.5
15677.5
15677.5
15677.5
15677.5
15677.5
15677.5
15677.5
15677.5
15677.5
15677.5
15677.5
15677.5
15677.5
15677.5
15677.5
15677.5
15677.5
15677.4
15677.4
)
;

boundaryField
{
    inlet
    {
        type            cyclic;
    }
    outlet
    {
        type            cyclic;
    }
    bottomWall
    {
        beta1           0.075;
        blended         false;
        type            omegaWallFunction;
        value           nonuniform List<scalar> 
100
(
13333.3
15652.7
13333.3
13333.3
13333.3
13333.3
15659.9
15678.6
13333.3
13333.3
13333.3
13333.3
13333.3
13333.3
13333.3
13333.3
13333.3
13333.3
13333.3
15666.2
15680.2
15681.3
15681.3
15681
15680.8
15680.5
15680.5
15680.4
15680.3
15680.2
15680.1
15680.1
15680.2
15680.6
15680.8
15681
15681
15680.9
15682.7
13333.3
13333.3
13333.3
13333.3
13333.3
13333.3
13333.3
13333.3
13333.3
13333.3
13333.3
13333.3
13333.3
13333.3
13333.3
13333.3
13333.3
13333.3
13333.3
13333.3
13333.3
13333.3
13333.3
13333.3
13333.3
13333.3
13333.3
13333.3
13333.3
13333.3
13333.3
13333.3
13333.3
13333.3
13333.3
13333.3
13333.3
13333.3
13333.3
13333.3
13333.3
13333.3
13333.3
13333.3
13333.3
13333.3
13333.3
13333.3
13333.3
13333.3
13333.3
13333.3
13333.3
13333.3
13333.3
13333.3
13333.3
13333.3
13333.3
13333.3
13333.3
)
;
    }
    topWall
    {
        beta1           0.075;
        blended         false;
        type            omegaWallFunction;
        value           nonuniform List<scalar> 
100
(
15655.4
13333.3
13333.3
13333.3
13333.3
13333.3
13333.3
13333.3
15662.3
15676.4
15677.6
15677.7
15677.6
15677.4
15677.2
15677.1
15676.9
15676.6
15678.4
13333.3
13333.3
13333.3
13333.3
13333.3
13333.3
13333.3
15661.3
15675.2
15676.3
15676.4
15676.3
15676.1
15677.9
13333.3
13333.3
13333.3
13333.3
13333.3
13333.3
13333.3
13333.3
13333.3
13333.3
13333.3
15662.6
15676.4
15677.6
15677.6
15677.6
15677.5
15677.4
15677.4
15677.4
15677.4
15677.4
15677.4
15677.4
15677.4
15677.5
15677.5
15677.5
15677.5
15677.5
15677.5
15677.5
15677.5
15677.5
15677.5
15677.5
15677.6
15677.6
15677.6
15677.6
15677.6
15677.6
15677.6
15677.6
15677.6
15677.6
15677.6
15677.5
15677.5
15677.5
15677.5
15677.5
15677.5
15677.5
15677.5
15677.5
15677.5
15677.5
15677.5
15677.5
15677.5
15677.5
15677.5
15677.5
15677.5
15677.4
15677.4
)
;
    }
    frontAndBack
    {
        type            empty;
    }
}


// ************************************************************************* //
