/*--------------------------------*- C++ -*----------------------------------*\
  =========                 |
  \\      /  F ield         | OpenFOAM: The Open Source CFD Toolbox
   \\    /   O peration     | Website:  https://openfoam.org
    \\  /    A nd           | Version:  11
     \\/     M anipulation  |
\*---------------------------------------------------------------------------*/
FoamFile
{
    format      ascii;
    class       volScalarField;
    location    "500";
    object      p;
}
// * * * * * * * * * * * * * * * * * * * * * * * * * * * * * * * * * * * * * //

dimensions      [0 2 -2 0 0 0 0];

internalField   nonuniform List<scalar> 
5000
(
-1.60412e-06
0.00348404
0.00453863
-0.00270587
-0.0160128
-0.0293162
-0.0358769
-0.0332562
-0.0293565
-0.0298569
-0.0319624
-0.033362
-0.034307
-0.0350601
-0.0355677
-0.03757
-0.039191
-0.0372515
-0.0352561
-0.033729
-0.0318541
-0.0304675
-0.0290139
-0.0272049
-0.0238608
-0.0192646
-0.0122857
-0.00385814
0.00669422
0.0173519
0.0296413
0.0411358
0.0526995
0.0611687
0.0671577
0.0703791
0.0725116
0.0742073
0.0774571
0.0771764
0.0687996
0.0583678
0.0480293
0.0395186
0.032621
0.0282058
0.0253946
0.023994
0.0231013
0.0226171
0.0221903
0.0219207
0.0216199
0.0214048
0.0211169
0.0209087
0.0206382
0.020421
0.0200938
0.0197665
0.0193527
0.0189595
0.0185592
0.0182061
0.0178247
0.017527
0.0171728
0.016909
0.0165885
0.016335
0.0159678
0.0156229
0.015135
0.014752
0.014232
0.0138566
0.013349
0.0129556
0.0125074
0.0121023
0.0117096
0.0112875
0.0108963
0.0104816
0.0101014
0.00968766
0.00931217
0.00888353
0.00850932
0.00808948
0.00767918
0.00726954
0.00683272
0.00643194
0.00598169
0.00558739
0.00512549
0.00466181
0.00383265
0.00149709
0.00026032
0.00348254
0.00432238
-0.00286353
-0.0160303
-0.028988
-0.0355923
-0.0333789
-0.029633
-0.0299617
-0.0319997
-0.0333793
-0.0343165
-0.0350664
-0.0356428
-0.0375152
-0.0390535
-0.0372221
-0.0350542
-0.0334613
-0.0317264
-0.0304044
-0.0289876
-0.0271961
-0.0238598
-0.0192663
-0.0122893
-0.003861
0.00669101
0.0173508
0.0296403
0.0411374
0.0527032
0.061175
0.0671627
0.0703824
0.0725127
0.0742053
0.0771994
0.0768382
0.0686698
0.0583187
0.0480066
0.0395061
0.0326135
0.0282006
0.0253912
0.0239918
0.0231
0.0226163
0.0221899
0.0219204
0.0216197
0.0214046
0.0211167
0.0209085
0.020638
0.0204208
0.0200937
0.0197663
0.0193525
0.0189593
0.0185591
0.018206
0.0178247
0.0175269
0.0171728
0.016909
0.0165885
0.0163349
0.0159678
0.0156229
0.0151351
0.014752
0.0142321
0.0138566
0.013349
0.0129555
0.0125074
0.0121023
0.0117096
0.0112875
0.0108963
0.0104816
0.0101015
0.00968765
0.00931219
0.00888352
0.00850935
0.00808948
0.00767921
0.00726953
0.00683274
0.00643192
0.00598172
0.00558738
0.00512557
0.0046619
0.00383405
0.00159139
0.000425935
0.00350868
0.00417013
-0.00301601
-0.0160546
-0.0287862
-0.0353595
-0.0334127
-0.0298143
-0.0300549
-0.0320403
-0.0333998
-0.0343279
-0.0350974
-0.0357297
-0.0375037
-0.0389568
-0.0371704
-0.0349073
-0.0332323
-0.0315781
-0.0303267
-0.028955
-0.0271859
-0.0238605
-0.0192709
-0.0122974
-0.00386666
0.00668447
0.0173497
0.0296382
0.0411413
0.0527109
0.0611889
0.0671735
0.0703895
0.0725155
0.074203
0.0770204
0.0765867
0.068546
0.058261
0.0479776
0.0394881
0.0326018
0.0281915
0.0253855
0.023988
0.0230982
0.0226151
0.0221894
0.02192
0.0216196
0.0214043
0.0211166
0.0209082
0.0206379
0.0204205
0.0200935
0.019766
0.0193524
0.0189591
0.0185591
0.0182058
0.0178248
0.0175268
0.0171728
0.0169088
0.0165886
0.0163348
0.0159678
0.0156228
0.0151351
0.0147519
0.0142322
0.0138566
0.0133491
0.0129555
0.0125075
0.0121023
0.0117096
0.0112875
0.0108964
0.0104815
0.0101016
0.0096876
0.00931224
0.00888348
0.00850941
0.00808943
0.00767928
0.00726948
0.00683281
0.00643186
0.00598179
0.00558734
0.00512574
0.00466196
0.00383324
0.00165684
0.00053627
0.00354855
0.00407218
-0.00313431
-0.0160817
-0.0286703
-0.0351941
-0.0334081
-0.029933
-0.0301359
-0.0320796
-0.0334197
-0.0343395
-0.0351297
-0.0358023
-0.0375109
-0.0388946
-0.0371196
-0.0347977
-0.0330591
-0.0314455
-0.03025
-0.0289223
-0.0271777
-0.0238651
-0.0192793
-0.0123111
-0.0038753
0.00667418
0.0173487
0.029635
0.0411482
0.0527231
0.0612115
0.0671906
0.0704009
0.07252
0.0742018
0.0769079
0.0764054
0.0684374
0.0582015
0.0479463
0.0394658
0.0325861
0.0281785
0.0253776
0.0239826
0.023096
0.0226136
0.0221891
0.0219195
0.0216197
0.021404
0.0211167
0.0209077
0.020638
0.02042
0.0200934
0.0197656
0.0193522
0.0189588
0.0185592
0.0182056
0.017825
0.0175265
0.017173
0.0169085
0.0165887
0.0163345
0.0159679
0.0156226
0.0151351
0.0147518
0.0142323
0.0138564
0.0133492
0.0129554
0.0125076
0.0121022
0.0117097
0.0112874
0.0108965
0.0104814
0.0101017
0.0096875
0.00931234
0.00888339
0.00850953
0.00808934
0.00767941
0.00726937
0.00683294
0.00643174
0.00598193
0.00558723
0.00512603
0.00466199
0.00383166
0.00170718
0.000648443
0.0035946
0.00400206
-0.0032239
-0.0161032
-0.0285843
-0.0350676
-0.0334057
-0.0300403
-0.0302205
-0.0321212
-0.0334407
-0.0343523
-0.0351509
-0.0358489
-0.037514
-0.038837
-0.0370637
-0.0347
-0.0329137
-0.0313246
-0.0301746
-0.0288916
-0.0271732
-0.0238751
-0.0192925
-0.0123311
-0.00388721
0.00665978
0.0173479
0.0296305
0.0411586
0.0527405
0.0612439
0.0672145
0.0704167
0.0725262
0.0742015
0.0768186
0.0762456
0.06833
0.058137
0.0479115
0.0394383
0.032566
0.0281611
0.0253673
0.0239755
0.0230933
0.0226118
0.0221888
0.0219189
0.02162
0.0214035
0.021117
0.0209071
0.0206381
0.0204193
0.0200933
0.0197651
0.0193521
0.0189584
0.0185594
0.0182053
0.0178253
0.0175262
0.0171733
0.016908
0.016589
0.0163339
0.0159679
0.0156222
0.0151352
0.0147515
0.0142326
0.0138562
0.0133495
0.0129551
0.0125078
0.012102
0.0117099
0.0112872
0.0108967
0.0104812
0.0101019
0.00968732
0.00931253
0.00888321
0.00850974
0.00808917
0.00767962
0.00726919
0.00683314
0.00643154
0.00598213
0.00558705
0.00512644
0.00466201
0.00383088
0.00176082
0.000778835
0.0036494
0.00394314
-0.00329889
-0.0161167
-0.0285063
-0.0349591
-0.0334145
-0.0301571
-0.0303165
-0.032169
-0.0334648
-0.0343668
-0.0351635
-0.0358766
-0.0375074
-0.0387723
-0.0369969
-0.0346012
-0.0327756
-0.0312069
-0.0300984
-0.0288631
-0.0271731
-0.0238909
-0.0193106
-0.0123576
-0.00390254
0.00664114
0.0173474
0.0296247
0.0411725
0.0527632
0.0612863
0.0672454
0.0704373
0.0725342
0.0742011
0.0767326
0.076084
0.0682154
0.0580639
0.0478712
0.0394045
0.0325409
0.028139
0.0253544
0.0239667
0.0230901
0.0226094
0.0221887
0.0219182
0.0216204
0.0214029
0.0211174
0.0209063
0.0206383
0.0204184
0.0200933
0.0197644
0.0193521
0.018958
0.0185597
0.018205
0.0178258
0.0175258
0.0171738
0.0169074
0.0165894
0.0163331
0.0159681
0.0156216
0.0151354
0.0147511
0.0142329
0.0138559
0.0133497
0.0129548
0.012508
0.0121017
0.0117101
0.0112869
0.010897
0.010481
0.0101022
0.00968709
0.00931276
0.00888299
0.00851
0.00808894
0.0076799
0.00726894
0.00683342
0.00643126
0.00598241
0.00558681
0.00512695
0.00466206
0.00383168
0.00182451
0.000928478
0.00371527
0.00388902
-0.00336808
-0.0161239
-0.0284289
-0.034857
-0.0334339
-0.030289
-0.0304259
-0.0322246
-0.0334929
-0.0343833
-0.035172
-0.0358941
-0.0374916
-0.0386979
-0.0369175
-0.0344947
-0.0326334
-0.0310854
-0.0300197
-0.0288363
-0.0271772
-0.0239126
-0.0193338
-0.0123908
-0.00392138
0.00661839
0.0173472
0.0296176
0.0411899
0.0527914
0.061339
0.0672834
0.0704624
0.0725441
0.0742002
0.0766427
0.0759126
0.0680903
0.0579802
0.0478243
0.0393642
0.0325105
0.0281122
0.025339
0.0239561
0.0230865
0.0226067
0.0221886
0.0219174
0.0216211
0.0214023
0.0211179
0.0209054
0.0206387
0.0204173
0.0200934
0.0197636
0.019352
0.0189575
0.0185602
0.0182046
0.0178265
0.0175253
0.0171745
0.0169066
0.0165898
0.0163322
0.0159682
0.0156209
0.0151355
0.0147506
0.0142332
0.0138555
0.0133501
0.0129545
0.0125084
0.0121014
0.0117104
0.0112866
0.0108973
0.0104806
0.0101025
0.00968677
0.00931307
0.00888269
0.00851034
0.00808864
0.00768026
0.00726861
0.00683377
0.00643092
0.00598275
0.00558649
0.00512756
0.00466222
0.0038345
0.00189944
0.00109524
0.00379281
0.00383854
-0.00343519
-0.0161273
-0.0283498
-0.0347567
-0.0334621
-0.0304354
-0.0305479
-0.0322881
-0.0335252
-0.0344017
-0.0351789
-0.0359064
-0.0374684
-0.0386146
-0.0368263
-0.0343781
-0.0324812
-0.0309561
-0.0299368
-0.0288103
-0.0271853
-0.0239396
-0.0193621
-0.0124303
-0.00394383
0.0065917
0.017347
0.0296095
0.0412106
0.0528252
0.0614016
0.0673284
0.070492
0.0725556
0.0741984
0.0765472
0.07573
0.0679544
0.0578858
0.0477706
0.0393173
0.0324748
0.0280806
0.0253209
0.0239437
0.0230823
0.0226037
0.0221885
0.0219165
0.0216218
0.0214015
0.0211186
0.0209044
0.0206392
0.020416
0.0200934
0.0197626
0.0193521
0.018957
0.0185607
0.0182042
0.0178273
0.0175247
0.0171753
0.0169057
0.0165904
0.016331
0.0159684
0.0156201
0.0151357
0.0147501
0.0142336
0.013855
0.0133505
0.012954
0.0125087
0.012101
0.0117108
0.0112862
0.0108977
0.0104803
0.0101029
0.00968642
0.00931343
0.00888234
0.00851073
0.00808829
0.00768067
0.00726823
0.00683417
0.00643051
0.00598315
0.00558611
0.00512827
0.00466253
0.00383969
0.00198421
0.00127627
0.00388185
0.00379198
-0.0035015
-0.0161285
-0.0282693
-0.0346567
-0.0334975
-0.030594
-0.030681
-0.0323588
-0.0335614
-0.0344219
-0.0351857
-0.0359159
-0.0374401
-0.038524
-0.036725
-0.0342505
-0.0323166
-0.0308174
-0.0298489
-0.0287846
-0.0271972
-0.0239719
-0.0193955
-0.0124761
-0.00396996
0.0065613
0.0173468
0.0296003
0.0412343
0.0528647
0.0614739
0.0673803
0.070526
0.0725688
0.0741953
0.076446
0.0755375
0.0678087
0.057781
0.04771
0.0392639
0.0324337
0.0280445
0.0253003
0.0239297
0.0230776
0.0226002
0.0221885
0.0219156
0.0216227
0.0214007
0.0211195
0.0209032
0.0206397
0.0204146
0.0200936
0.0197616
0.0193522
0.0189565
0.0185614
0.0182038
0.0178283
0.0175241
0.0171762
0.0169047
0.016591
0.0163297
0.0159686
0.0156192
0.0151359
0.0147495
0.0142341
0.0138545
0.0133509
0.0129535
0.0125092
0.0121005
0.0117112
0.0112858
0.0108981
0.0104798
0.0101034
0.009686
0.00931385
0.00888193
0.00851118
0.00808788
0.00768113
0.0072678
0.00683463
0.00643005
0.00598358
0.00558569
0.00512904
0.00466303
0.00384733
0.00207689
0.00146905
0.00398183
0.00374981
-0.0035672
-0.0161283
-0.0281881
-0.0345574
-0.033539
-0.0307628
-0.0308237
-0.032436
-0.0336011
-0.0344437
-0.035193
-0.035924
-0.037408
-0.0384273
-0.0366157
-0.0341118
-0.0321393
-0.0306686
-0.0297559
-0.028759
-0.0272127
-0.0240092
-0.0194337
-0.0125278
-0.00399981
0.00652746
0.0173462
0.0295904
0.0412606
0.0529097
0.0615557
0.0674389
0.0705641
0.0725837
0.074191
0.0763396
0.0753369
0.0676544
0.0576668
0.047643
0.0392043
0.0323874
0.0280039
0.0252771
0.0239141
0.0230723
0.0225964
0.0221885
0.0219145
0.0216237
0.0213999
0.0211204
0.020902
0.0206403
0.020413
0.0200937
0.0197606
0.0193523
0.0189559
0.0185622
0.0182034
0.0178294
0.0175235
0.0171773
0.0169037
0.0165916
0.0163282
0.0159688
0.0156181
0.0151361
0.0147488
0.0142346
0.0138539
0.0133514
0.012953
0.0125096
0.0121
0.0117116
0.0112854
0.0108985
0.0104794
0.0101039
0.00968557
0.00931429
0.00888151
0.00851165
0.00808745
0.00768163
0.00726734
0.00683512
0.00642954
0.00598406
0.00558522
0.00512987
0.00466376
0.0038575
0.00217603
0.00167128
0.00409217
0.00371262
-0.00363196
-0.016127
-0.0281071
-0.0344594
-0.0335861
-0.0309401
-0.0309748
-0.0325188
-0.0336441
-0.0344669
-0.0352012
-0.0359312
-0.037373
-0.038326
-0.0364999
-0.0339625
-0.0319498
-0.0305101
-0.0296578
-0.0287335
-0.0272318
-0.024051
-0.0194769
-0.0125852
-0.00403345
0.00649044
0.0173452
0.0295797
0.0412893
0.0529604
0.0616466
0.0675042
0.0706063
0.0726
0.0741855
0.076229
0.0751299
0.0674928
0.0575441
0.0475696
0.0391388
0.0323359
0.0279591
0.0252513
0.023897
0.0230664
0.0225924
0.0221885
0.0219134
0.0216247
0.021399
0.0211214
0.0209008
0.0206409
0.0204114
0.0200939
0.0197594
0.0193525
0.0189554
0.0185631
0.018203
0.0178306
0.0175229
0.0171783
0.0169025
0.0165923
0.0163266
0.015969
0.0156171
0.0151363
0.014748
0.0142351
0.0138534
0.0133519
0.0129524
0.0125101
0.0120995
0.0117121
0.0112849
0.010899
0.0104789
0.0101044
0.0096851
0.00931478
0.00888104
0.00851217
0.00808698
0.00768217
0.00726685
0.00683563
0.00642902
0.00598455
0.00558473
0.00513074
0.00466476
0.00387007
0.0022807
0.0018816
0.00421227
0.0036808
-0.00369529
-0.0161248
-0.0280272
-0.0343637
-0.0336382
-0.0311245
-0.0311332
-0.0326066
-0.0336899
-0.0344914
-0.0352103
-0.0359379
-0.0373357
-0.0382213
-0.0363788
-0.0338034
-0.0317485
-0.0303421
-0.0295548
-0.0287081
-0.0272543
-0.0240973
-0.0195247
-0.0126479
-0.00407089
0.00645052
0.0173436
0.0295685
0.0413201
0.0530166
0.0617463
0.0675759
0.0706521
0.0726178
0.0741787
0.0761147
0.0749181
0.0673247
0.0574137
0.0474904
0.0390677
0.0322794
0.0279103
0.025223
0.0238784
0.02306
0.022588
0.0221884
0.0219123
0.0216258
0.0213981
0.0211225
0.0208995
0.0206415
0.0204097
0.0200941
0.0197583
0.0193527
0.0189549
0.018564
0.0182027
0.0178318
0.0175223
0.0171795
0.0169013
0.016593
0.016325
0.0159692
0.0156159
0.0151365
0.0147473
0.0142356
0.0138527
0.0133524
0.0129519
0.0125106
0.012099
0.0117125
0.0112844
0.0108995
0.0104784
0.0101049
0.00968463
0.00931526
0.00888058
0.00851268
0.00808651
0.00768271
0.00726634
0.00683617
0.00642847
0.00598505
0.00558422
0.00513164
0.00466603
0.00388503
0.00239
0.00209868
0.00434163
0.0036548
-0.00375672
-0.0161221
-0.0279491
-0.0342709
-0.0336951
-0.031315
-0.031298
-0.0326989
-0.0337383
-0.034517
-0.0352204
-0.035944
-0.0372965
-0.0381139
-0.0362534
-0.0336352
-0.0315359
-0.0301654
-0.0294473
-0.0286827
-0.0272803
-0.0241478
-0.0195771
-0.0127156
-0.00411213
0.0064079
0.0173413
0.0295569
0.0413528
0.0530784
0.0618545
0.0676539
0.0707016
0.0726369
0.0741708
0.0759975
0.0747027
0.0671512
0.0572763
0.0474056
0.0389914
0.0322181
0.0278575
0.0251922
0.0238584
0.0230531
0.0225835
0.0221883
0.0219112
0.0216269
0.0213973
0.0211235
0.0208982
0.0206421
0.0204079
0.0200942
0.0197571
0.0193529
0.0189544
0.018565
0.0182024
0.0178331
0.0175217
0.0171807
0.0169002
0.0165936
0.0163233
0.0159694
0.0156147
0.0151366
0.0147465
0.0142361
0.0138521
0.0133529
0.0129513
0.0125111
0.0120984
0.011713
0.0112839
0.0109001
0.0104779
0.0101055
0.00968414
0.00931578
0.00888009
0.00851322
0.00808603
0.00768326
0.00726583
0.00683671
0.00642792
0.00598555
0.0055837
0.00513255
0.00466761
0.00390222
0.00250323
0.00232173
0.00447983
0.00363484
-0.00381574
-0.016119
-0.0278734
-0.0341817
-0.0337566
-0.0315108
-0.0314684
-0.0327952
-0.0337891
-0.0345436
-0.0352313
-0.0359496
-0.0372558
-0.0380045
-0.0361241
-0.0334589
-0.0313128
-0.0299805
-0.0293356
-0.0286576
-0.0273097
-0.0242023
-0.019634
-0.0127882
-0.00415718
0.00636284
0.0173382
0.0295449
0.041387
0.0531456
0.0619709
0.0677381
0.0707544
0.0726573
0.0741617
0.075878
0.074485
0.0669729
0.0571326
0.0473156
0.0389103
0.0321521
0.0278012
0.025159
0.0238372
0.0230456
0.0225787
0.0221881
0.0219101
0.0216281
0.0213964
0.0211246
0.0208969
0.0206427
0.0204061
0.0200944
0.019756
0.0193531
0.0189539
0.0185661
0.0182021
0.0178345
0.0175211
0.0171819
0.016899
0.0165942
0.0163215
0.0159695
0.0156135
0.0151368
0.0147457
0.0142367
0.0138515
0.0133535
0.0129507
0.0125116
0.0120979
0.0117135
0.0112834
0.0109006
0.0104774
0.010106
0.00968368
0.00931627
0.00887963
0.00851374
0.00808556
0.00768381
0.00726532
0.00683725
0.00642737
0.00598605
0.00558318
0.00513348
0.00466951
0.00392158
0.00261969
0.00254979
0.00462652
0.00362124
-0.00387198
-0.0161157
-0.0278005
-0.0340964
-0.0338223
-0.031711
-0.0316438
-0.0328951
-0.0338419
-0.0345711
-0.0352431
-0.0359547
-0.0372139
-0.0378937
-0.0359917
-0.033275
-0.0310798
-0.029788
-0.0292202
-0.0286329
-0.0273425
-0.0242607
-0.0196952
-0.0128653
-0.00420599
0.00631547
0.0173341
0.0295328
0.0414226
0.0532182
0.0620951
0.0678283
0.0708105
0.0726789
0.0741516
0.0757568
0.0742659
0.0667906
0.0569831
0.0472207
0.0388245
0.0320815
0.0277412
0.0251235
0.0238146
0.0230375
0.0225737
0.0221878
0.021909
0.0216292
0.0213957
0.0211257
0.0208957
0.0206433
0.0204043
0.0200945
0.0197548
0.0193533
0.0189534
0.0185671
0.0182019
0.0178358
0.0175206
0.0171831
0.0168978
0.0165948
0.0163197
0.0159696
0.0156122
0.0151369
0.014745
0.0142372
0.0138509
0.013354
0.0129501
0.0125121
0.0120974
0.011714
0.0112829
0.0109011
0.0104769
0.0101065
0.00968319
0.00931678
0.00887916
0.00851428
0.00808509
0.00768437
0.00726482
0.00683778
0.00642683
0.00598654
0.00558266
0.00513441
0.00467173
0.00394293
0.00273891
0.0027824
0.00478133
0.0036141
-0.00392518
-0.0161123
-0.0277308
-0.0340154
-0.0338922
-0.031915
-0.0318234
-0.0329985
-0.0338967
-0.0345994
-0.0352555
-0.0359593
-0.0371709
-0.037782
-0.0358566
-0.033084
-0.0308376
-0.0295887
-0.0291013
-0.0286085
-0.0273787
-0.0243227
-0.0197606
-0.0129468
-0.00425854
0.00626602
0.0173291
0.0295205
0.0414595
0.053296
0.0622269
0.0679244
0.0708697
0.0727016
0.0741406
0.0756344
0.0740463
0.0666049
0.0568282
0.0471211
0.0387345
0.0320065
0.0276779
0.0250855
0.0237909
0.0230289
0.0225686
0.0221875
0.0219079
0.0216303
0.0213949
0.0211268
0.0208945
0.0206438
0.0204025
0.0200946
0.0197536
0.0193534
0.018953
0.0185682
0.0182017
0.0178372
0.0175201
0.0171842
0.0168967
0.0165953
0.0163179
0.0159697
0.015611
0.015137
0.0147442
0.0142377
0.0138503
0.0133545
0.0129496
0.0125126
0.0120969
0.0117145
0.0112825
0.0109016
0.0104765
0.0101071
0.00968275
0.00931726
0.00887872
0.00851478
0.00808464
0.0076849
0.00726434
0.0068383
0.0064263
0.00598702
0.00558216
0.00513535
0.00467426
0.00396615
0.00286036
0.00301878
0.00494398
0.00361364
-0.00397513
-0.0161089
-0.0276647
-0.0339392
-0.033966
-0.0321223
-0.0320069
-0.0331048
-0.0339532
-0.0346285
-0.0352686
-0.0359633
-0.037127
-0.0376697
-0.0357195
-0.0328865
-0.0305868
-0.029383
-0.0289795
-0.0285845
-0.0274184
-0.0243881
-0.0198301
-0.0130324
-0.00431473
0.00621459
0.017323
0.0295081
0.0414974
0.0533789
0.0623661
0.0680261
0.0709317
0.0727254
0.0741288
0.0755113
0.073827
0.0664166
0.0566683
0.0470171
0.0386403
0.0319273
0.0276114
0.0250454
0.0237661
0.0230198
0.0225633
0.0221871
0.0219068
0.0216313
0.0213942
0.0211279
0.0208933
0.0206443
0.0204007
0.0200946
0.0197524
0.0193536
0.0189526
0.0185693
0.0182016
0.0178386
0.0175197
0.0171854
0.0168957
0.0165958
0.016316
0.0159697
0.0156097
0.0151371
0.0147435
0.0142382
0.0138498
0.013355
0.012949
0.0125131
0.0120964
0.011715
0.011282
0.0109021
0.010476
0.0101076
0.0096823
0.00931775
0.00887828
0.00851529
0.0080842
0.00768543
0.00726387
0.00683881
0.00642579
0.00598747
0.00558166
0.00513629
0.00467712
0.00399103
0.00298367
0.0032586
0.00511414
0.00361985
-0.00402163
-0.0161057
-0.0276025
-0.0338679
-0.0340435
-0.0323323
-0.0321936
-0.0332139
-0.0340112
-0.0346582
-0.0352822
-0.0359669
-0.0370825
-0.0375572
-0.0355806
-0.032683
-0.0303281
-0.0291715
-0.028855
-0.028561
-0.0274614
-0.0244569
-0.0199035
-0.0131219
-0.00437453
0.00616139
0.0173159
0.0294957
0.0415361
0.0534669
0.0625123
0.0681333
0.0709965
0.0727501
0.0741162
0.0753878
0.0736086
0.0662259
0.056504
0.0469089
0.0385424
0.031844
0.0275417
0.025003
0.0237403
0.0230101
0.0225579
0.0221865
0.0219057
0.0216324
0.0213935
0.021129
0.0208922
0.0206447
0.0203988
0.0200946
0.0197512
0.0193538
0.0189522
0.0185704
0.0182016
0.0178399
0.0175194
0.0171866
0.0168946
0.0165962
0.0163142
0.0159697
0.0156085
0.0151371
0.0147427
0.0142387
0.0138492
0.0133555
0.0129485
0.0125136
0.012096
0.0117155
0.0112816
0.0109026
0.0104756
0.0101081
0.00968189
0.0093182
0.00887789
0.00851576
0.0080838
0.00768593
0.00726343
0.0068393
0.0064253
0.00598791
0.00558119
0.00513723
0.00468028
0.00401746
0.00310839
0.00350116
0.00529155
0.00363283
-0.00406453
-0.0161026
-0.0275444
-0.0338017
-0.0341246
-0.0325446
-0.0323831
-0.0333254
-0.0340705
-0.0346884
-0.0352963
-0.03597
-0.0370375
-0.0374449
-0.0354406
-0.032474
-0.0300619
-0.0289548
-0.0287281
-0.0285381
-0.0275077
-0.0245289
-0.0199805
-0.0132152
-0.00443782
0.00610648
0.0173076
0.0294833
0.0415755
0.0535596
0.0626654
0.0682459
0.0710638
0.0727758
0.074103
0.0752644
0.0733917
0.0660335
0.0563357
0.0467968
0.0384408
0.0317568
0.0274692
0.0249586
0.0237134
0.023
0.0225524
0.0221859
0.0219046
0.0216333
0.0213929
0.02113
0.0208911
0.020645
0.020397
0.0200946
0.0197501
0.0193539
0.0189519
0.0185715
0.0182016
0.0178413
0.0175191
0.0171877
0.0168937
0.0165965
0.0163124
0.0159697
0.0156072
0.0151372
0.014742
0.0142391
0.0138487
0.013356
0.0129481
0.0125141
0.0120955
0.0117159
0.0112812
0.010903
0.0104752
0.0101086
0.00968149
0.00931867
0.00887749
0.00851623
0.0080834
0.00768642
0.00726301
0.00683977
0.00642483
0.00598832
0.00558073
0.00513817
0.00468376
0.00404522
0.00323419
0.00374622
0.00547585
0.00365248
-0.0041037
-0.0161
-0.0274906
-0.033741
-0.0342089
-0.0327586
-0.032575
-0.033439
-0.0341311
-0.0347192
-0.0353107
-0.0359726
-0.0369921
-0.037333
-0.0352997
-0.03226
-0.0297888
-0.0287333
-0.028599
-0.0285158
-0.0275572
-0.0246039
-0.0200612
-0.0133119
-0.00450452
0.00605006
0.0172982
0.029471
0.0416154
0.053657
0.0628252
0.0683635
0.0711334
0.0728024
0.0740893
0.0751414
0.0731769
0.0658399
0.0561637
0.046681
0.038336
0.0316658
0.0273938
0.0249121
0.0236856
0.0229894
0.0225467
0.0221852
0.0219036
0.0216343
0.0213923
0.0211309
0.0208901
0.0206453
0.0203952
0.0200945
0.019749
0.0193541
0.0189517
0.0185726
0.0182017
0.0178426
0.0175189
0.0171888
0.0168928
0.0165968
0.0163106
0.0159696
0.015606
0.0151372
0.0147414
0.0142395
0.0138482
0.0133564
0.0129476
0.0125145
0.0120951
0.0117163
0.0112809
0.0109035
0.0104748
0.010109
0.00968113
0.00931908
0.00887714
0.00851666
0.00808305
0.00768688
0.00726261
0.00684022
0.00642439
0.00598871
0.00558029
0.00513911
0.00468753
0.00407419
0.00336064
0.00399316
0.00566672
0.00367888
-0.00413901
-0.0160978
-0.0274414
-0.0336857
-0.0342963
-0.0329739
-0.0327687
-0.0335546
-0.0341926
-0.0347504
-0.0353255
-0.0359749
-0.0369465
-0.0372219
-0.0351586
-0.0320416
-0.0295094
-0.0285076
-0.0284681
-0.0284941
-0.02761
-0.0246818
-0.0201451
-0.0134119
-0.00457452
0.00599214
0.0172878
0.0294587
0.0416558
0.0537588
0.0629913
0.0684861
0.0712053
0.0728297
0.0740752
0.0750192
0.0729647
0.0656457
0.0559885
0.046562
0.0382281
0.0315712
0.0273157
0.0248637
0.0236569
0.0229784
0.0225409
0.0221844
0.0219026
0.0216352
0.0213917
0.0211318
0.0208891
0.0206455
0.0203934
0.0200944
0.0197479
0.0193542
0.0189514
0.0185736
0.0182019
0.017844
0.0175187
0.0171899
0.016892
0.016597
0.0163088
0.0159695
0.0156048
0.0151371
0.0147408
0.0142399
0.0138478
0.0133569
0.0129472
0.012515
0.0120948
0.0117168
0.0112805
0.0109039
0.0104744
0.0101095
0.00968078
0.0093195
0.0088768
0.00851709
0.0080827
0.00768734
0.00726224
0.00684065
0.00642397
0.00598907
0.00557988
0.00514003
0.00469158
0.00410415
0.00348745
0.00424173
0.00586374
0.00371184
-0.00417039
-0.0160961
-0.0273969
-0.0336359
-0.0343865
-0.0331901
-0.0329638
-0.0336716
-0.034255
-0.034782
-0.0353405
-0.0359767
-0.0369009
-0.0371119
-0.0350175
-0.0318194
-0.0292243
-0.0282784
-0.0283356
-0.028473
-0.027666
-0.0247623
-0.0202321
-0.013515
-0.00464771
0.0059329
0.0172763
0.0294464
0.0416962
0.0538649
0.0631636
0.0686132
0.0712792
0.0728577
0.0740607
0.0748982
0.0727557
0.0654514
0.0558104
0.0464398
0.0381175
0.0314732
0.0272352
0.0248135
0.0236275
0.0229669
0.022535
0.0221835
0.0219017
0.021636
0.0213912
0.0211326
0.0208882
0.0206456
0.0203916
0.0200943
0.0197469
0.0193543
0.0189512
0.0185747
0.0182021
0.0178453
0.0175186
0.0171909
0.0168912
0.0165972
0.0163071
0.0159693
0.0156037
0.0151371
0.0147402
0.0142403
0.0138473
0.0133573
0.0129468
0.0125154
0.0120944
0.0117171
0.0112802
0.0109043
0.0104741
0.0101099
0.00968047
0.00931987
0.0088765
0.00851748
0.00808239
0.00768775
0.0072619
0.00684106
0.00642358
0.00598941
0.00557948
0.00514096
0.00469588
0.00413495
0.00361419
0.00449126
0.00606655
0.0037513
-0.00419786
-0.016095
-0.0273573
-0.0335917
-0.0344794
-0.0334067
-0.0331597
-0.0337899
-0.0343181
-0.0348139
-0.0353558
-0.0359782
-0.0368554
-0.0370032
-0.0348769
-0.0315939
-0.0289341
-0.0280462
-0.0282017
-0.0284527
-0.0277249
-0.0248453
-0.020322
-0.0136209
-0.00472387
0.00587239
0.0172639
0.0294342
0.0417367
0.053975
0.0633417
0.0687448
0.071355
0.0728863
0.0740459
0.0747787
0.0725505
0.0652575
0.0556298
0.046315
0.0380043
0.0313721
0.0271523
0.0247616
0.0235973
0.0229551
0.022529
0.0221824
0.0219007
0.0216367
0.0213907
0.0211333
0.0208873
0.0206456
0.0203899
0.0200942
0.0197458
0.0193544
0.0189511
0.0185757
0.0182023
0.0178465
0.0175186
0.0171919
0.0168905
0.0165973
0.0163053
0.0159691
0.0156026
0.015137
0.0147396
0.0142406
0.0138469
0.0133577
0.0129464
0.0125157
0.0120941
0.0117175
0.0112799
0.0109047
0.0104738
0.0101103
0.00968016
0.00932026
0.0088762
0.00851786
0.00808209
0.00768816
0.00726157
0.00684144
0.00642321
0.00598972
0.00557911
0.00514187
0.0047004
0.00416636
0.00374052
0.00474141
0.00627471
0.00379698
-0.00422148
-0.0160946
-0.0273226
-0.033553
-0.0345744
-0.0336231
-0.033356
-0.0339089
-0.0343815
-0.0348459
-0.0353712
-0.0359793
-0.0368101
-0.0368961
-0.0347371
-0.0313656
-0.0286394
-0.0278114
-0.0280668
-0.0284331
-0.0277867
-0.0249305
-0.0204142
-0.0137291
-0.0048027
0.00581092
0.0172506
0.0294223
0.0417772
0.054089
0.0635253
0.0688804
0.0714323
0.0729156
0.0740311
0.0746611
0.0723494
0.0650643
0.0554471
0.0461875
0.037889
0.0312679
0.0270673
0.024708
0.0235664
0.0229428
0.0225229
0.0221811
0.0218997
0.0216372
0.0213901
0.0211339
0.0208863
0.0206454
0.020388
0.0200938
0.0197447
0.0193543
0.0189508
0.0185766
0.0182025
0.0178477
0.0175185
0.0171928
0.0168898
0.0165973
0.0163036
0.0159689
0.0156015
0.015137
0.0147391
0.014241
0.0138465
0.0133581
0.0129461
0.0125161
0.0120939
0.0117179
0.0112797
0.010905
0.0104736
0.0101106
0.00967992
0.0093206
0.00887596
0.00851821
0.00808184
0.00768853
0.00726129
0.00684181
0.00642287
0.00599001
0.00557876
0.00514278
0.00470514
0.00419825
0.00386601
0.00499179
0.00648816
0.00384924
-0.00424117
-0.016095
-0.0272928
-0.0335201
-0.0346716
-0.0338388
-0.0335524
-0.0340286
-0.0344453
-0.0348781
-0.0353865
-0.0359798
-0.0367651
-0.0367908
-0.0345987
-0.0311352
-0.0283409
-0.0275749
-0.0279311
-0.0284138
-0.0278509
-0.0250176
-0.0205085
-0.0138395
-0.00488422
0.00574831
0.0172365
0.0294104
0.0418175
0.0542066
0.0637142
0.0690195
0.0715107
0.0729452
0.0740164
0.0745462
0.0721533
0.064872
0.0552625
0.0460578
0.0377717
0.0311612
0.02698
0.0246528
0.0235349
0.0229302
0.0225166
0.0221797
0.0218986
0.0216376
0.0213894
0.0211343
0.0208853
0.020645
0.020386
0.0200933
0.0197434
0.019354
0.0189504
0.0185773
0.0182026
0.0178487
0.0175184
0.0171936
0.0168891
0.0165972
0.0163019
0.0159686
0.0156004
0.015137
0.0147386
0.0142413
0.0138462
0.0133585
0.0129459
0.0125165
0.0120936
0.0117182
0.0112794
0.0109054
0.0104733
0.010111
0.0096797
0.00932096
0.00887573
0.00851857
0.0080816
0.00768891
0.00726103
0.00684216
0.00642255
0.00599028
0.00557845
0.00514372
0.00471012
0.00423059
0.00399063
0.00524199
0.00670628
0.0039076
-0.00425653
-0.0160957
-0.0272682
-0.0334929
-0.0347709
-0.0340538
-0.0337487
-0.034149
-0.0345096
-0.0349104
-0.0354018
-0.0359799
-0.0367206
-0.0366877
-0.0344624
-0.0309038
-0.0280396
-0.0273373
-0.0277954
-0.0283956
-0.0279178
-0.0251068
-0.0206052
-0.0139522
-0.00496853
0.00568454
0.0172212
0.0293985
0.0418571
0.0543273
0.0639076
0.0691619
0.0715901
0.072975
0.0740018
0.0744339
0.0719626
0.0646821
0.0550771
0.0459265
0.0376532
0.0310522
0.0268911
0.0245963
0.023503
0.0229175
0.0225104
0.0221784
0.0218977
0.0216382
0.021389
0.0211348
0.0208845
0.0206448
0.0203842
0.020093
0.0197424
0.019354
0.0189503
0.0185782
0.0182029
0.0178498
0.0175184
0.0171945
0.0168886
0.0165972
0.0163002
0.0159682
0.0155994
0.015137
0.0147381
0.0142416
0.0138459
0.0133589
0.0129456
0.0125168
0.0120934
0.0117185
0.0112792
0.0109057
0.0104731
0.0101113
0.00967951
0.00932124
0.00887552
0.00851886
0.00808138
0.00768923
0.00726078
0.00684248
0.00642223
0.00599053
0.00557815
0.00514464
0.00471523
0.00426306
0.00411374
0.00549102
0.00692826
0.00397147
-0.00426756
-0.0160967
-0.0272489
-0.0334713
-0.0348717
-0.0342676
-0.033944
-0.0342694
-0.0345739
-0.0349428
-0.0354173
-0.0359801
-0.036677
-0.0365873
-0.0343284
-0.030672
-0.0277363
-0.027099
-0.0276599
-0.0283786
-0.0279875
-0.0251978
-0.0207041
-0.0140671
-0.00505514
0.00561991
0.0172049
0.0293864
0.0418958
0.0544503
0.0641051
0.0693074
0.0716705
0.0730052
0.0739872
0.0743239
0.0717776
0.0644954
0.0548916
0.0457941
0.0375335
0.0309411
0.0268009
0.0245389
0.0234709
0.0229046
0.0225044
0.0221771
0.0218969
0.0216388
0.0213887
0.0211355
0.020884
0.0206448
0.0203828
0.0200929
0.0197417
0.0193542
0.0189504
0.0185793
0.0182035
0.0178511
0.0175187
0.0171954
0.0168882
0.0165972
0.0162987
0.0159679
0.0155985
0.0151368
0.0147376
0.0142418
0.0138455
0.0133592
0.0129453
0.0125171
0.0120932
0.0117188
0.011279
0.010906
0.0104729
0.0101116
0.00967928
0.00932152
0.00887529
0.00851913
0.00808116
0.00768952
0.00726053
0.00684276
0.00642194
0.00599073
0.00557785
0.00514551
0.00472041
0.00429525
0.00423473
0.0057385
0.00715371
0.00404056
-0.00427477
-0.0160985
-0.0272347
-0.033455
-0.0349734
-0.0344793
-0.0341377
-0.0343892
-0.0346379
-0.0349747
-0.0354326
-0.0359799
-0.0366342
-0.0364895
-0.034197
-0.0304402
-0.0274312
-0.0268605
-0.0275248
-0.0283626
-0.0280594
-0.0252902
-0.0208043
-0.0141833
-0.0051435
0.00555489
0.0171879
0.0293746
0.0419337
0.0545757
0.0643065
0.0694556
0.0717516
0.0730355
0.073973
0.0742169
0.0715984
0.0643117
0.0547061
0.0456608
0.037413
0.0308282
0.0267093
0.0244804
0.0234383
0.0228914
0.0224982
0.0221757
0.0218961
0.0216392
0.0213884
0.021136
0.0208835
0.0206446
0.0203813
0.0200926
0.0197409
0.0193542
0.0189505
0.0185804
0.018204
0.0178522
0.0175189
0.0171963
0.0168879
0.0165971
0.0162973
0.0159676
0.0155975
0.0151368
0.0147371
0.014242
0.0138452
0.0133595
0.012945
0.0125174
0.012093
0.0117191
0.0112788
0.0109062
0.0104727
0.0101118
0.0096791
0.00932175
0.00887512
0.00851937
0.00808097
0.00768979
0.00726032
0.00684302
0.00642167
0.00599092
0.00557758
0.00514637
0.0047257
0.00432722
0.00435321
0.00598368
0.0073822
0.00411464
-0.00427837
-0.0161011
-0.0272258
-0.0334441
-0.0350758
-0.0346883
-0.0343293
-0.0345081
-0.0347013
-0.035006
-0.0354475
-0.0359796
-0.0365925
-0.0363948
-0.0340686
-0.0302089
-0.0271252
-0.0266223
-0.0273903
-0.0283475
-0.0281332
-0.0253835
-0.0209055
-0.0143004
-0.00523327
0.00548961
0.0171703
0.0293631
0.0419708
0.0547032
0.0645112
0.0696061
0.0718331
0.0730661
0.0739593
0.074113
0.0714256
0.0641314
0.054521
0.045527
0.037292
0.030714
0.0266167
0.0244209
0.0234053
0.0228779
0.0224919
0.0221741
0.0218952
0.0216395
0.0213879
0.0211364
0.0208828
0.0206442
0.0203796
0.0200922
0.0197399
0.0193542
0.0189504
0.0185812
0.0182044
0.0178533
0.0175191
0.0171971
0.0168876
0.016597
0.0162958
0.0159672
0.0155967
0.0151367
0.0147367
0.0142421
0.0138449
0.0133598
0.0129448
0.0125177
0.0120928
0.0117193
0.0112786
0.0109065
0.0104725
0.0101121
0.00967893
0.00932202
0.00887495
0.00851963
0.0080808
0.00769007
0.00726013
0.00684327
0.00642144
0.00599109
0.00557734
0.00514723
0.00473109
0.00435879
0.00446887
0.00622634
0.00761325
0.00419333
-0.00427838
-0.0161045
-0.027222
-0.0334383
-0.0351786
-0.0348943
-0.0345184
-0.0346259
-0.0347641
-0.0350369
-0.0354623
-0.0359791
-0.036552
-0.0363032
-0.0339439
-0.0299791
-0.0268189
-0.0263854
-0.0272569
-0.0283334
-0.028209
-0.0254778
-0.0210074
-0.0144183
-0.00532433
0.00542407
0.017152
0.0293517
0.0420068
0.0548323
0.0647189
0.0697584
0.0719147
0.0730966
0.0739461
0.0740126
0.0712594
0.0639551
0.0543369
0.045393
0.0371709
0.0305987
0.0265233
0.0243608
0.0233722
0.0228643
0.0224856
0.0221724
0.0218942
0.0216397
0.0213874
0.0211366
0.0208821
0.0206437
0.020378
0.0200917
0.019739
0.0193541
0.0189504
0.0185821
0.0182049
0.0178543
0.0175193
0.0171979
0.0168874
0.0165969
0.0162944
0.0159669
0.0155958
0.0151366
0.0147363
0.0142423
0.0138447
0.0133601
0.0129446
0.0125179
0.0120927
0.0117196
0.0112785
0.0109067
0.0104724
0.0101123
0.0096788
0.00932223
0.00887482
0.00851983
0.00808066
0.0076903
0.00725996
0.0068435
0.00642122
0.00599125
0.00557711
0.00514808
0.00473652
0.00438981
0.00458127
0.00646582
0.00784643
0.00427631
-0.00427487
-0.0161085
-0.0272234
-0.0334377
-0.0352816
-0.0350968
-0.0347047
-0.0347422
-0.0348262
-0.0350673
-0.0354767
-0.0359786
-0.0365129
-0.0362152
-0.0338231
-0.0297512
-0.0265131
-0.0261503
-0.0271251
-0.0283203
-0.0282865
-0.0255727
-0.0211099
-0.0145368
-0.00541649
0.00535834
0.0171331
0.0293405
0.0420414
0.0549627
0.064929
0.0699121
0.0719963
0.0731272
0.0739335
0.073916
0.0711004
0.0637834
0.0541542
0.0452592
0.0370502
0.0304827
0.0264293
0.0243001
0.0233392
0.0228505
0.0224794
0.0221706
0.0218933
0.0216398
0.021387
0.0211368
0.0208815
0.0206432
0.0203765
0.0200912
0.0197382
0.019354
0.0189504
0.0185829
0.0182054
0.0178553
0.0175196
0.0171986
0.0168872
0.0165967
0.0162931
0.0159665
0.015595
0.0151364
0.014736
0.0142425
0.0138445
0.0133604
0.0129445
0.0125182
0.0120926
0.0117198
0.0112783
0.0109069
0.0104723
0.0101125
0.00967866
0.00932246
0.00887468
0.00852005
0.00808052
0.00769053
0.0072598
0.00684372
0.00642102
0.00599139
0.0055769
0.00514891
0.00474196
0.00442011
0.00469017
0.0067017
0.00808135
0.00436308
-0.00426792
-0.0161129
-0.0272299
-0.033442
-0.0353844
-0.0352954
-0.0348877
-0.0348568
-0.0348874
-0.0350971
-0.0354909
-0.035978
-0.0364751
-0.0361307
-0.0337067
-0.029526
-0.0262086
-0.0259176
-0.026995
-0.0283082
-0.0283656
-0.0256679
-0.0212125
-0.0146553
-0.0055095
0.00529266
0.0171134
0.0293294
0.0420747
0.0550939
0.0651411
0.0700668
0.0720774
0.0731575
0.0739217
0.0738234
0.0709488
0.0636165
0.0539734
0.0451261
0.0369301
0.0303664
0.026335
0.0242392
0.0233061
0.0228367
0.0224731
0.0221688
0.0218924
0.0216399
0.0213865
0.0211369
0.0208809
0.0206427
0.020375
0.0200907
0.0197373
0.0193539
0.0189504
0.0185837
0.0182059
0.0178562
0.0175199
0.0171993
0.0168871
0.0165966
0.0162919
0.0159661
0.0155942
0.0151363
0.0147356
0.0142426
0.0138443
0.0133606
0.0129443
0.0125184
0.0120925
0.01172
0.0112782
0.0109071
0.0104722
0.0101127
0.00967857
0.00932264
0.00887458
0.00852022
0.00808041
0.00769073
0.00725967
0.00684391
0.00642084
0.00599151
0.00557671
0.00514973
0.00474736
0.00444959
0.00479511
0.00693324
0.00831765
0.00445324
-0.00425764
-0.0161179
-0.0272414
-0.033451
-0.0354867
-0.0354898
-0.035067
-0.0349693
-0.0349474
-0.0351262
-0.0355047
-0.0359773
-0.0364389
-0.0360501
-0.0335949
-0.029304
-0.025906
-0.025688
-0.026867
-0.028297
-0.0284461
-0.0257632
-0.0213149
-0.0147737
-0.00560308
0.00522716
0.0170931
0.0293186
0.0421064
0.0552255
0.0653546
0.070222
0.072158
0.0731877
0.0739106
0.0737349
0.070805
0.0634549
0.0537949
0.044994
0.0368109
0.0302501
0.0262406
0.0241781
0.0232733
0.0228229
0.022467
0.022167
0.0218914
0.0216399
0.021386
0.021137
0.0208804
0.0206421
0.0203736
0.0200901
0.0197365
0.0193538
0.0189504
0.0185844
0.0182064
0.0178571
0.0175201
0.0172
0.016887
0.0165964
0.0162907
0.0159657
0.0155935
0.0151362
0.0147353
0.0142428
0.0138441
0.0133608
0.0129442
0.0125186
0.0120924
0.0117202
0.0112781
0.0109073
0.0104721
0.0101129
0.00967845
0.00932284
0.00887447
0.0085204
0.0080803
0.00769093
0.00725954
0.00684409
0.00642067
0.00599161
0.00557654
0.00515053
0.00475271
0.00447809
0.00489589
0.00716015
0.0085548
0.00454623
-0.00424418
-0.0161234
-0.0272578
-0.0334644
-0.0355882
-0.0356796
-0.0352421
-0.0350796
-0.0350062
-0.0351546
-0.0355181
-0.0359767
-0.0364042
-0.0359733
-0.0334881
-0.0290859
-0.025606
-0.0254619
-0.0267414
-0.0282867
-0.0285277
-0.0258583
-0.0214168
-0.0148917
-0.00569697
0.00516203
0.0170721
0.029308
0.0421364
0.0553572
0.0655691
0.0703774
0.0722377
0.0732175
0.0739003
0.0736507
0.070669
0.063299
0.0536193
0.0448634
0.0366931
0.030134
0.0261462
0.024117
0.0232407
0.0228091
0.0224608
0.0221652
0.0218905
0.0216399
0.0213856
0.0211371
0.0208799
0.0206416
0.0203722
0.0200895
0.0197357
0.0193537
0.0189505
0.0185852
0.0182069
0.0178579
0.0175204
0.0172006
0.016887
0.0165962
0.0162897
0.0159652
0.0155928
0.0151361
0.014735
0.0142429
0.0138439
0.0133611
0.0129441
0.0125188
0.0120923
0.0117203
0.0112781
0.0109075
0.010472
0.010113
0.00967839
0.00932298
0.00887441
0.00852053
0.00808022
0.00769109
0.00725943
0.00684425
0.00642052
0.00599171
0.00557638
0.00515132
0.00475797
0.00450553
0.00499207
0.00738175
0.00879217
0.00464168
-0.00422771
-0.0161294
-0.0272788
-0.033482
-0.0356885
-0.0358642
-0.0354128
-0.0351873
-0.0350636
-0.0351823
-0.035531
-0.035976
-0.0363713
-0.0359007
-0.0333866
-0.0288723
-0.0253094
-0.0252401
-0.0266186
-0.0282772
-0.0286102
-0.0259528
-0.0215178
-0.0150087
-0.00579089
0.00509736
0.0170506
0.0292977
0.0421646
0.0554885
0.0657839
0.0705323
0.0723162
0.0732469
0.073891
0.0735709
0.0705411
0.0631493
0.0534469
0.0447345
0.0365771
0.0300186
0.0260523
0.0240562
0.0232085
0.0227954
0.0224548
0.0221634
0.0218896
0.0216398
0.0213851
0.0211371
0.0208794
0.020641
0.0203709
0.0200889
0.019735
0.0193535
0.0189505
0.0185859
0.0182074
0.0178588
0.0175207
0.0172012
0.016887
0.016596
0.0162887
0.0159648
0.0155921
0.0151359
0.0147348
0.014243
0.0138438
0.0133612
0.012944
0.012519
0.0120922
0.0117205
0.011278
0.0109076
0.010472
0.0101132
0.0096783
0.00932315
0.00887432
0.00852068
0.00808013
0.00769125
0.00725933
0.0068444
0.00642038
0.00599178
0.00557623
0.00515208
0.00476311
0.00453177
0.00508347
0.00759767
0.00902901
0.0047391
-0.00420842
-0.0161358
-0.0273044
-0.0335037
-0.0357873
-0.0360433
-0.0355786
-0.0352921
-0.0351193
-0.0352091
-0.0355435
-0.0359754
-0.0363402
-0.0358322
-0.0332908
-0.0286639
-0.0250169
-0.0250231
-0.0264988
-0.0282686
-0.0286934
-0.0260466
-0.0216176
-0.0151244
-0.00588457
0.00503338
0.0170286
0.0292876
0.0421908
0.0556188
0.0659984
0.0706864
0.0723934
0.0732758
0.0738827
0.0734955
0.0704215
0.063006
0.0532784
0.0446078
0.0364631
0.0299042
0.0259591
0.0239958
0.0231768
0.0227818
0.0224488
0.0221616
0.0218886
0.0216397
0.0213847
0.0211371
0.020879
0.0206404
0.0203697
0.0200882
0.0197342
0.0193534
0.0189505
0.0185865
0.0182079
0.0178595
0.017521
0.0172018
0.016887
0.0165959
0.0162877
0.0159643
0.0155915
0.0151358
0.0147345
0.0142432
0.0138437
0.0133614
0.0129439
0.0125192
0.0120922
0.0117206
0.0112779
0.0109077
0.0104719
0.0101133
0.00967825
0.00932326
0.00887427
0.00852077
0.00808007
0.00769137
0.00725924
0.00684452
0.00642025
0.00599185
0.0055761
0.00515281
0.00476809
0.00455674
0.00516969
0.00780725
0.00926436
0.0048382
-0.00418651
-0.0161425
-0.0273343
-0.0335289
-0.0358844
-0.0362163
-0.0357389
-0.0353939
-0.0351732
-0.0352349
-0.0355556
-0.0359749
-0.036311
-0.0357681
-0.0332009
-0.0284612
-0.0247295
-0.0248117
-0.0263825
-0.0282608
-0.0287768
-0.0261392
-0.0217158
-0.0152385
-0.00597763
0.00497023
0.0170062
0.0292778
0.042215
0.0557478
0.066212
0.070839
0.072469
0.0733042
0.0738754
0.0734247
0.0703104
0.0628696
0.0531141
0.0444839
0.0363516
0.0297913
0.0258669
0.023936
0.0231456
0.0227684
0.022443
0.0221597
0.0218877
0.0216396
0.0213843
0.021137
0.0208786
0.0206398
0.0203686
0.0200875
0.0197335
0.0193533
0.0189506
0.0185871
0.0182084
0.0178603
0.0175213
0.0172023
0.0168871
0.0165957
0.0162869
0.0159639
0.0155909
0.0151357
0.0147343
0.0142432
0.0138436
0.0133616
0.0129438
0.0125193
0.0120921
0.0117208
0.0112779
0.0109078
0.0104719
0.0101134
0.00967818
0.0093234
0.00887421
0.00852088
0.00808
0.0076915
0.00725916
0.00684464
0.00642014
0.0059919
0.00557599
0.00515352
0.00477291
0.00458031
0.00525056
0.00801008
0.00949719
0.00493842
-0.00416221
-0.0161495
-0.027368
-0.0335576
-0.0359793
-0.0363827
-0.0358933
-0.0354922
-0.0352252
-0.0352596
-0.0355671
-0.0359745
-0.0362837
-0.0357084
-0.0331172
-0.0282652
-0.024448
-0.0246065
-0.0262701
-0.0282537
-0.0288602
-0.0262303
-0.0218119
-0.0153505
-0.00606968
0.00490815
0.0169834
0.0292684
0.042237
0.0558747
0.0664239
0.0709896
0.0725425
0.0733318
0.0738693
0.0733584
0.0702081
0.0627405
0.0529548
0.044363
0.036243
0.0296804
0.025776
0.023877
0.0231152
0.0227552
0.0224372
0.0221579
0.0218869
0.0216394
0.0213838
0.021137
0.0208782
0.0206392
0.0203676
0.0200868
0.0197329
0.0193532
0.0189507
0.0185877
0.018209
0.017861
0.0175217
0.0172028
0.0168872
0.0165955
0.0162862
0.0159634
0.0155903
0.0151356
0.0147341
0.0142434
0.0138435
0.0133618
0.0129438
0.0125194
0.0120921
0.0117209
0.0112778
0.0109079
0.0104719
0.0101135
0.00967815
0.00932348
0.00887418
0.00852095
0.00807995
0.0076916
0.00725909
0.00684474
0.00642003
0.00599195
0.00557588
0.00515421
0.00477751
0.00460242
0.00532571
0.00820516
0.00972651
0.00503923
-0.00413581
-0.0161566
-0.0274054
-0.0335892
-0.0360716
-0.036542
-0.0360413
-0.0355867
-0.0352749
-0.0352833
-0.0355782
-0.0359743
-0.0362585
-0.0356532
-0.03304
-0.0280765
-0.0241736
-0.0244084
-0.0261619
-0.0282473
-0.0289431
-0.0263194
-0.0219054
-0.0154601
-0.00616024
0.00484734
0.0169605
0.0292594
0.0422568
0.055999
0.0666331
0.0711375
0.0726138
0.0733586
0.0738642
0.073297
0.0701146
0.0626192
0.0528008
0.044246
0.0361378
0.0295719
0.0256869
0.0238192
0.0230855
0.0227422
0.0224316
0.0221561
0.021886
0.0216392
0.0213834
0.0211369
0.0208779
0.0206387
0.0203666
0.020086
0.0197322
0.0193531
0.0189507
0.0185883
0.0182094
0.0178617
0.017522
0.0172032
0.0168873
0.0165954
0.0162855
0.0159629
0.0155897
0.0151355
0.0147339
0.0142434
0.0138434
0.0133619
0.0129437
0.0125195
0.012092
0.011721
0.0112778
0.010908
0.0104718
0.0101136
0.0096781
0.00932359
0.00887413
0.00852103
0.0080799
0.00769169
0.00725903
0.00684483
0.00641994
0.00599198
0.00557579
0.00515485
0.00478189
0.00462295
0.005395
0.00839181
0.0099512
0.00513991
-0.00410758
-0.0161637
-0.0274458
-0.0336233
-0.036161
-0.0366936
-0.0361822
-0.0356771
-0.0353223
-0.0353058
-0.0355887
-0.0359742
-0.0362355
-0.0356028
-0.0329695
-0.027896
-0.0239075
-0.0242183
-0.0260584
-0.0282414
-0.0290249
-0.0264061
-0.0219957
-0.0155666
-0.00624881
0.00478807
0.0169374
0.0292507
0.042274
0.05612
0.0668385
0.0712819
0.0726824
0.0733843
0.0738603
0.0732404
0.0700301
0.0625061
0.0526531
0.0441334
0.0360364
0.0294662
0.0256001
0.0237627
0.0230567
0.0227296
0.0224262
0.0221543
0.0218852
0.021639
0.021383
0.0211368
0.0208776
0.0206381
0.0203658
0.0200853
0.0197316
0.019353
0.0189508
0.0185888
0.0182099
0.0178623
0.0175223
0.0172037
0.0168875
0.0165952
0.016285
0.0159624
0.0155892
0.0151354
0.0147337
0.0142435
0.0138433
0.013362
0.0129437
0.0125196
0.012092
0.0117211
0.0112778
0.0109081
0.0104718
0.0101136
0.00967809
0.00932365
0.00887412
0.00852107
0.00807986
0.00769176
0.00725898
0.0068449
0.00641986
0.00599202
0.00557571
0.00515547
0.00478599
0.00464186
0.00545804
0.00856899
0.0101699
0.00523975
-0.00407776
-0.0161705
-0.0274888
-0.0336593
-0.0362467
-0.0368371
-0.0363156
-0.035763
-0.0353671
-0.035327
-0.0355986
-0.0359743
-0.0362146
-0.0355572
-0.032906
-0.0277247
-0.0236515
-0.0240371
-0.0259598
-0.0282359
-0.0291049
-0.0264897
-0.0220824
-0.0156699
-0.0063349
0.00473055
0.0169144
0.0292425
0.0422888
0.0562369
0.0670388
0.0714217
0.0727479
0.0734089
0.0738575
0.073189
0.0699548
0.0624019
0.0525125
0.044026
0.0359394
0.029364
0.0255159
0.0237078
0.023029
0.0227172
0.0224209
0.0221525
0.0218844
0.0216387
0.0213827
0.0211366
0.0208774
0.0206376
0.0203651
0.0200846
0.0197311
0.0193529
0.0189509
0.0185893
0.0182104
0.0178629
0.0175225
0.0172041
0.0168877
0.0165951
0.0162845
0.015962
0.0155888
0.0151353
0.0147336
0.0142436
0.0138432
0.0133621
0.0129436
0.0125197
0.012092
0.0117212
0.0112777
0.0109081
0.0104718
0.0101137
0.00967805
0.00932373
0.00887408
0.00852112
0.00807982
0.00769183
0.00725893
0.00684497
0.00641979
0.00599203
0.00557564
0.00515604
0.00478983
0.00465905
0.00551473
0.0087359
0.0103809
0.00533787
-0.00404656
-0.0161767
-0.0275334
-0.0336963
-0.0363283
-0.0369721
-0.0364409
-0.0358441
-0.0354092
-0.035347
-0.0356079
-0.0359746
-0.0361961
-0.0355165
-0.0328496
-0.0275637
-0.0234072
-0.0238658
-0.0258667
-0.0282305
-0.0291822
-0.0265694
-0.0221648
-0.0157693
-0.00641808
0.00467503
0.0168914
0.0292346
0.0423011
0.0563488
0.0672327
0.0715558
0.0728097
0.0734321
0.0738557
0.0731429
0.0698891
0.0623074
0.05238
0.0439248
0.0358474
0.0292656
0.0254347
0.0236546
0.0230023
0.0227053
0.0224158
0.0221507
0.0218835
0.0216385
0.0213823
0.0211365
0.0208772
0.0206371
0.0203644
0.020084
0.0197306
0.0193529
0.018951
0.0185897
0.0182108
0.0178634
0.0175228
0.0172045
0.0168879
0.016595
0.0162841
0.0159615
0.0155883
0.0151353
0.0147335
0.0142437
0.0138432
0.0133623
0.0129436
0.0125198
0.0120919
0.0117212
0.0112777
0.0109082
0.0104718
0.0101137
0.00967805
0.00932377
0.00887407
0.00852114
0.0080798
0.00769187
0.00725889
0.00684502
0.00641972
0.00599205
0.00557558
0.00515658
0.00479333
0.00467446
0.00556477
0.0088914
0.0105823
0.00543336
-0.0040139
-0.0161818
-0.0275786
-0.0337332
-0.0364051
-0.0370986
-0.0365579
-0.0359203
-0.0354486
-0.0353656
-0.0356167
-0.0359751
-0.0361799
-0.0354808
-0.0328005
-0.0274141
-0.0231766
-0.0237053
-0.0257791
-0.0282246
-0.0292556
-0.0266439
-0.0222426
-0.0158646
-0.00649821
0.00462153
0.0168687
0.029227
0.0423107
0.0564548
0.0674182
0.071683
0.0728672
0.0734536
0.0738549
0.0731026
0.0698335
0.0622237
0.0522572
0.043831
0.0357611
0.0291712
0.0253565
0.0236034
0.0229768
0.0226937
0.0224108
0.0221489
0.0218827
0.0216382
0.0213819
0.0211364
0.020877
0.0206367
0.0203639
0.0200833
0.0197301
0.0193528
0.0189511
0.0185901
0.0182113
0.0178639
0.0175231
0.0172048
0.0168881
0.0165949
0.0162838
0.0159611
0.015588
0.0151352
0.0147334
0.0142437
0.0138431
0.0133623
0.0129435
0.0125198
0.0120919
0.0117213
0.0112777
0.0109082
0.0104718
0.0101137
0.00967801
0.00932383
0.00887404
0.00852117
0.00807976
0.00769191
0.00725885
0.00684506
0.00641967
0.00599205
0.00557553
0.00515706
0.00479652
0.00468803
0.00560821
0.00903491
0.0107721
0.0055252
-0.00397899
-0.016185
-0.0276229
-0.0337685
-0.0364771
-0.0372168
-0.0366669
-0.0359915
-0.0354853
-0.0353829
-0.035625
-0.0359759
-0.0361662
-0.0354502
-0.0327589
-0.0272768
-0.0229619
-0.0235564
-0.0256967
-0.0282175
-0.0293238
-0.0267118
-0.0223154
-0.0159561
-0.0065758
0.00456987
0.016846
0.0292196
0.0423178
0.0565542
0.0675936
0.0718016
0.0729195
0.0734731
0.073855
0.0730689
0.0697894
0.0621523
0.0521461
0.0437459
0.0356811
0.0290803
0.025281
0.0235539
0.0229521
0.0226824
0.0224058
0.022147
0.0218819
0.0216379
0.0213816
0.0211362
0.0208769
0.0206363
0.0203634
0.0200827
0.0197298
0.0193528
0.0189513
0.0185905
0.0182116
0.0178643
0.0175233
0.0172051
0.0168883
0.0165948
0.0162836
0.0159607
0.0155876
0.0151352
0.0147334
0.0142438
0.0138431
0.0133624
0.0129435
0.0125199
0.0120919
0.0117213
0.0112777
0.0109082
0.0104718
0.0101137
0.00967802
0.00932383
0.00887405
0.00852115
0.00807975
0.00769192
0.00725882
0.00684509
0.00641962
0.00599205
0.00557549
0.0051575
0.00479932
0.00469971
0.00564492
0.00916615
0.0109488
0.00561336
-0.00393998
-0.0161846
-0.0276642
-0.0338004
-0.0365451
-0.0373288
-0.0367696
-0.0360585
-0.0355198
-0.0353991
-0.0356329
-0.0359771
-0.036155
-0.0354248
-0.0327246
-0.027152
-0.0227645
-0.0234191
-0.025617
-0.0282078
-0.029385
-0.0267709
-0.0223844
-0.0160455
-0.00665235
0.00451939
0.016823
0.0292119
0.0423222
0.056647
0.0677574
0.0719102
0.0729662
0.0734903
0.0738559
0.0730433
0.0697594
0.0620951
0.0520487
0.043671
0.0356065
0.0289912
0.0252065
0.0235053
0.022928
0.0226712
0.0224009
0.0221451
0.0218811
0.0216376
0.0213813
0.0211361
0.0208768
0.020636
0.0203631
0.0200822
0.0197295
0.0193528
0.0189514
0.0185908
0.018212
0.0178647
0.0175235
0.0172054
0.0168885
0.0165947
0.0162834
0.0159603
0.0155873
0.0151351
0.0147333
0.0142438
0.013843
0.0133625
0.0129435
0.0125199
0.0120919
0.0117213
0.0112776
0.0109082
0.0104718
0.0101137
0.009678
0.00932386
0.00887403
0.00852115
0.00807973
0.00769193
0.0072588
0.0068451
0.00641958
0.00599204
0.00557547
0.00515788
0.00480175
0.00470948
0.0056753
0.00928714
0.0111127
0.00570018
-0.00389237
-0.0161783
-0.0277013
-0.0338281
-0.0366113
-0.0374403
-0.0368693
-0.0361227
-0.0355525
-0.0354145
-0.0356404
-0.0359787
-0.0361465
-0.0354046
-0.0326974
-0.0270379
-0.0225839
-0.0232918
-0.0255352
-0.0281933
-0.0294381
-0.0268198
-0.022452
-0.0161389
-0.00673132
0.00446872
0.0167993
0.0292037
0.0423241
0.0567347
0.0679106
0.0720083
0.073007
0.0735054
0.0738576
0.0730283
0.0697485
0.0620542
0.0519662
0.0436081
0.0355344
0.0288982
0.0251293
0.0234564
0.0229037
0.0226598
0.0223958
0.0221431
0.0218802
0.0216372
0.021381
0.021136
0.0208767
0.0206358
0.0203628
0.0200818
0.0197292
0.0193528
0.0189516
0.0185911
0.0182123
0.017865
0.0175238
0.0172056
0.0168887
0.0165947
0.0162833
0.01596
0.0155871
0.0151351
0.0147333
0.0142439
0.013843
0.0133626
0.0129434
0.0125199
0.0120919
0.0117212
0.0112776
0.0109081
0.0104719
0.0101136
0.00967802
0.00932383
0.00887405
0.0085211
0.00807972
0.00769191
0.00725878
0.0068451
0.00641955
0.00599203
0.00557545
0.0051582
0.00480377
0.00471738
0.00569966
0.00940458
0.0112702
0.00579176
-0.00382644
-0.0161643
-0.0277365
-0.0338519
-0.0366819
-0.0375627
-0.0369725
-0.036186
-0.0355844
-0.0354296
-0.0356476
-0.0359807
-0.0361405
-0.0353895
-0.0326769
-0.0269274
-0.0224128
-0.0231681
-0.0254418
-0.028172
-0.0294846
-0.0268595
-0.0225239
-0.0162476
-0.00681893
0.00441576
0.0167741
0.0291944
0.042324
0.0568246
0.0680603
0.0720983
0.0730438
0.0735192
0.0738603
0.0730283
0.0697654
0.0620305
0.0518958
0.043557
0.0354587
0.0287898
0.0250432
0.0234048
0.0228784
0.0226479
0.0223905
0.0221409
0.0218792
0.0216368
0.0213808
0.0211359
0.0208767
0.0206356
0.0203627
0.0200815
0.0197291
0.0193529
0.0189517
0.0185914
0.0182126
0.0178653
0.0175239
0.0172058
0.0168889
0.0165947
0.0162833
0.0159598
0.0155869
0.0151351
0.0147333
0.0142439
0.013843
0.0133626
0.0129434
0.0125199
0.0120918
0.0117212
0.0112776
0.0109081
0.0104719
0.0101136
0.00967799
0.00932384
0.00887403
0.00852109
0.0080797
0.00769191
0.00725877
0.0068451
0.00641954
0.00599201
0.00557544
0.00515846
0.00480538
0.00472346
0.00571957
0.0095386
0.0114414
0.00589902
-0.00373035
-0.0161455
-0.0277801
-0.0338765
-0.0367699
-0.0377163
-0.0370883
-0.0362512
-0.0356161
-0.0354445
-0.0356545
-0.035983
-0.0361369
-0.0353792
-0.0326618
-0.026801
-0.0222298
-0.0230356
-0.0253247
-0.0281467
-0.0295352
-0.026895
-0.0226131
-0.0163921
-0.00692401
0.00435791
0.0167469
0.029184
0.0423226
0.0569359
0.0682295
0.072189
0.0730807
0.073534
0.0738646
0.0730458
0.0698171
0.062019
0.0518258
0.0435122
0.0353664
0.0286455
0.0249394
0.023348
0.0228514
0.0226354
0.022385
0.0221386
0.0218783
0.0216365
0.0213807
0.0211359
0.0208768
0.0206355
0.0203626
0.0200813
0.019729
0.0193529
0.0189519
0.0185916
0.0182128
0.0178655
0.0175241
0.0172059
0.016889
0.0165947
0.0162832
0.0159596
0.0155868
0.0151351
0.0147333
0.014244
0.013843
0.0133627
0.0129434
0.0125199
0.0120918
0.0117212
0.0112776
0.010908
0.0104719
0.0101135
0.009678
0.0093238
0.00887406
0.00852103
0.00807971
0.00769187
0.00725876
0.00684509
0.00641953
0.00599199
0.00557543
0.00515866
0.00480657
0.00472788
0.00573763
0.00973284
0.0116758
0.00602807
-0.00360968
-0.0161419
-0.0278603
-0.0339088
-0.0369014
-0.0379299
-0.0372223
-0.0363199
-0.0356469
-0.0354582
-0.0356606
-0.0359854
-0.0361352
-0.035373
-0.0326511
-0.0266156
-0.0219846
-0.0228873
-0.0251891
-0.0281376
-0.0296185
-0.0269334
-0.0227453
-0.0166002
-0.00705158
0.00429381
0.0167188
0.0291733
0.0423217
0.0571113
0.0684695
0.0722982
0.0731226
0.0735522
0.0738719
0.0730676
0.0698909
0.0619958
0.0517262
0.0434665
0.0352317
0.0284374
0.0248125
0.0232846
0.0228237
0.0226233
0.0223798
0.0221366
0.0218776
0.0216363
0.0213806
0.021136
0.0208769
0.0206356
0.0203626
0.0200812
0.019729
0.019353
0.018952
0.0185917
0.018213
0.0178657
0.0175242
0.017206
0.0168891
0.0165947
0.0162832
0.0159594
0.0155867
0.0151352
0.0147332
0.014244
0.0138429
0.0133627
0.0129434
0.0125198
0.0120918
0.0117211
0.0112776
0.010908
0.0104719
0.0101134
0.00967802
0.00932373
0.0088741
0.00852096
0.00807973
0.00769182
0.00725876
0.00684506
0.00641952
0.00599198
0.00557543
0.0051588
0.00480735
0.00473073
0.00575625
0.00999921
0.012002
0.00614684
-0.00349682
-0.0161825
-0.0279837
-0.0339278
-0.0370948
-0.038188
-0.0373415
-0.0363784
-0.0356719
-0.0354682
-0.0356647
-0.035987
-0.0361349
-0.0353704
-0.0326451
-0.0263568
-0.0216519
-0.0227577
-0.0250677
-0.0281735
-0.0297423
-0.0269544
-0.0229388
-0.0168561
-0.00716813
0.00423753
0.0166949
0.0291648
0.0423225
0.0573642
0.0687998
0.0724205
0.0731643
0.0735698
0.0738805
0.0730699
0.0699597
0.0619353
0.051589
0.0434408
0.0350363
0.0281815
0.0246965
0.0232288
0.0228002
0.022614
0.0223764
0.0221354
0.0218773
0.0216363
0.0213807
0.0211361
0.0208771
0.0206357
0.0203628
0.0200812
0.0197291
0.0193532
0.0189522
0.0185918
0.0182131
0.0178658
0.0175243
0.0172061
0.0168892
0.0165947
0.0162832
0.0159594
0.0155866
0.0151352
0.0147331
0.0142441
0.0138428
0.0133627
0.0129433
0.0125198
0.0120918
0.011721
0.0112776
0.0109079
0.010472
0.0101133
0.00967807
0.00932363
0.00887417
0.00852086
0.00807976
0.00769177
0.00725877
0.00684504
0.00641951
0.00599199
0.00557542
0.00515888
0.00480772
0.00473216
0.00576905
)
;

boundaryField
{
    inlet
    {
        type            cyclic;
    }
    outlet
    {
        type            cyclic;
    }
    bottomWall
    {
        type            zeroGradient;
    }
    topWall
    {
        type            zeroGradient;
    }
    frontAndBack
    {
        type            empty;
    }
}


// ************************************************************************* //
