/*--------------------------------*- C++ -*----------------------------------*\
  =========                 |
  \\      /  F ield         | OpenFOAM: The Open Source CFD Toolbox
   \\    /   O peration     | Website:  https://openfoam.org
    \\  /    A nd           | Version:  11
     \\/     M anipulation  |
\*---------------------------------------------------------------------------*/
FoamFile
{
    format      ascii;
    class       volVectorField;
    location    "500";
    object      wallShearStress;
}
// * * * * * * * * * * * * * * * * * * * * * * * * * * * * * * * * * * * * * //

dimensions      [0 2 -2 0 0 0 0];

internalField   uniform (0 0 0);

boundaryField
{
    inlet
    {
        type            cyclic;
    }
    outlet
    {
        type            cyclic;
    }
    bottomWall
    {
        type            calculated;
        value           nonuniform List<vector> 
100
(
(-0.302985 -0.000121322 0)
(-0.303113 3.04222e-05 0)
(-0.302039 4.69055e-05 0)
(-0.302144 -1.31478e-05 0)
(-0.302036 -1.5101e-05 0)
(-0.303105 -6.13973e-05 0)
(-0.303088 -4.69302e-05 0)
(-0.303331 6.69358e-05 0)
(-0.302114 0.000120128 0)
(-0.301735 4.82599e-05 0)
(-0.30162 2.04665e-05 0)
(-0.301584 9.10942e-06 0)
(-0.301572 3.17863e-06 0)
(-0.301552 -5.78901e-05 0)
(-0.301987 -5.721e-05 0)
(-0.301972 -3.81519e-05 0)
(-0.303087 -5.50642e-05 0)
(-0.303501 -2.66697e-05 0)
(-0.303599 -2.11508e-05 0)
(-0.303128 -2.6658e-05 0)
(-0.303332 -1.71878e-05 0)
(-0.303407 -7.04304e-06 0)
(-0.303439 -2.59156e-06 0)
(-0.303455 -8.39322e-07 0)
(-0.303463 -6.67225e-08 0)
(-0.303465 -4.01116e-08 0)
(-0.303463 -9.55831e-08 0)
(-0.303459 -9.9287e-08 0)
(-0.303456 1.00367e-08 0)
(-0.303453 5.16141e-08 0)
(-0.303453 4.22245e-08 0)
(-0.303453 -3.18126e-08 0)
(-0.303453 -2.51342e-07 0)
(-0.303453 -5.34109e-07 0)
(-0.30345 -6.7821e-07 0)
(-0.303447 -5.78243e-07 0)
(-0.303444 -3.26221e-07 0)
(-0.303442 -2.46422e-07 0)
(-0.303444 9.16005e-05 0)
(-0.302148 0.0001308 0)
(-0.301746 5.4237e-05 0)
(-0.301627 2.29882e-05 0)
(-0.301593 1.03768e-05 0)
(-0.301583 4.53565e-06 0)
(-0.301578 1.81302e-06 0)
(-0.301574 7.38487e-07 0)
(-0.301571 3.46433e-07 0)
(-0.30157 2.42209e-07 0)
(-0.301571 1.75941e-07 0)
(-0.301571 1.34218e-07 0)
(-0.301572 7.60434e-08 0)
(-0.301573 6.95276e-08 0)
(-0.301574 3.27934e-08 0)
(-0.301575 4.54893e-08 0)
(-0.301576 2.12152e-08 0)
(-0.301577 4.508e-08 0)
(-0.301578 2.21755e-08 0)
(-0.301579 4.13624e-08 0)
(-0.301579 2.39627e-08 0)
(-0.301579 3.35218e-08 0)
(-0.30158 2.12442e-08 0)
(-0.30158 2.57854e-08 0)
(-0.30158 7.35006e-09 0)
(-0.301581 1.59446e-08 0)
(-0.301581 -5.41982e-09 0)
(-0.301582 1.15395e-08 0)
(-0.301582 -1.01586e-08 0)
(-0.301582 1.35768e-08 0)
(-0.301582 -8.52275e-09 0)
(-0.301582 1.17577e-08 0)
(-0.301582 -5.18896e-09 0)
(-0.301582 4.35899e-09 0)
(-0.301581 -2.7467e-09 0)
(-0.301581 2.43579e-09 0)
(-0.301581 -4.43012e-09 0)
(-0.301581 2.35431e-09 0)
(-0.301581 -6.12459e-09 0)
(-0.301581 2.91073e-09 0)
(-0.30158 -4.93915e-09 0)
(-0.30158 5.42528e-09 0)
(-0.30158 -5.8203e-09 0)
(-0.30158 2.8928e-09 0)
(-0.30158 -5.5931e-09 0)
(-0.30158 3.37982e-09 0)
(-0.30158 -5.17252e-09 0)
(-0.30158 4.83268e-09 0)
(-0.30158 -6.90534e-09 0)
(-0.30158 2.84633e-09 0)
(-0.30158 -6.4325e-09 0)
(-0.30158 2.85159e-09 0)
(-0.30158 -6.2333e-09 0)
(-0.30158 2.70147e-09 0)
(-0.30158 -6.38254e-09 0)
(-0.30158 1.60682e-09 0)
(-0.30158 -6.75037e-09 0)
(-0.30158 -1.45284e-09 0)
(-0.30158 -2.96361e-08 0)
(-0.30158 -8.88148e-08 0)
(-0.301578 -5.02737e-07 0)
(-0.301557 -8.55802e-05 0)
)
;
    }
    topWall
    {
        type            calculated;
        value           nonuniform List<vector> 
100
(
(-0.303386 -9.28802e-05 0)
(-0.302101 -0.000127121 0)
(-0.301728 7.4577e-06 0)
(-0.302057 3.51591e-05 0)
(-0.302011 2.93742e-05 0)
(-0.303034 5.01111e-05 0)
(-0.303439 2.42633e-05 0)
(-0.303527 1.98556e-05 0)
(-0.303109 2.60284e-05 0)
(-0.303298 1.72333e-05 0)
(-0.30336 7.27375e-06 0)
(-0.303381 2.95883e-06 0)
(-0.303391 1.12851e-06 0)
(-0.303398 2.08272e-07 0)
(-0.303405 -2.64439e-07 0)
(-0.303413 -4.60758e-07 0)
(-0.303418 -5.53623e-07 0)
(-0.303422 -3.55556e-07 0)
(-0.303422 -9.1012e-05 0)
(-0.302127 -0.000128251 0)
(-0.301729 6.86417e-06 0)
(-0.302045 3.4811e-05 0)
(-0.301993 2.88689e-05 0)
(-0.303024 4.99094e-05 0)
(-0.303428 2.40568e-05 0)
(-0.303516 1.96139e-05 0)
(-0.303103 2.5669e-05 0)
(-0.303296 1.67754e-05 0)
(-0.303361 6.83982e-06 0)
(-0.303386 2.63059e-06 0)
(-0.303396 1.03138e-06 0)
(-0.3034 2.9177e-07 0)
(-0.303401 -9.0465e-05 0)
(-0.302114 -0.000128779 0)
(-0.301736 -5.18938e-05 0)
(-0.301629 -2.11359e-05 0)
(-0.3016 -9.13034e-06 0)
(-0.301591 -3.16499e-06 0)
(-0.301573 5.76997e-05 0)
(-0.302003 5.66734e-05 0)
(-0.301982 3.76256e-05 0)
(-0.303017 5.42335e-05 0)
(-0.303421 2.59737e-05 0)
(-0.30351 2.04426e-05 0)
(-0.303093 2.60489e-05 0)
(-0.303285 1.69013e-05 0)
(-0.30335 6.83962e-06 0)
(-0.303374 2.64512e-06 0)
(-0.303385 1.04966e-06 0)
(-0.30339 3.95693e-07 0)
(-0.303393 1.31611e-07 0)
(-0.303395 3.50185e-08 0)
(-0.303396 -9.56375e-09 0)
(-0.303397 -1.58362e-08 0)
(-0.303398 -2.5917e-08 0)
(-0.303398 -2.44743e-08 0)
(-0.303399 -2.07193e-08 0)
(-0.303399 -8.48798e-09 0)
(-0.3034 -2.53416e-12 0)
(-0.3034 3.81246e-09 0)
(-0.3034 -7.07549e-09 0)
(-0.303401 -1.29402e-08 0)
(-0.303401 -2.24426e-08 0)
(-0.303401 -1.8795e-08 0)
(-0.303402 -2.33132e-08 0)
(-0.303402 -1.43065e-08 0)
(-0.303402 -1.60717e-08 0)
(-0.303403 -1.07354e-08 0)
(-0.303403 -4.83724e-09 0)
(-0.303403 7.75449e-09 0)
(-0.303403 1.81896e-08 0)
(-0.303403 1.85087e-08 0)
(-0.303402 1.7567e-08 0)
(-0.303402 3.48295e-09 0)
(-0.303402 1.13713e-08 0)
(-0.303402 8.66758e-10 0)
(-0.303402 7.95372e-09 0)
(-0.303402 4.03063e-09 0)
(-0.303401 4.03763e-09 0)
(-0.303401 8.06524e-09 0)
(-0.303401 1.39538e-11 0)
(-0.303401 9.28931e-09 0)
(-0.303401 5.98827e-10 0)
(-0.303401 7.54694e-09 0)
(-0.303401 -8.85303e-10 0)
(-0.303401 8.42391e-09 0)
(-0.303401 -2.99731e-09 0)
(-0.3034 8.92122e-09 0)
(-0.3034 -3.24573e-09 0)
(-0.3034 5.52416e-09 0)
(-0.3034 -8.27355e-10 0)
(-0.3034 2.67026e-09 0)
(-0.3034 7.11401e-10 0)
(-0.3034 1.26183e-09 0)
(-0.3034 -2.74651e-12 0)
(-0.3034 -4.39907e-09 0)
(-0.3034 -1.81086e-08 0)
(-0.3034 -6.11358e-08 0)
(-0.303401 -1.80844e-07 0)
(-0.303403 -2.34357e-06 0)
)
;
    }
    frontAndBack
    {
        type            empty;
    }
}


// ************************************************************************* //
