0.0505 	0.02020294321 	0.1497966599 	2.908051809e-12 	-4.332458488e-41
0.0515 	0.02015797813 	0.1497970787 	2.909853222e-12 	-4.624135522e-41
0.0525 	0.02011301358 	0.1497974858 	2.907737567e-12 	-3.637396782e-41
0.0535 	0.02006804955 	0.1497978813 	2.901917046e-12 	-2.705503096e-41
0.0545 	0.02002308602 	0.1497982659 	2.892653877e-12 	-1.773859475e-41
0.0555 	0.01997812298 	0.1497986397 	2.880197795e-12 	-2.688466615e-41
0.0565 	0.01993316044 	0.149799003 	2.864761049e-12 	-3.602823726e-41
0.0575 	0.01988819837 	0.1497993561 	2.846568401e-12 	-3.303502308e-41
0.0585 	0.01984323676 	0.1497996995 	2.825819625e-12 	-8.419836606e-42
0.0595 	0.01979827561 	0.1498000333 	2.802714506e-12 	1.037178077e-41
0.0605 	0.01975331491 	0.1498003578 	2.77747784e-12 	7.449279465e-42
0.0615 	0.01970835465 	0.1498006733 	2.750309431e-12 	3.127318468e-41
0.0625 	0.01966339482 	0.1498009801 	2.721359093e-12 	3.030715337e-41
0.0635 	0.0196184354 	0.1498012783 	2.690789147e-12 	5.396523238e-42
0.0645 	0.0195734764 	0.1498015683 	2.658799422e-12 	1.43756839e-41
0.0655 	0.01952851779 	0.1498018503 	2.625564756e-12 	-5.918093878e-42
0.0665 	0.01948355958 	0.1498021244 	2.591234989e-12 	-3.125621225e-41
0.0675 	0.01943860175 	0.149802391 	2.555934972e-12 	-3.89673586e-42
0.06837031484 	0.01939947458 	0.1498026171 	2.524527041e-12 	1.791205488e-41
0.06887031484 	0.01937699594 	0.1498027449 	2.506261717e-12 	1.57751837e-41
0.06911982453 	0.01936577871 	0.1498028078 	2.497075599e-12 	1.947380542e-41
0.06961982453 	0.01934330025 	0.1498029321 	2.478512473e-12 	3.722001534e-41
0.07041146094 	0.01930771086 	0.149803126 	2.448918003e-12 	5.068601356e-41
0.07091146094 	0.01928523258 	0.1498032469 	2.430107008e-12 	5.065277946e-41
0.07108180699 	0.01927757444 	0.1498032875 	2.423661776e-12 	5.02086128e-41
0.07158180699 	0.01925509632 	0.149803405 	2.404627849e-12 	4.75298585e-41
0.07245260703 	0.0192159486 	0.1498036067 	2.371314974e-12 	7.220702823e-41
0.07295260703 	0.01919347065 	0.1498037209 	2.352100554e-12 	1.019432459e-40
0.07304378944 	0.01918937148 	0.1498037415 	2.348586509e-12 	1.039841901e-40
0.07354378944 	0.0191668937 	0.1498038526 	2.329257785e-12 	9.510498225e-41
0.07449375312 	0.01912418771 	0.1498040607 	2.292467353e-12 	8.684783123e-41
0.07499375312 	0.01910171008 	0.1498041688 	2.273070518e-12 	8.669028895e-41
0.07500577189 	0.01910116978 	0.1498041714 	2.272603912e-12 	8.659794055e-41
0.07550577189 	0.01907869231 	0.1498042764 	2.253176411e-12 	7.876861411e-41
0.0765 	0.01903399701 	0.1498044825 	2.214543707e-12 	2.710646649e-41
0.0775 	0.01898904253 	0.1498046841 	2.175721495e-12 	-1.681329918e-41
0.0785 	0.01894408834 	0.1498048801 	2.136998941e-12 	-2.548251273e-41
0.0795 	0.01889913443 	0.1498050708 	2.098432195e-12 	-3.41504747e-41
0.0805 	0.0188541808 	0.1498052562 	2.060069912e-12 	-2.540401315e-41
0.0815 	0.01880922744 	0.1498054365 	2.02193325e-12 	-1.666005391e-41
0.0825 	0.01876427434 	0.1498056118 	1.98406337e-12 	-2.524617733e-41
0.0835 	0.0187193215 	0.1498057823 	1.946528935e-12 	-5.422440815e-41
0.0845 	0.0186743689 	0.1498059482 	1.90936486e-12 	-5.817215414e-41
0.0855 	0.01862941656 	0.1498061095 	1.872588564e-12 	-6.014079915e-41
0.0865 	0.01858446444 	0.1498062663 	1.836227469e-12 	-9.188719823e-41
0.0875 	0.01853951256 	0.1498064189 	1.800310248e-12 	-8.282278561e-41
0.08840696318 	0.01849874305 	0.1498065537 	1.768132419e-12 	-3.764455242e-41
0.08890696318 	0.01847626728 	0.1498066268 	1.750521962e-12 	-9.658920752e-42
0.08908596275 	0.01846822099 	0.1498066527 	1.74425826e-12 	-1.709484703e-43
0.08958596275 	0.01844574532 	0.1498067238 	1.726885274e-12 	2.472695291e-41
0.09044810928 	0.01840699079 	0.1498068448 	1.697141951e-12 	4.527109383e-41
0.09094810928 	0.01838451523 	0.149806914 	1.680006401e-12 	4.518944393e-41
0.09104794521 	0.0183800275 	0.1498069276 	1.676608398e-12 	4.517641699e-41
0.09154794521 	0.01835755204 	0.1498069949 	1.659717753e-12 	4.512893378e-41
0.09248925537 	0.01831523938 	0.1498071198 	1.628168474e-12 	1.512334206e-41
0.09298925537 	0.01829276402 	0.1498071852 	1.611532699e-12 	-1.549733509e-41
0.09300992766 	0.01829183479 	0.1498071879 	1.61084991e-12 	-1.609435353e-41
0.09350992766 	0.01826935953 	0.1498072516 	1.594466475e-12 	-1.302227396e-41
0.0945 	0.01822485535 	0.1498073759 	1.562282213e-12 	-1.570851044e-42
0.0955 	0.01817990511 	0.1498074981 	1.530290991e-12 	-4.625708788e-42
0.0965 	0.01813495505 	0.1498076169 	1.49883055e-12 	-1.607384524e-41
0.0975 	0.01809000516 	0.1498077324 	1.467893332e-12 	-2.434058174e-41
0.0985 	0.01804505545 	0.1498078448 	1.437461784e-12 	-3.261981879e-41
0.0995 	0.0180001059 	0.149807954 	1.40754335e-12 	-2.426458948e-41
0.1005 	0.01795515652 	0.1498080603 	1.378149231e-12 	-8.047131616e-42
0.1015 	0.0179102073 	0.1498081637 	1.349291874e-12 	1.113188074e-41
0.1025 	0.01786525823 	0.1498082642 	1.320981232e-12 	1.458643629e-41
0.1035 	0.01782030931 	0.149808362 	1.293211006e-12 	-4.51658455e-42
0.1045 	0.01777536053 	0.1498084572 	1.2659699e-12 	-2.39226506e-41
0.1055 	0.0177304119 	0.1498085497 	1.239251621e-12 	-5.136361255e-41
0.1065 	0.0176854634 	0.1498086396 	1.213052373e-12 	-7.060338413e-41
0.1075 	0.01764051504 	0.1498087271 	1.187370864e-12 	-2.477895962e-41
0.1085 	0.01759556682 	0.1498088122 	1.162208304e-12 	3.648910744e-41
0.1095 	0.01755061872 	0.149808895 	1.137563402e-12 	2.583735576e-41
0.1105 	0.01750567074 	0.1498089756 	1.11342112e-12 	-1.037723665e-42
0.1115 	0.01746072288 	0.1498090539 	1.089760169e-12 	-1.15954713e-42
0.1125 	0.01741577514 	0.14980913 	1.066578013e-12 	-5.419783995e-43
0.1135 	0.01737082752 	0.1498092041 	1.043888367e-12 	-1.020930736e-42
0.1145 	0.01732588 	0.1498092761 	1.021694944e-12 	-1.177587677e-42
0.1155 	0.0172809326 	0.1498093462 	9.999802129e-13 	-2.256972616e-43
0.1165 	0.01723598529 	0.1498094144 	9.787291396e-13 	4.88625682e-43
0.1175 	0.0171910381 	0.1498094807 	9.579366919e-13 	6.021879057e-43
0.1185 	0.017146091 	0.1498095452 	9.376003394e-13 	4.866116091e-43
0.1195 	0.017101144 	0.1498096079 	9.177150521e-13 	3.7116031e-43
0.1205 	0.01705619709 	0.1498096689 	8.982595502e-13 	6.878228941e-43
0.1215 	0.01701125027 	0.1498097282 	8.792238055e-13 	1.004360521e-42
0.1225 	0.01696630354 	0.1498097859 	8.606177903e-13 	4.692385885e-43
0.1235 	0.0169213569 	0.149809842 	8.424327277e-13 	-6.588332462e-44
0.1245 	0.01687641035 	0.1498098966 	8.246510913e-13 	-7.351051963e-42
0.1255 	0.01683146387 	0.1498099497 	8.072628558e-13 	-1.51645253e-41
0.1265 	0.01678651748 	0.1498100014 	7.902617467e-13 	-7.880511941e-42
0.1275 	0.01674157116 	0.1498100516 	7.736402397e-13 	4.601106322e-43
0.1285 	0.01669662492 	0.1498101005 	7.573858114e-13 	9.858410754e-43
0.1295 	0.01665167875 	0.149810148 	7.414909391e-13 	6.732120269e-43
0.1305 	0.01660673266 	0.1498101942 	7.259468505e-13 	3.604579874e-43
0.1315 	0.01656178663 	0.1498102391 	7.107460244e-13 	5.620857362e-43
0.1325 	0.01651684067 	0.1498102829 	6.958896898e-13 	7.637134913e-43
0.1335 	0.01647189478 	0.1498103254 	6.813765762e-13 	5.601966913e-43
0.1345 	0.01642694895 	0.1498103668 	6.671979139e-13 	-2.114583814e-43
0.1355 	0.01638200318 	0.149810407 	6.533461837e-13 	-1.111719451e-42
0.1365 	0.01633705748 	0.1498104461 	6.398176171e-13 	-9.62473961e-43
0.1375 	0.01629211183 	0.1498104842 	6.265971955e-13 	-5.06357177e-43
0.1385 	0.01624716624 	0.1498105212 	6.136724014e-13 	-1.075799596e-42
0.1395 	0.0162022207 	0.1498105571 	6.010332176e-13 	6.366778432e-42
0.1404356155 	0.01616016901 	0.14981059 	5.89454601e-13 	1.434928555e-41
0.1409356155 	0.01613769628 	0.1498106072 	5.833392023e-13 	1.434284473e-41
0.1415 	0.01611232979 	0.1498106263 	5.765653648e-13 	6.572814854e-42
0.1425 	0.01606738442 	0.1498106594 	5.647116634e-13 	-1.194175422e-42
0.1435 	0.01602243909 	0.1498106916 	5.530997582e-13 	-1.190920474e-42
0.1440647773 	0.01599705501 	0.1498107095 	5.466245919e-13 	-1.189589401e-42
0.1445647773 	0.01597458239 	0.149810725 	5.409852857e-13 	-1.187379137e-42
0.1455 	0.01593254859 	0.1498107534 	5.305337767e-13 	6.516559879e-42
0.1465 	0.0158876034 	0.1498107831 	5.195546717e-13 	1.42209095e-41
0.1475 	0.01584265826 	0.1498108119 	5.087823054e-13 	6.523568894e-42
0.1485 	0.01579771317 	0.14981084 	4.982029144e-13 	-1.173895816e-42
0.1495 	0.01575276811 	0.1498108673 	4.878014857e-13 	5.061203366e-41
0.1505 	0.0157078231 	0.1498108938 	4.775642567e-13 	1.030163424e-40
0.1515 	0.01566287813 	0.1498109196 	4.674887148e-13 	5.218871609e-41
0.1525 	0.01561793319 	0.1498109447 	4.575748484e-13 	5.397292616e-43
0.1535 	0.0155729883 	0.1498109691 	4.478113957e-13 	4.292499781e-43
0.1545 	0.01552804344 	0.1498109928 	4.381855953e-13 	7.17615443e-43
0.1555 	0.01548309861 	0.1498110159 	4.286934362e-13 	6.26156759e-43
0.1565 	0.01543815382 	0.1498110384 	4.193400328e-13 	3.352756783e-43
0.1575 	0.01539320907 	0.1498110603 	4.101256245e-13 	6.207584742e-43
0.1585 	0.01534826435 	0.1498110815 	4.010373264e-13 	1.600657335e-41
0.1593059304 	0.01531204205 	0.1498110982 	3.937962379e-13 	3.121428346e-41
0.1598059304 	0.01528956972 	0.1498111084 	3.893407254e-13 	3.139198335e-41
0.1605 	0.015258375 	0.1498111223 	3.832255213e-13 	1.618077601e-41
0.1615 	0.01521343037 	0.1498111419 	3.745226202e-13 	8.982188761e-43
0.1625 	0.01516848577 	0.1498111609 	3.659500415e-13 	8.955572667e-43
0.1635 	0.0151235412 	0.1498111794 	3.574986512e-13 	8.92895661e-43
0.1645 	0.01507859665 	0.1498111974 	3.491611906e-13 	8.902465109e-43
0.1655 	0.01503365214 	0.1498112149 	3.409320266e-13 	8.875973634e-43
0.1665 	0.01498870765 	0.1498112319 	3.32816151e-13 	8.849482561e-43
0.1675 	0.01494376318 	0.1498112485 	3.248243058e-13 	1.194298041e-43
0.1685 	0.01489881875 	0.1498112646 	3.169609835e-13 	-8.75847466e-43
0.1692165992 	0.01486661161 	0.1498112758 	3.11395868e-13 	-1.091296731e-42
0.1697165992 	0.01484413941 	0.1498112836 	3.075515925e-13 	-1.057637313e-42
0.1705 	0.01480892994 	0.1498112955 	3.015916276e-13 	3.562571747e-43
0.1715 	0.01476398557 	0.1498113103 	2.940970796e-13 	2.302897589e-42
0.1725 	0.01471904123 	0.1498113247 	2.867347758e-13 	1.587363999e-42
0.1735 	0.0146740969 	0.1498113387 	2.795004596e-13 	3.185316981e-43
0.1745 	0.0146291526 	0.1498113523 	2.723914992e-13 	5.896314128e-43
0.1755 	0.01458420832 	0.1498113656 	2.654015135e-13 	7.678382055e-43
0.1765 	0.01453926406 	0.1498113785 	2.585209963e-13 	4.015815436e-43
0.1775 	0.01449431981 	0.149811391 	2.517473167e-13 	1.751775688e-43
0.1785 	0.01444937559 	0.1498114032 	2.450815937e-13 	4.43957559e-43
0.1795 	0.01440443139 	0.1498114151 	2.385238218e-13 	9.649266241e-43
0.1805 	0.0143594872 	0.1498114267 	2.320789953e-13 	1.376000817e-42
0.1815 	0.01431454303 	0.1498114379 	2.257499842e-13 	6.035234683e-43
0.1825 	0.01426959888 	0.1498114488 	2.19526408e-13 	-3.97926328e-43
0.1835 	0.01422465474 	0.1498114594 	2.134008867e-13 	1.16963734e-43
0.1845 	0.01417971062 	0.1498114697 	2.073765405e-13 	4.372134462e-43
0.1855 	0.01413476651 	0.1498114798 	2.014532394e-13 	1.257760555e-43
0.1865 	0.01408982242 	0.1498114896 	1.956304789e-13 	4.775589711e-43
0.1875 	0.01404487835 	0.1498114991 	1.899111295e-13 	8.292168302e-43
0.1885 	0.01399993429 	0.1498115084 	1.842910616e-13 	8.265176868e-43
0.1895 	0.01395499024 	0.1498115174 	1.787621462e-13 	5.641527145e-43
0.1905 	0.01391004621 	0.1498115261 	1.733237538e-13 	3.019127574e-43
0.1915 	0.01386510219 	0.1498115346 	1.679782556e-13 	5.590045262e-43
0.1925 	0.01382015818 	0.1498115429 	1.627285226e-13 	6.941582952e-44
0.1935 	0.01377521418 	0.1498115509 	1.575810509e-13 	-6.797137297e-43
0.1945 	0.0137302702 	0.1498115588 	1.525413368e-13 	6.426761374e-44
0.1955 	0.01368532623 	0.1498115664 	1.476157517e-13 	3.787801698e-43
0.1965 	0.01364038227 	0.1498115738 	1.42806042e-13 	-5.313769638e-44
0.1975 	0.01359543832 	0.149811581 	1.381009543e-13 	3.73631973e-43
0.1985 	0.01355049439 	0.149811588 	1.335018604e-13 	8.002766272e-43
0.1995 	0.01350555046 	0.1498115948 	1.290258819e-13 	5.462472351e-43
0.2005 	0.01346060654 	0.1498116014 	1.246802656e-13 	2.063446756e-43
0.2015 	0.01341566264 	0.1498116079 	1.204645085e-13 	3.692276919e-43
0.2025 	0.01337071874 	0.1498116141 	1.163806077e-13 	1.428665591e-42
0.2035 	0.01332577485 	0.1498116203 	1.124330601e-13 	2.236523209e-42
0.2045 	0.01328083098 	0.1498116262 	1.086228631e-13 	1.508890554e-42
0.2055 	0.01323588711 	0.1498116319 	1.049472637e-13 	5.35253948e-43
0.2065 	0.01319094325 	0.1498116376 	1.014031345e-13 	1.181765351e-43
0.2075 	0.01314599939 	0.149811643 	9.799434765e-14 	3.611673272e-43
0.2085 	0.01310105555 	0.1498116483 	9.473790077e-14 	9.407818171e-43
0.2095 	0.01305611171 	0.1498116535 	9.163841632e-14 	9.387717544e-43
0.2105 	0.01301116789 	0.1498116585 	8.867826696e-14 	3.603831563e-43
0.2115 	0.01296622407 	0.1498116634 	8.584820036e-14 	-5.452504262e-42
0.2123168204 	0.01292951305 	0.1498116673 	8.363246873e-14 	-1.082031867e-41
0.2128168204 	0.01290704114 	0.1498116696 	8.231680801e-14 	-1.076394714e-41
0.2135 	0.01287633645 	0.1498116728 	8.058618142e-14 	-5.848894055e-42
0.2145 	0.01283139265 	0.1498116773 	7.816122472e-14 	5.332250204e-41
0.2151567035 	0.0128018779 	0.1498116802 	7.663789425e-14 	1.077897525e-40
0.2156567035 	0.01277940601 	0.1498116823 	7.553072118e-14 	1.083968081e-40
0.2165 	0.01274150507 	0.1498116859 	7.373128143e-14 	5.470816883e-41
0.2175 	0.01269656129 	0.1498116901 	7.172054088e-14 	6.749979167e-43
0.2185 	0.01265161752 	0.1498116941 	6.983661847e-14 	4.243588493e-43
0.2195 	0.01260667375 	0.149811698 	6.807513731e-14 	-4.171512882e-43
0.2205 	0.01256172999 	0.1498117018 	6.645184565e-14 	-9.334192522e-43
0.2215 	0.01251678624 	0.1498117055 	6.497386668e-14 	-1.082974885e-42
0.2225 	0.01247184249 	0.1498117091 	6.363219869e-14 	-1.080240296e-42
0.2235 	0.01242689874 	0.1498117126 	6.242659001e-14 	-9.234046352e-43
0.2245 	0.012381955 	0.149811716 	6.136491403e-14 	-9.201497926e-43
0.2255 	0.01233701127 	0.1498117193 	6.045116917e-14 	-9.168949632e-43
0.2265 	0.01229206754 	0.1498117225 	5.968510388e-14 	-9.135150883e-43
0.2275 	0.01224712382 	0.1498117257 	5.906771669e-14 	4.533580541e-42
0.2285 	0.0122021801 	0.1498117287 	5.859850613e-14 	1.008438597e-41
0.2295 	0.01215723638 	0.1498117317 	5.827134578e-14 	5.225965466e-42
0.2305 	0.01211229267 	0.1498117346 	5.809448427e-14 	4.883607359e-43
0.2315 	0.01206734897 	0.1498117374 	5.808667028e-14 	7.127062929e-43
0.2325 	0.01202240527 	0.1498117401 	5.824702751e-14 	4.863592258e-43
0.2335 	0.01197746157 	0.1498117428 	5.855642969e-14 	-2.659300464e-44
0.2345 	0.01193251788 	0.1498117453 	5.900762557e-14 	-9.224929347e-44
0.2355 	0.01188757419 	0.1498117478 	5.961098897e-14 	4.153047547e-43
0.2365 	0.0118426305 	0.1498117503 	6.035664372e-14 	5.940839292e-44
0.2375 	0.01179768682 	0.1498117527 	6.122117622e-14 	-5.829682866e-43
0.2385 	0.01175274314 	0.149811755 	6.220637284e-14 	-1.433782179e-44
0.2395 	0.01170779947 	0.1498117572 	6.332587002e-14 	4.047956098e-43
0.2405 	0.01166285579 	0.1498117594 	6.45865667e-14 	3.21322178e-43
0.2415 	0.01161791213 	0.1498117615 	6.598814938e-14 	5.365931627e-43
0.2425 	0.01157296846 	0.1498117636 	6.751794208e-14 	4.681163129e-43
0.2435 	0.0115280248 	0.1498117656 	6.916029383e-14 	2.502672337e-43
0.2445 	0.01148308114 	0.1498117676 	7.090619121e-14 	3.896797135e-43
0.2455 	0.01143813748 	0.1498117695 	7.275639583e-14 	5.290922077e-43
0.2465 	0.01139319383 	0.1498117713 	7.471959427e-14 	3.514223424e-43
0.2475 	0.01134825018 	0.1498117731 	7.680019818e-14 	1.9798114e-43
0.2485 	0.01130330653 	0.1498117749 	7.898901925e-14 	4.076988649e-43
0.2495 	0.01125836289 	0.1498117766 	8.127103166e-14 	5.090763444e-43
0.2505 	0.01121341925 	0.1498117782 	8.363565961e-14 	5.059895975e-43
0.2515 	0.01116847561 	0.1498117798 	8.608146483e-14 	4.036829085e-43
0.2525 	0.01112353197 	0.1498117814 	8.86182716e-14 	1.939993691e-43
0.2535 	0.01107858833 	0.1498117829 	9.124759167e-14 	3.403805084e-43
0.2545 	0.0110336447 	0.1498117844 	9.396118685e-14 	5.104145508e-43
0.2555 	0.01098870107 	0.1498117858 	9.675181893e-14 	3.739829788e-43
0.2565 	0.01094375744 	0.1498117872 	9.961091226e-14 	2.375514226e-43
0.2575 	0.01089881382 	0.1498117886 	1.025300287e-13 	4.391910873e-43
0.2585 	0.01085387019 	0.1498117899 	1.055010926e-13 	5.024760507e-43
0.2595 	0.01080892657 	0.1498117912 	1.085300158e-13 	2.982833334e-43
0.2605 	0.01076398295 	0.1498117925 	1.116346103e-13 	3.709250303e-43
0.2615 	0.01071903933 	0.1498117937 	1.148088005e-13 	-9.030196297e-45
0.2625 	0.01067409571 	0.1498117949 	1.180300982e-13 	-5.274653049e-43
0.2635 	0.0106291521 	0.149811796 	1.212951406e-13 	4.883534208e-44
0.2645 	0.01058420849 	0.1498117972 	1.246077519e-13 	4.901784615e-43
0.2655 	0.01053926488 	0.1498117983 	1.279721942e-13 	1.565684317e-43
0.2665 	0.01049432127 	0.1498117993 	1.313964421e-13 	9.287380579e-44
0.2675 	0.01044937766 	0.1498118004 	1.348761324e-13 	4.210856825e-43
0.2685 	0.01040443405 	0.1498118014 	1.384070397e-13 	6.143398292e-43
0.2695 	0.01035949045 	0.1498118023 	1.419866761e-13 	4.190967064e-43
0.2705 	0.01031454684 	0.1498118033 	1.456067536e-13 	1.581607079e-43
0.2715 	0.01026960324 	0.1498118042 	1.492719967e-13 	2.823127627e-43
0.2725 	0.01022465964 	0.1498118051 	1.529877176e-13 	4.61948231e-43
0.2735 	0.01017971604 	0.149811806 	1.567428658e-13 	7.247992614e-43
0.2745 	0.01013477244 	0.1498118068 	1.605362035e-13 	1.036086946e-42
0.2755 	0.01008982885 	0.1498118077 	1.643927051e-13 	3.727157244e-43
0.2765 	0.01004488525 	0.1498118085 	1.683271329e-13 	-6.058677966e-43
0.2775 	0.009999941656 	0.1498118092 	1.723418115e-13 	-6.481630405e-43
0.2785 	0.009954998063 	0.14981181 	1.764455654e-13 	-9.868771889e-44
0.2795 	0.009910054471 	0.1498118108 	1.806417694e-13 	3.992742079e-43
0.2805 	0.00986511088 	0.1498118115 	1.849251481e-13 	5.043425608e-42
0.2815 	0.00982016729 	0.1498118122 	1.892977761e-13 	9.25151471e-42
0.2825 	0.009775223701 	0.1498118129 	1.937672657e-13 	4.48048788e-42
0.2835 	0.009730280114 	0.1498118135 	1.983254165e-13 	2.09834578e-43
0.2845 	0.009685336527 	0.1498118142 	2.029877033e-13 	5.144882999e-43
0.2855 	0.009640392941 	0.1498118148 	2.077682256e-13 	5.690802445e-43
0.2865 	0.009595449357 	0.1498118154 	2.126687708e-13 	2.660720134e-43
0.2875 	0.009550505773 	0.149811816 	2.17706101e-13 	2.384328382e-44
0.2885 	0.00950556219 	0.1498118166 	2.228812285e-13 	3.220291051e-43
0.2895 	0.009460618608 	0.1498118171 	2.28201853e-13 	4.984059841e-43
0.2905 	0.009415675027 	0.1498118177 	2.336823368e-13 	3.904274519e-43
0.2915 	0.009370731446 	0.1498118182 	2.393315545e-13 	2.68820511e-43
0.2925 	0.009325787867 	0.1498118187 	2.451646685e-13 	2.619127284e-43
0.2935 	0.009280844288 	0.1498118192 	2.51191616e-13 	1.491215004e-44
0.2945 	0.00923590071 	0.1498118197 	2.574195968e-13 	-3.70681268e-43
0.2955 	0.009190957133 	0.1498118202 	2.638558856e-13 	-5.249050053e-44
0.2965 	0.009146013556 	0.1498118207 	2.705073573e-13 	4.36992086e-43
0.2975 	0.00910106998 	0.1498118211 	2.774058115e-13 	4.794195739e-43
0.2985 	0.009056126405 	0.1498118215 	2.845762357e-13 	2.505529212e-43
0.2995 	0.00901118283 	0.149811822 	2.920208046e-13 	1.376043773e-43
0.3005 	0.008966239256 	0.1498118224 	2.997493054e-13 	3.611978456e-43
0.3015 	0.008921295683 	0.1498118228 	3.077763131e-13 	5.268947478e-43
0.3025 	0.00887635211 	0.1498118232 	3.161047025e-13 	2.463486521e-43
0.3035 	0.008831408538 	0.1498118236 	3.247368232e-13 	-4.235431704e-42
0.3045 	0.008786464967 	0.1498118239 	3.336965378e-13 	-8.007355294e-42
0.3055 	0.008741521396 	0.1498118243 	3.430040709e-13 	-3.335311278e-42
0.3065 	0.008696577825 	0.1498118246 	3.52669335e-13 	3.67899635e-43
0.3075 	0.008651634256 	0.149811825 	3.627004673e-13 	-2.411284913e-43
0.3085 	0.008606690686 	0.1498118253 	3.730965178e-13 	6.995203719e-44
0.3095 	0.008561747117 	0.1498118256 	3.838695987e-13 	2.645436885e-43
0.3105 	0.008516803549 	0.1498118259 	3.950560099e-13 	7.597493087e-44
0.3115 	0.008471859981 	0.1498118262 	4.066675263e-13 	-3.742543559e-42
0.3125 	0.008426916413 	0.1498118265 	4.187027227e-13 	-7.560937063e-42
0.3135 	0.008381972846 	0.1498118268 	4.31167124e-13 	-3.743129371e-42
0.3145 	0.00833702928 	0.1498118271 	4.440685925e-13 	7.442826964e-44
0.3155 	0.008292085714 	0.1498118274 	4.574301782e-13 	2.54214629e-43
0.3165 	0.008247142148 	0.1498118276 	4.712712809e-13 	7.095774142e-44
0.3175 	0.008202198583 	0.1498118279 	4.855988504e-13 	4.909992085e-44
0.3185 	0.008157255018 	0.1498118282 	5.004209993e-13 	8.964487112e-43
0.3195 	0.008112311453 	0.1498118284 	5.157479397e-13 	1.056304868e-42
0.3205 	0.008067367889 	0.1498118286 	5.315961567e-13 	5.417385587e-43
0.3215 	0.008022424325 	0.1498118289 	5.479713663e-13 	2.476331229e-43
0.3225 	0.007977480762 	0.1498118291 	5.648630435e-13 	9.679921251e-44
0.3235 	0.007932537198 	0.1498118293 	5.823018106e-13 	2.179367956e-43
0.3245 	0.007887593636 	0.1498118295 	6.003221676e-13 	7.890315721e-44
0.3255 	0.007842650073 	0.1498118297 	6.189147456e-13 	-2.589792596e-43
0.3265 	0.007797706511 	0.1498118299 	6.380668158e-13 	2.44578454e-44
0.3275 	0.007752762949 	0.1498118301 	6.577994992e-13 	4.076938939e-43
0.3285 	0.007707819387 	0.1498118303 	6.781615247e-13 	3.691181059e-43
0.3295 	0.007662875826 	0.1498118305 	6.992084845e-13 	-4.030361686e-44
0.3305 	0.007617932265 	0.1498118307 	7.209424762e-13 	-3.063724744e-43
0.3315 	0.007572988704 	0.1498118309 	7.432909245e-13 	9.333217489e-45
0.3325 	0.007528045144 	0.149811831 	7.662332332e-13 	2.119535259e-43
0.3335 	0.007483101583 	0.1498118312 	7.898377348e-13 	2.139891535e-43
0.3345 	0.007438158023 	0.1498118314 	8.141718215e-13 	3.080242326e-43
0.3355 	0.007393214464 	0.1498118315 	8.39267516e-13 	3.888324723e-43
0.3365 	0.007348270904 	0.1498118317 	8.651188367e-13 	1.675450377e-43
0.3375 	0.007303327345 	0.1498118318 	8.917412325e-13 	-1.477754966e-43
0.3385 	0.007258383786 	0.149811832 	9.191608082e-13 	1.154560879e-43
0.3395 	0.007213440227 	0.1498118321 	9.4734071e-13 	2.461079867e-43
0.3405 	0.007168496668 	0.1498118322 	9.762755829e-13 	6.393764883e-44
0.3415 	0.00712355311 	0.1498118324 	1.005985412e-12 	-8.1927056e-45
0.3425 	0.007078609552 	0.1498118325 	1.036384434e-12 	-6.67773744e-43
0.3435 	0.007033665994 	0.1498118326 	1.06739892e-12 	-1.008521002e-42
0.3445 	0.006988722436 	0.1498118327 	1.099210611e-12 	-4.061036203e-43
0.3455 	0.006943778878 	0.1498118329 	1.132157202e-12 	-1.817578179e-43
0.3465 	0.006898835321 	0.149811833 	1.166340524e-12 	-6.901816178e-44
0.3475 	0.006853891763 	0.1498118331 	1.201535068e-12 	1.434417732e-44
0.3485 	0.006808948206 	0.1498118332 	1.237550832e-12 	-4.155096376e-43
0.3495 	0.006764004649 	0.1498118333 	1.274403407e-12 	-2.173219847e-43
0.3505 	0.006719061092 	0.1498118334 	1.312037068e-12 	4.562057849e-43
0.3515 	0.006674117536 	0.1498118335 	1.350260441e-12 	4.769587933e-43
0.3525 	0.006629173979 	0.1498118336 	1.38914934e-12 	2.991324114e-43
0.3535 	0.006584230423 	0.1498118337 	1.429117572e-12 	1.822225636e-43
0.3545 	0.006539286867 	0.1498118338 	1.470417176e-12 	-1.167758792e-43
0.3555 	0.00649434331 	0.1498118339 	1.513038483e-12 	-3.421411068e-42
0.3565 	0.006449399754 	0.149811834 	1.557115179e-12 	-6.413770612e-42
0.3575 	0.006404456199 	0.1498118341 	1.603041895e-12 	-3.069491488e-42
0.3585 	0.006359512643 	0.1498118341 	1.650711758e-12 	4.937708436e-45
0.3595 	0.006314569087 	0.1498118342 	1.698831737e-12 	-3.329894492e-43
0.3605 	0.006269625532 	0.1498118343 	1.74607067e-12 	-3.733420739e-43
0.3615 	0.006224681977 	0.1498118344 	1.792985164e-12 	7.804209716e-46
0.3625 	0.006179738421 	0.1498118344 	1.842195191e-12 	2.196832117e-43
0.3635 	0.006134794866 	0.1498118345 	1.896285149e-12 	4.926144837e-44
0.3645 	0.006089851311 	0.1498118346 	1.955690818e-12 	-2.100841401e-43
0.3655 	0.006044907757 	0.1498118347 	2.018595968e-12 	-7.998647136e-44
0.3665 	0.005999964202 	0.1498118347 	2.082064375e-12 	2.032801345e-43
0.3675 	0.005955020647 	0.1498118348 	2.143611026e-12 	2.195166829e-44
0.3685 	0.005910077092 	0.1498118349 	2.202584959e-12 	-3.914372793e-43
0.3695 	0.005865133538 	0.1498118349 	2.260165615e-12 	-3.353282665e-43
0.3705 	0.005820189984 	0.149811835 	2.318560194e-12 	-1.188337537e-43
0.3715 	0.005775246429 	0.149811835 	2.380096019e-12 	-2.065693789e-43
0.3725 	0.005730302875 	0.1498118351 	2.446318183e-12 	-2.822342303e-43
0.3735 	0.005685359321 	0.1498118351 	2.517843414e-12 	-1.746086357e-43
0.3745 	0.005640415767 	0.1498118352 	2.594232539e-12 	6.55319203e-44
0.3755 	0.005595472213 	0.1498118352 	2.673984563e-12 	2.525043288e-43
0.3765 	0.005550528659 	0.1498118353 	2.755333841e-12 	2.012811865e-43
0.3775 	0.005505585105 	0.1498118353 	2.836629389e-12 	9.614173755e-44
0.3785 	0.005460641551 	0.1498118354 	2.916691248e-12 	1.673485269e-43
0.3795 	0.005415697998 	0.1498118354 	2.995100259e-12 	2.50425339e-43
0.3805 	0.005370754444 	0.1498118355 	3.071855821e-12 	5.426076161e-44
0.3815 	0.005325810891 	0.1498118355 	3.147596574e-12 	-1.756589986e-43
0.3825 	0.005280867337 	0.1498118356 	3.223285156e-12 	-1.584770283e-43
0.3835 	0.005235923784 	0.1498118356 	3.299122546e-12 	-1.706286457e-43
0.3845 	0.00519098023 	0.1498118357 	3.375331092e-12 	-6.873763558e-44
0.3855 	0.005146036677 	0.1498118357 	3.452911087e-12 	-5.493202043e-45
0.3865 	0.005101093124 	0.1498118357 	3.532261079e-12 	-1.299875053e-43
0.3875 	0.005056149571 	0.1498118358 	3.613016479e-12 	-1.571869744e-43
0.3885 	0.005011206018 	0.1498118358 	3.695793736e-12 	-1.651492369e-43
0.3895 	0.004966262465 	0.1498118358 	3.78212825e-12 	3.447394689e-44
0.3905 	0.004921318912 	0.1498118359 	3.872602047e-12 	2.315495178e-43
0.3915 	0.004876375359 	0.1498118359 	3.966973943e-12 	1.662394062e-43
0.3925 	0.004831431806 	0.1498118359 	4.065395883e-12 	2.776783066e-43
0.3935 	0.004786488253 	0.149811836 	4.167861051e-12 	5.077237055e-43
0.3945 	0.0047415447 	0.149811836 	4.27338975e-12 	3.345723254e-43
0.3955 	0.004696601147 	0.149811836 	4.380449234e-12 	7.222347927e-44
0.3965 	0.004651657595 	0.1498118361 	4.488252187e-12 	-2.614280473e-44
0.3975 	0.004606714042 	0.1498118361 	4.597512969e-12 	-9.893294067e-44
0.3985 	0.004561770489 	0.1498118361 	4.709260248e-12 	1.705694213e-43
0.3995 	0.004516826937 	0.1498118361 	4.823407827e-12 	4.616406311e-43
0.4005 	0.004471883384 	0.1498118362 	4.939390326e-12 	3.144310626e-43
0.4015 	0.004426939832 	0.1498118362 	5.057559315e-12 	2.885062165e-44
0.4025 	0.004381996279 	0.1498118362 	5.179064381e-12 	-4.217281032e-45
0.4035 	0.004337052727 	0.1498118362 	5.304772148e-12 	1.895847769e-43
0.4045 	0.004292109174 	0.1498118363 	5.434668621e-12 	2.104290955e-43
0.4055 	0.004247165622 	0.1498118363 	5.567888982e-12 	6.028434155e-44
0.4065 	0.00420222207 	0.1498118363 	5.703656407e-12 	-1.232419635e-43
0.4075 	0.004157278517 	0.1498118363 	5.841978198e-12 	-1.442706175e-43
0.4085 	0.004112334965 	0.1498118363 	5.982823806e-12 	-9.39364726e-43
0.4095 	0.004067391413 	0.1498118364 	6.125941323e-12 	-2.016267348e-42
0.4105 	0.004022447861 	0.1498118364 	6.271311806e-12 	-1.322358275e-42
0.4115 	0.003977504308 	0.1498118364 	6.418281061e-12 	-1.462571202e-43
0.4125 	0.003932560756 	0.1498118364 	6.565915027e-12 	2.974125947e-43
0.4135 	0.003887617204 	0.1498118364 	6.714948581e-12 	2.584481989e-43
0.4145 	0.003842673652 	0.1498118365 	6.867171367e-12 	-5.661999651e-43
0.4155 	0.0037977301 	0.1498118365 	7.023293547e-12 	-1.176193293e-42
0.4165 	0.003752786548 	0.1498118365 	7.182651761e-12 	-5.354869822e-43
0.4175 	0.003707842996 	0.1498118365 	7.34438246e-12 	1.038781384e-43
0.4185 	0.003662899444 	0.1498118365 	7.507709726e-12 	6.751212638e-45
0.4195 	0.003617955892 	0.1498118365 	7.671238823e-12 	-1.45075853e-43
0.4205 	0.00357301234 	0.1498118365 	7.833295149e-12 	-6.199212955e-43
0.4215 	0.003528068788 	0.1498118366 	7.992400065e-12 	-1.093438145e-42
0.4225 	0.003483125236 	0.1498118366 	8.147312296e-12 	-5.226291069e-43
0.4235 	0.003438181684 	0.1498118366 	8.297254297e-12 	1.201180536e-43
0.4245 	0.003393238133 	0.1498118366 	8.4426742e-12 	1.464143481e-43
0.4255 	0.003348294581 	0.1498118366 	8.585644974e-12 	9.630475369e-44
0.4265 	0.003303351029 	0.1498118366 	8.727152394e-12 	8.19806753e-44
0.4275 	0.003258407477 	0.1498118367 	8.870358828e-12 	-6.746808094e-43
0.4285 	0.003213463925 	0.1498118367 	9.028237541e-12 	-1.459231799e-42
0.4295 	0.003168520374 	0.1498118367 	9.211554397e-12 	-5.975509044e-43
0.4305 	0.003123576822 	0.1498118367 	9.412496539e-12 	2.991419768e-43
0.4315 	0.00307863327 	0.1498118367 	9.616257632e-12 	1.320262414e-43
0.4325 	0.003033689718 	0.1498118367 	9.817753661e-12 	-8.438093045e-44
0.4335 	0.002988746167 	0.1498118367 	1.001854453e-11 	-6.892089339e-43
0.4345 	0.002943802615 	0.1498118367 	1.022020259e-11 	-1.371458879e-42
0.4355 	0.002898859063 	0.1498118367 	1.042359022e-11 	-7.865473527e-43
0.4365 	0.002853915512 	0.1498118367 	1.062906237e-11 	-3.492079901e-45
0.4375 	0.00280897196 	0.1498118367 	1.083690471e-11 	9.093143341e-44
0.4385 	0.002764028408 	0.1498118368 	1.104759439e-11 	-4.673536766e-46
0.4395 	0.002719084857 	0.1498118368 	1.126147319e-11 	-7.175246638e-43
0.4405 	0.002674141305 	0.1498118368 	1.147840774e-11 	-1.249073221e-42
0.4415 	0.002629197754 	0.1498118368 	1.169784717e-11 	-6.231118154e-43
0.4425 	0.002584254202 	0.1498118368 	1.191946792e-11 	1.41462527e-44
0.4435 	0.002539310651 	0.1498118368 	1.214355318e-11 	2.771478415e-43
0.4445 	0.002494367099 	0.1498118368 	1.237052508e-11 	3.260309733e-43
0.4455 	0.002449423547 	0.1498118368 	1.26005891e-11 	-4.397634196e-43
0.4465 	0.002404479996 	0.1498118368 	1.283397003e-11 	-1.090940468e-42
0.4475 	0.002359536444 	0.1498118368 	1.307109379e-11 	-5.065443923e-43
0.4485 	0.002314592893 	0.1498118368 	1.331215166e-11 	5.789707191e-44
0.4495 	0.002269649341 	0.1498118368 	1.355673602e-11 	-1.135533812e-44
