# Region type : patch intake_duct
# Faces        : 7104
# Area         : 4.6974926e+00
# Scale factor : 1.0000000e+00
# Time         	sum(phi)
10             	-1.4092478e+00
20             	-1.4092478e+00
30             	-1.4092478e+00
40             	-1.4092478e+00
50             	-1.4092478e+00
60             	-1.4092478e+00
70             	-1.4092478e+00
80             	-1.4092478e+00
90             	-1.4092478e+00
100            	-1.4092478e+00
110            	-1.4092478e+00
120            	-1.4092478e+00
130            	-1.4092478e+00
140            	-1.4092478e+00
150            	-1.4092478e+00
160            	-1.4092478e+00
170            	-1.4092478e+00
180            	-1.4092478e+00
190            	-1.4092478e+00
200            	-1.4092478e+00
210            	-1.4092478e+00
220            	-1.4092478e+00
230            	-1.4092478e+00
240            	-1.4092478e+00
250            	-1.4092478e+00
260            	-1.4092478e+00
270            	-1.4092478e+00
280            	-1.4092478e+00
290            	-1.4092478e+00
300            	-1.4092478e+00
310            	-1.4092478e+00
320            	-1.4092478e+00
330            	-1.4092478e+00
340            	-1.4092478e+00
350            	-1.4092478e+00
360            	-1.4092478e+00
370            	-1.4092478e+00
380            	-1.4092478e+00
390            	-1.4092478e+00
400            	-1.4092478e+00
410            	-1.4092478e+00
420            	-1.4092478e+00
430            	-1.4092478e+00
440            	-1.4092478e+00
450            	-1.4092478e+00
460            	-1.4092478e+00
470            	-1.4092478e+00
480            	-1.4092478e+00
490            	-1.4092478e+00
500            	-1.4092478e+00
510            	-1.4092478e+00
520            	-1.4092478e+00
530            	-1.4092478e+00
540            	-1.4092478e+00
550            	-1.4092478e+00
560            	-1.4092478e+00
570            	-1.4092478e+00
580            	-1.4092478e+00
590            	-1.4092478e+00
600            	-1.4092478e+00
610            	-1.4092478e+00
620            	-1.4092478e+00
630            	-1.4092478e+00
640            	-1.4092478e+00
650            	-1.4092478e+00
660            	-1.4092478e+00
670            	-1.4092478e+00
680            	-1.4092478e+00
690            	-1.4092478e+00
700            	-1.4092478e+00
710            	-1.4092478e+00
720            	-1.4092478e+00
730            	-1.4092478e+00
740            	-1.4092478e+00
750            	-1.4092478e+00
760            	-1.4092478e+00
770            	-1.4092478e+00
780            	-1.4092478e+00
790            	-1.4092478e+00
800            	-1.4092478e+00
810            	-1.4092478e+00
820            	-1.4092478e+00
830            	-1.4092478e+00
840            	-1.4092478e+00
850            	-1.4092478e+00
860            	-1.4092478e+00
870            	-1.4092478e+00
880            	-1.4092478e+00
890            	-1.4092478e+00
900            	-1.4092478e+00
910            	-1.4092478e+00
920            	-1.4092478e+00
930            	-1.4092478e+00
940            	-1.4092478e+00
950            	-1.4092478e+00
960            	-1.4092478e+00
970            	-1.4092478e+00
980            	-1.4092478e+00
990            	-1.4092478e+00
1000           	-1.4092478e+00
1010           	-1.4092478e+00
1020           	-1.4092478e+00
1030           	-1.4092478e+00
1040           	-1.4092478e+00
1050           	-1.4092478e+00
1060           	-1.4092478e+00
1070           	-1.4092478e+00
1080           	-1.4092478e+00
1090           	-1.4092478e+00
1100           	-1.4092478e+00
1110           	-1.4092478e+00
1120           	-1.4092478e+00
1130           	-1.4092478e+00
1140           	-1.4092478e+00
1150           	-1.4092478e+00
1160           	-1.4092478e+00
1170           	-1.4092478e+00
1180           	-1.4092478e+00
1190           	-1.4092478e+00
1200           	-1.4092478e+00
1210           	-1.4092478e+00
1220           	-1.4092478e+00
1230           	-1.4092478e+00
1240           	-1.4092478e+00
1250           	-1.4092478e+00
1260           	-1.4092478e+00
1270           	-1.4092478e+00
1280           	-1.4092478e+00
1290           	-1.4092478e+00
1300           	-1.4092478e+00
1310           	-1.4092478e+00
1320           	-1.4092478e+00
1330           	-1.4092478e+00
1340           	-1.4092478e+00
1350           	-1.4092478e+00
1360           	-1.4092478e+00
1370           	-1.4092478e+00
1380           	-1.4092478e+00
1390           	-1.4092478e+00
1400           	-1.4092478e+00
1410           	-1.4092478e+00
1420           	-1.4092478e+00
1430           	-1.4092478e+00
1440           	-1.4092478e+00
1450           	-1.4092478e+00
1460           	-1.4092478e+00
1470           	-1.4092478e+00
1480           	-1.4092478e+00
1490           	-1.4092478e+00
1500           	-1.4092478e+00
1510           	-1.4092478e+00
1520           	-1.4092478e+00
1530           	-1.4092478e+00
1540           	-1.4092478e+00
1550           	-1.4092478e+00
1560           	-1.4092478e+00
1570           	-1.4092478e+00
1580           	-1.4092478e+00
1590           	-1.4092478e+00
1600           	-1.4092478e+00
1610           	-1.4092478e+00
1620           	-1.4092478e+00
1630           	-1.4092478e+00
1640           	-1.4092478e+00
1650           	-1.4092478e+00
1660           	-1.4092478e+00
1670           	-1.4092478e+00
1680           	-1.4092478e+00
1690           	-1.4092478e+00
1700           	-1.4092478e+00
1710           	-1.4092478e+00
1720           	-1.4092478e+00
1730           	-1.4092478e+00
1740           	-1.4092478e+00
1750           	-1.4092478e+00
1760           	-1.4092478e+00
1770           	-1.4092478e+00
1780           	-1.4092478e+00
1790           	-1.4092478e+00
1800           	-1.4092478e+00
1810           	-1.4092478e+00
1820           	-1.4092478e+00
1830           	-1.4092478e+00
1840           	-1.4092478e+00
1850           	-1.4092478e+00
1860           	-1.4092478e+00
1870           	-1.4092478e+00
1880           	-1.4092478e+00
1890           	-1.4092478e+00
1900           	-1.4092478e+00
1910           	-1.4092478e+00
1920           	-1.4092478e+00
1930           	-1.4092478e+00
1940           	-1.4092478e+00
1950           	-1.4092478e+00
1960           	-1.4092478e+00
1970           	-1.4092478e+00
1980           	-1.4092478e+00
1990           	-1.4092478e+00
2000           	-1.4092478e+00
2010           	-1.4092478e+00
2020           	-1.4092478e+00
2030           	-1.4092478e+00
2040           	-1.4092478e+00
2050           	-1.4092478e+00
2060           	-1.4092478e+00
2070           	-1.4092478e+00
2080           	-1.4092478e+00
2090           	-1.4092478e+00
2100           	-1.4092478e+00
2110           	-1.4092478e+00
2120           	-1.4092478e+00
2130           	-1.4092478e+00
2140           	-1.4092478e+00
2150           	-1.4092478e+00
2160           	-1.4092478e+00
2170           	-1.4092478e+00
2180           	-1.4092478e+00
2190           	-1.4092478e+00
2200           	-1.4092478e+00
2210           	-1.4092478e+00
2220           	-1.4092478e+00
2230           	-1.4092478e+00
2240           	-1.4092478e+00
2250           	-1.4092478e+00
2260           	-1.4092478e+00
2270           	-1.4092478e+00
2280           	-1.4092478e+00
2290           	-1.4092478e+00
2300           	-1.4092478e+00
2310           	-1.4092478e+00
2320           	-1.4092478e+00
2330           	-1.4092478e+00
2340           	-1.4092478e+00
2350           	-1.4092478e+00
2360           	-1.4092478e+00
2370           	-1.4092478e+00
2380           	-1.4092478e+00
2390           	-1.4092478e+00
2400           	-1.4092478e+00
2410           	-1.4092478e+00
2420           	-1.4092478e+00
2430           	-1.4092478e+00
2440           	-1.4092478e+00
2450           	-1.4092478e+00
2460           	-1.4092478e+00
2470           	-1.4092478e+00
2480           	-1.4092478e+00
2490           	-1.4092478e+00
2500           	-1.4092478e+00
2510           	-1.4092478e+00
2520           	-1.4092478e+00
2530           	-1.4092478e+00
2540           	-1.4092478e+00
2550           	-1.4092478e+00
2560           	-1.4092478e+00
2570           	-1.4092478e+00
2580           	-1.4092478e+00
2590           	-1.4092478e+00
2600           	-1.4092478e+00
2610           	-1.4092478e+00
2620           	-1.4092478e+00
2630           	-1.4092478e+00
2640           	-1.4092478e+00
2650           	-1.4092478e+00
2660           	-1.4092478e+00
2670           	-1.4092478e+00
2680           	-1.4092478e+00
2690           	-1.4092478e+00
2700           	-1.4092478e+00
2710           	-1.4092478e+00
2720           	-1.4092478e+00
2730           	-1.4092478e+00
2740           	-1.4092478e+00
2750           	-1.4092478e+00
2760           	-1.4092478e+00
2770           	-1.4092478e+00
2780           	-1.4092478e+00
2790           	-1.4092478e+00
2800           	-1.4092478e+00
2810           	-1.4092478e+00
2820           	-1.4092478e+00
2830           	-1.4092478e+00
2840           	-1.4092478e+00
2850           	-1.4092478e+00
2860           	-1.4092478e+00
2870           	-1.4092478e+00
2880           	-1.4092478e+00
2890           	-1.4092478e+00
2900           	-1.4092478e+00
2910           	-1.4092478e+00
2920           	-1.4092478e+00
2930           	-1.4092478e+00
2940           	-1.4092478e+00
2950           	-1.4092478e+00
2960           	-1.4092478e+00
2970           	-1.4092478e+00
2980           	-1.4092478e+00
2990           	-1.4092478e+00
3000           	-1.4092478e+00
3010           	-1.4092478e+00
3020           	-1.4092478e+00
3030           	-1.4092478e+00
3040           	-1.4092478e+00
3050           	-1.4092478e+00
3060           	-1.4092478e+00
3070           	-1.4092478e+00
3080           	-1.4092478e+00
3090           	-1.4092478e+00
3100           	-1.4092478e+00
3110           	-1.4092478e+00
3120           	-1.4092478e+00
3130           	-1.4092478e+00
3140           	-1.4092478e+00
3150           	-1.4092478e+00
3160           	-1.4092478e+00
3170           	-1.4092478e+00
3180           	-1.4092478e+00
3190           	-1.4092478e+00
3200           	-1.4092478e+00
3210           	-1.4092478e+00
3220           	-1.4092478e+00
3230           	-1.4092478e+00
3240           	-1.4092478e+00
3250           	-1.4092478e+00
3260           	-1.4092478e+00
3270           	-1.4092478e+00
3280           	-1.4092478e+00
3290           	-1.4092478e+00
3300           	-1.4092478e+00
3310           	-1.4092478e+00
3320           	-1.4092478e+00
3330           	-1.4092478e+00
3340           	-1.4092478e+00
3350           	-1.4092478e+00
3360           	-1.4092478e+00
3370           	-1.4092478e+00
3380           	-1.4092478e+00
3390           	-1.4092478e+00
3400           	-1.4092478e+00
3410           	-1.4092478e+00
3420           	-1.4092478e+00
3430           	-1.4092478e+00
3440           	-1.4092478e+00
3450           	-1.4092478e+00
3460           	-1.4092478e+00
3470           	-1.4092478e+00
3480           	-1.4092478e+00
3490           	-1.4092478e+00
3500           	-1.4092478e+00
3510           	-1.4092478e+00
3520           	-1.4092478e+00
3530           	-1.4092478e+00
3540           	-1.4092478e+00
3550           	-1.4092478e+00
3560           	-1.4092478e+00
3570           	-1.4092478e+00
3580           	-1.4092478e+00
3590           	-1.4092478e+00
3600           	-1.4092478e+00
3610           	-1.4092478e+00
3620           	-1.4092478e+00
3630           	-1.4092478e+00
3640           	-1.4092478e+00
3650           	-1.4092478e+00
3660           	-1.4092478e+00
3670           	-1.4092478e+00
3680           	-1.4092478e+00
3690           	-1.4092478e+00
3700           	-1.4092478e+00
3710           	-1.4092478e+00
3720           	-1.4092478e+00
3730           	-1.4092478e+00
3740           	-1.4092478e+00
3750           	-1.4092478e+00
3760           	-1.4092478e+00
3770           	-1.4092478e+00
3780           	-1.4092478e+00
3790           	-1.4092478e+00
3800           	-1.4092478e+00
3810           	-1.4092478e+00
3820           	-1.4092478e+00
3830           	-1.4092478e+00
3840           	-1.4092478e+00
3850           	-1.4092478e+00
3860           	-1.4092478e+00
3870           	-1.4092478e+00
3880           	-1.4092478e+00
3890           	-1.4092478e+00
3900           	-1.4092478e+00
3910           	-1.4092478e+00
3920           	-1.4092478e+00
3930           	-1.4092478e+00
3940           	-1.4092478e+00
3950           	-1.4092478e+00
3960           	-1.4092478e+00
3970           	-1.4092478e+00
3980           	-1.4092478e+00
3990           	-1.4092478e+00
4000           	-1.4092478e+00
4010           	-1.4092478e+00
4020           	-1.4092478e+00
4030           	-1.4092478e+00
4040           	-1.4092478e+00
4050           	-1.4092478e+00
4060           	-1.4092478e+00
4070           	-1.4092478e+00
4080           	-1.4092478e+00
4090           	-1.4092478e+00
4100           	-1.4092478e+00
4110           	-1.4092478e+00
4120           	-1.4092478e+00
4130           	-1.4092478e+00
4140           	-1.4092478e+00
4150           	-1.4092478e+00
4160           	-1.4092478e+00
4170           	-1.4092478e+00
4180           	-1.4092478e+00
4190           	-1.4092478e+00
4200           	-1.4092478e+00
4210           	-1.4092478e+00
4220           	-1.4092478e+00
4230           	-1.4092478e+00
4240           	-1.4092478e+00
4250           	-1.4092478e+00
4260           	-1.4092478e+00
4270           	-1.4092478e+00
4280           	-1.4092478e+00
4290           	-1.4092478e+00
4300           	-1.4092478e+00
4310           	-1.4092478e+00
4320           	-1.4092478e+00
4330           	-1.4092478e+00
4340           	-1.4092478e+00
4350           	-1.4092478e+00
4360           	-1.4092478e+00
4370           	-1.4092478e+00
4380           	-1.4092478e+00
4390           	-1.4092478e+00
4400           	-1.4092478e+00
4410           	-1.4092478e+00
4420           	-1.4092478e+00
4430           	-1.4092478e+00
4440           	-1.4092478e+00
4450           	-1.4092478e+00
4460           	-1.4092478e+00
4470           	-1.4092478e+00
4480           	-1.4092478e+00
4490           	-1.4092478e+00
4500           	-1.4092478e+00
4510           	-1.4092478e+00
4520           	-1.4092478e+00
4530           	-1.4092478e+00
4540           	-1.4092478e+00
4550           	-1.4092478e+00
4560           	-1.4092478e+00
4570           	-1.4092478e+00
4580           	-1.4092478e+00
4590           	-1.4092478e+00
4600           	-1.4092478e+00
4610           	-1.4092478e+00
4620           	-1.4092478e+00
4630           	-1.4092478e+00
4640           	-1.4092478e+00
4650           	-1.4092478e+00
4660           	-1.4092478e+00
4670           	-1.4092478e+00
4680           	-1.4092478e+00
4690           	-1.4092478e+00
4700           	-1.4092478e+00
4710           	-1.4092478e+00
4720           	-1.4092478e+00
4730           	-1.4092478e+00
4740           	-1.4092478e+00
4750           	-1.4092478e+00
4760           	-1.4092478e+00
4770           	-1.4092478e+00
4780           	-1.4092478e+00
4790           	-1.4092478e+00
4800           	-1.4092478e+00
4810           	-1.4092478e+00
4820           	-1.4092478e+00
4830           	-1.4092478e+00
4840           	-1.4092478e+00
4850           	-1.4092478e+00
4860           	-1.4092478e+00
4870           	-1.4092478e+00
4880           	-1.4092478e+00
4890           	-1.4092478e+00
4900           	-1.4092478e+00
4910           	-1.4092478e+00
4920           	-1.4092478e+00
4930           	-1.4092478e+00
4940           	-1.4092478e+00
4950           	-1.4092478e+00
4960           	-1.4092478e+00
4970           	-1.4092478e+00
4980           	-1.4092478e+00
4990           	-1.4092478e+00
5000           	-1.4092478e+00
