/*--------------------------------*- C++ -*----------------------------------*\
  =========                 |
  \\      /  F ield         | OpenFOAM: The Open Source CFD Toolbox
   \\    /   O peration     | Website:  https://openfoam.org
    \\  /    A nd           | Version:  11
     \\/     M anipulation  |
\*---------------------------------------------------------------------------*/
FoamFile
{
    format      ascii;
    class       volScalarField;
    location    "700";
    object      k;
}
// * * * * * * * * * * * * * * * * * * * * * * * * * * * * * * * * * * * * * //

dimensions      [0 2 -2 0 0 0 0];

internalField   nonuniform List<scalar> 
5000
(
1.11213
1.0322
1.04129
1.08039
1.0836
1.11383
1.03271
1.02836
1.04094
1.04199
1.04309
1.04355
1.04368
1.04364
1.08209
1.08431
1.11394
1.11609
1.11655
1.03343
1.02853
1.0284
1.02846
1.02848
1.02848
1.02848
1.02847
1.02845
1.02844
1.02843
1.02842
1.02843
1.02844
1.02846
1.02847
1.02848
1.02848
1.02846
1.02858
1.0407
1.04181
1.04294
1.04341
1.04356
1.04362
1.04365
1.04367
1.04368
1.04369
1.0437
1.0437
1.0437
1.04371
1.04371
1.04371
1.04371
1.04371
1.04371
1.04371
1.04371
1.04371
1.04371
1.04371
1.04371
1.04372
1.04372
1.04372
1.04372
1.04372
1.04372
1.04372
1.04372
1.04372
1.04372
1.04372
1.04372
1.04372
1.04373
1.04373
1.04373
1.04373
1.04373
1.04373
1.04373
1.04373
1.04373
1.04373
1.04373
1.04373
1.04373
1.04373
1.04373
1.04373
1.04373
1.04373
1.04373
1.04372
1.04372
1.04371
1.04369
0.945086
0.936934
0.933036
0.937494
0.938476
0.944769
0.936978
0.93572
0.932957
0.932491
0.932677
0.932822
0.932876
0.932817
0.937852
0.938718
0.944864
0.946261
0.946608
0.937462
0.935889
0.935697
0.93568
0.935675
0.935666
0.93566
0.935656
0.935658
0.935655
0.935655
0.935651
0.935652
0.935651
0.935658
0.935665
0.935674
0.935678
0.935673
0.93567
0.93296
0.932475
0.932645
0.932786
0.932843
0.932866
0.932876
0.932882
0.932884
0.932886
0.932886
0.932887
0.932887
0.932887
0.932887
0.932888
0.932888
0.932889
0.93289
0.93289
0.932891
0.932892
0.932893
0.932894
0.932894
0.932895
0.932896
0.932897
0.932897
0.932898
0.932898
0.932899
0.932899
0.9329
0.9329
0.932901
0.932901
0.932901
0.932901
0.932901
0.932901
0.932901
0.932901
0.9329
0.9329
0.9329
0.9329
0.9329
0.932899
0.932899
0.932899
0.932899
0.932899
0.932899
0.932899
0.932899
0.932899
0.932899
0.932898
0.932891
0.932831
0.882985
0.882509
0.880742
0.880762
0.880702
0.882364
0.882497
0.882577
0.880771
0.880413
0.880438
0.880501
0.880545
0.880547
0.880905
0.880836
0.882465
0.88292
0.883038
0.882748
0.882772
0.882802
0.882837
0.882859
0.882868
0.882869
0.882868
0.882868
0.882864
0.882863
0.882859
0.882858
0.882858
0.882864
0.882872
0.88288
0.882885
0.882881
0.882806
0.8809
0.880479
0.880467
0.880513
0.880547
0.880564
0.880572
0.880574
0.880575
0.880575
0.880575
0.880575
0.880575
0.880576
0.880576
0.880577
0.880577
0.880578
0.880578
0.880579
0.880579
0.88058
0.880581
0.880582
0.880582
0.880583
0.880583
0.880584
0.880584
0.880585
0.880585
0.880586
0.880586
0.880586
0.880586
0.880587
0.880586
0.880586
0.880586
0.880586
0.880585
0.880585
0.880584
0.880584
0.880583
0.880583
0.880583
0.880582
0.880582
0.880582
0.880582
0.880582
0.880581
0.880581
0.880581
0.880582
0.880582
0.880582
0.880582
0.880581
0.880579
0.836135
0.836204
0.835756
0.835497
0.835374
0.83574
0.836142
0.836296
0.835776
0.835693
0.835724
0.835772
0.835814
0.835818
0.835628
0.835486
0.835829
0.835914
0.835947
0.836276
0.836443
0.836505
0.836552
0.836585
0.836605
0.836615
0.836619
0.83662
0.836619
0.836618
0.836616
0.836615
0.836615
0.836618
0.836623
0.836628
0.836631
0.836629
0.836571
0.83595
0.835801
0.835789
0.835813
0.835839
0.835856
0.835865
0.835869
0.835871
0.835873
0.835874
0.835874
0.835875
0.835875
0.835876
0.835876
0.835877
0.835877
0.835878
0.835879
0.835879
0.83588
0.835881
0.835881
0.835882
0.835882
0.835883
0.835883
0.835884
0.835884
0.835884
0.835885
0.835885
0.835885
0.835884
0.835884
0.835884
0.835884
0.835883
0.835882
0.835882
0.835881
0.83588
0.83588
0.835879
0.835878
0.835878
0.835877
0.835877
0.835877
0.835877
0.835876
0.835876
0.835876
0.835876
0.835876
0.835877
0.835877
0.835877
0.835878
0.835869
0.793574
0.793583
0.793488
0.793361
0.793299
0.793345
0.793492
0.793556
0.793462
0.793472
0.793507
0.793548
0.793586
0.793593
0.793471
0.793394
0.793423
0.793413
0.79342
0.79358
0.793662
0.793703
0.793741
0.793774
0.793798
0.793814
0.793822
0.793827
0.793828
0.793829
0.793829
0.793829
0.793829
0.793831
0.793834
0.793837
0.793839
0.793838
0.793805
0.793648
0.793604
0.793598
0.793611
0.79363
0.793647
0.793657
0.793663
0.793667
0.79367
0.793672
0.793674
0.793675
0.793676
0.793677
0.793677
0.793678
0.793679
0.793679
0.79368
0.793681
0.793681
0.793682
0.793682
0.793683
0.793683
0.793684
0.793684
0.793685
0.793685
0.793685
0.793685
0.793685
0.793685
0.793685
0.793684
0.793684
0.793683
0.793682
0.793681
0.79368
0.793679
0.793679
0.793678
0.793677
0.793676
0.793675
0.793675
0.793674
0.793674
0.793674
0.793674
0.793673
0.793673
0.793673
0.793673
0.793674
0.793674
0.793674
0.793675
0.793657
0.753049
0.753025
0.752991
0.752934
0.752902
0.752888
0.75292
0.752936
0.752929
0.752948
0.752973
0.753005
0.753038
0.75305
0.753006
0.752973
0.752953
0.752935
0.752935
0.752988
0.753016
0.753038
0.753066
0.753095
0.75312
0.753138
0.75315
0.753158
0.753162
0.753165
0.753167
0.753168
0.753169
0.75317
0.753172
0.753174
0.753176
0.753176
0.753159
0.753115
0.753094
0.753083
0.753088
0.7531
0.753113
0.753124
0.753131
0.753136
0.75314
0.753144
0.753146
0.753148
0.753149
0.75315
0.753152
0.753152
0.753153
0.753154
0.753155
0.753155
0.753156
0.753157
0.753157
0.753158
0.753158
0.753159
0.753159
0.753159
0.75316
0.75316
0.75316
0.753159
0.753159
0.753159
0.753158
0.753157
0.753156
0.753155
0.753154
0.753153
0.753152
0.753151
0.75315
0.753149
0.753148
0.753147
0.753146
0.753146
0.753145
0.753145
0.753145
0.753144
0.753144
0.753144
0.753144
0.753144
0.753145
0.753145
0.753145
0.753128
0.713927
0.7139
0.713872
0.713838
0.713814
0.713792
0.713789
0.713789
0.713791
0.7138
0.713816
0.713839
0.713866
0.713881
0.713872
0.713859
0.713841
0.713829
0.713828
0.713842
0.713851
0.713863
0.713884
0.713908
0.71393
0.713949
0.713963
0.713974
0.71398
0.713985
0.713988
0.713991
0.713993
0.713994
0.713996
0.713998
0.713999
0.714001
0.713991
0.713972
0.713953
0.713938
0.713936
0.713942
0.713952
0.713961
0.713969
0.713975
0.713979
0.713983
0.713986
0.713989
0.713991
0.713992
0.713994
0.713995
0.713996
0.713997
0.713998
0.713999
0.713999
0.714
0.714001
0.714001
0.714002
0.714002
0.714003
0.714003
0.714003
0.714003
0.714003
0.714003
0.714002
0.714001
0.714001
0.714
0.713999
0.713997
0.713996
0.713995
0.713993
0.713992
0.713991
0.71399
0.713989
0.713988
0.713987
0.713986
0.713986
0.713985
0.713985
0.713985
0.713985
0.713984
0.713985
0.713985
0.713985
0.713985
0.713985
0.713973
0.676031
0.676008
0.675983
0.675956
0.675933
0.675912
0.6759
0.675894
0.675892
0.675895
0.675903
0.675919
0.67594
0.675955
0.675958
0.675954
0.675943
0.675936
0.675934
0.675937
0.67594
0.675947
0.675962
0.675981
0.676002
0.67602
0.676035
0.676046
0.676055
0.676061
0.676066
0.67607
0.676072
0.676074
0.676076
0.676078
0.67608
0.676082
0.676077
0.676064
0.676047
0.676032
0.676025
0.676027
0.676033
0.67604
0.676047
0.676053
0.676058
0.676062
0.676066
0.676069
0.676071
0.676073
0.676075
0.676077
0.676078
0.676079
0.67608
0.676081
0.676082
0.676083
0.676084
0.676084
0.676085
0.676085
0.676086
0.676086
0.676086
0.676086
0.676086
0.676085
0.676085
0.676084
0.676083
0.676082
0.676081
0.676079
0.676078
0.676076
0.676075
0.676073
0.676072
0.676071
0.676069
0.676068
0.676067
0.676067
0.676066
0.676066
0.676065
0.676065
0.676065
0.676065
0.676065
0.676065
0.676065
0.676065
0.676065
0.676056
0.639347
0.639329
0.639308
0.639285
0.639263
0.639243
0.639229
0.63922
0.639215
0.639213
0.639216
0.639226
0.639242
0.639256
0.639262
0.639262
0.639257
0.639252
0.639249
0.639249
0.63925
0.639256
0.639266
0.639281
0.639299
0.639316
0.63933
0.639342
0.639352
0.639359
0.639365
0.63937
0.639373
0.639376
0.639379
0.639381
0.639383
0.639385
0.639383
0.639374
0.639359
0.639345
0.639337
0.639335
0.639338
0.639343
0.639349
0.639355
0.63936
0.639365
0.639368
0.639372
0.639375
0.639377
0.639379
0.639381
0.639382
0.639384
0.639385
0.639386
0.639387
0.639388
0.639389
0.63939
0.639391
0.639391
0.639392
0.639392
0.639392
0.639392
0.639392
0.639391
0.639391
0.63939
0.639389
0.639388
0.639386
0.639385
0.639383
0.639382
0.63938
0.639378
0.639377
0.639375
0.639374
0.639373
0.639372
0.639371
0.63937
0.639369
0.639369
0.639369
0.639368
0.639368
0.639368
0.639368
0.639368
0.639368
0.639369
0.639363
0.603935
0.603921
0.603903
0.603884
0.603864
0.603845
0.60383
0.60382
0.603813
0.603808
0.603808
0.603813
0.603824
0.603836
0.603843
0.603845
0.603842
0.603839
0.603837
0.603836
0.603837
0.60384
0.603848
0.603859
0.603874
0.603889
0.603902
0.603914
0.603924
0.603933
0.603939
0.603945
0.603949
0.603953
0.603955
0.603958
0.60396
0.603962
0.603962
0.603956
0.603945
0.603933
0.603924
0.603921
0.603921
0.603925
0.603929
0.603934
0.603939
0.603944
0.603948
0.603951
0.603954
0.603957
0.603959
0.603961
0.603963
0.603965
0.603966
0.603968
0.603969
0.60397
0.603971
0.603972
0.603973
0.603974
0.603974
0.603975
0.603975
0.603975
0.603975
0.603974
0.603974
0.603973
0.603972
0.60397
0.603969
0.603967
0.603965
0.603964
0.603962
0.60396
0.603958
0.603957
0.603955
0.603954
0.603953
0.603952
0.603951
0.60395
0.60395
0.603949
0.603949
0.603949
0.603949
0.603949
0.603949
0.603949
0.603949
0.603945
0.569892
0.569881
0.569867
0.56985
0.569833
0.569816
0.569801
0.56979
0.569781
0.569775
0.569772
0.569774
0.569781
0.56979
0.569797
0.5698
0.569799
0.569797
0.569795
0.569794
0.569794
0.569796
0.569802
0.569811
0.569822
0.569835
0.569847
0.569859
0.569869
0.569877
0.569884
0.569891
0.569895
0.569899
0.569903
0.569906
0.569908
0.56991
0.569911
0.569907
0.569899
0.56989
0.569882
0.569877
0.569876
0.569878
0.569881
0.569885
0.56989
0.569894
0.569898
0.569902
0.569905
0.569908
0.569911
0.569913
0.569915
0.569917
0.569919
0.56992
0.569922
0.569923
0.569924
0.569926
0.569927
0.569927
0.569928
0.569929
0.569929
0.569929
0.569929
0.569929
0.569928
0.569927
0.569926
0.569925
0.569923
0.569921
0.56992
0.569918
0.569916
0.569914
0.569912
0.56991
0.569909
0.569907
0.569906
0.569905
0.569904
0.569903
0.569903
0.569902
0.569902
0.569901
0.569901
0.569901
0.569901
0.569901
0.569901
0.569899
0.537338
0.53733
0.537319
0.537305
0.53729
0.537274
0.53726
0.537249
0.53724
0.537233
0.537228
0.537228
0.537232
0.537237
0.537243
0.537246
0.537247
0.537246
0.537244
0.537243
0.537243
0.537244
0.537247
0.537254
0.537263
0.537274
0.537285
0.537295
0.537305
0.537313
0.537321
0.537327
0.537332
0.537337
0.53734
0.537343
0.537346
0.537348
0.53735
0.537348
0.537343
0.537335
0.537328
0.537323
0.537321
0.537322
0.537324
0.537327
0.537331
0.537335
0.537339
0.537343
0.537346
0.53735
0.537352
0.537355
0.537357
0.537359
0.537361
0.537363
0.537365
0.537366
0.537368
0.537369
0.537371
0.537372
0.537372
0.537373
0.537374
0.537374
0.537374
0.537374
0.537373
0.537372
0.537371
0.53737
0.537368
0.537366
0.537365
0.537363
0.537361
0.537359
0.537357
0.537355
0.537353
0.537352
0.53735
0.537349
0.537348
0.537347
0.537346
0.537346
0.537345
0.537345
0.537345
0.537345
0.537345
0.537345
0.537345
0.537343
0.506408
0.506402
0.506393
0.506382
0.506369
0.506355
0.506342
0.506331
0.506322
0.506314
0.506309
0.506306
0.506307
0.506311
0.506315
0.506318
0.506318
0.506318
0.506317
0.506316
0.506315
0.506316
0.506318
0.506323
0.50633
0.506339
0.506348
0.506358
0.506366
0.506375
0.506382
0.506388
0.506393
0.506398
0.506402
0.506405
0.506408
0.50641
0.506412
0.506412
0.506408
0.506402
0.506397
0.506392
0.50639
0.506389
0.506391
0.506394
0.506397
0.506401
0.506404
0.506408
0.506411
0.506415
0.506418
0.50642
0.506423
0.506425
0.506427
0.50643
0.506432
0.506433
0.506435
0.506437
0.506438
0.506439
0.506441
0.506441
0.506442
0.506443
0.506443
0.506443
0.506442
0.506441
0.50644
0.506439
0.506437
0.506436
0.506434
0.506432
0.50643
0.506428
0.506426
0.506424
0.506422
0.50642
0.506419
0.506418
0.506416
0.506415
0.506415
0.506414
0.506413
0.506413
0.506413
0.506412
0.506412
0.506412
0.506413
0.506411
0.477241
0.477237
0.47723
0.477221
0.47721
0.477198
0.477187
0.477176
0.477167
0.477159
0.477153
0.477149
0.477148
0.47715
0.477152
0.477154
0.477155
0.477155
0.477154
0.477153
0.477153
0.477153
0.477154
0.477157
0.477162
0.477169
0.477177
0.477185
0.477193
0.477201
0.477208
0.477214
0.477219
0.477224
0.477228
0.477231
0.477234
0.477236
0.477238
0.477239
0.477237
0.477233
0.477228
0.477224
0.477222
0.477221
0.477222
0.477224
0.477226
0.47723
0.477233
0.477237
0.47724
0.477244
0.477247
0.47725
0.477252
0.477255
0.477257
0.47726
0.477262
0.477264
0.477266
0.477268
0.47727
0.477271
0.477272
0.477274
0.477275
0.477275
0.477276
0.477276
0.477275
0.477275
0.477274
0.477272
0.477271
0.477269
0.477267
0.477265
0.477263
0.477261
0.477259
0.477257
0.477255
0.477253
0.477252
0.477251
0.477249
0.477248
0.477247
0.477247
0.477246
0.477245
0.477245
0.477245
0.477245
0.477245
0.477245
0.477244
0.44998
0.449977
0.449971
0.449964
0.449955
0.449945
0.449935
0.449925
0.449917
0.449909
0.449902
0.449897
0.449895
0.449895
0.449896
0.449897
0.449898
0.449898
0.449897
0.449896
0.449895
0.449895
0.449896
0.449898
0.449901
0.449907
0.449913
0.44992
0.449927
0.449934
0.44994
0.449946
0.449951
0.449956
0.44996
0.449963
0.449966
0.449968
0.44997
0.449971
0.44997
0.449967
0.449964
0.44996
0.449958
0.449957
0.449957
0.449959
0.449961
0.449964
0.449967
0.449971
0.449974
0.449978
0.449981
0.449984
0.449987
0.449989
0.449992
0.449995
0.449997
0.45
0.450002
0.450004
0.450006
0.450008
0.45001
0.450011
0.450012
0.450013
0.450014
0.450014
0.450014
0.450013
0.450013
0.450011
0.45001
0.450008
0.450006
0.450004
0.450002
0.45
0.449998
0.449996
0.449994
0.449992
0.449991
0.449989
0.449988
0.449987
0.449986
0.449985
0.449984
0.449984
0.449983
0.449983
0.449983
0.449983
0.449983
0.449982
0.424762
0.424759
0.424755
0.42475
0.424742
0.424734
0.424725
0.424716
0.424708
0.4247
0.424693
0.424688
0.424685
0.424683
0.424683
0.424684
0.424684
0.424684
0.424683
0.424682
0.424681
0.424681
0.424681
0.424682
0.424684
0.424688
0.424693
0.424699
0.424705
0.424711
0.424717
0.424722
0.424727
0.424731
0.424735
0.424738
0.42474
0.424743
0.424745
0.424746
0.424746
0.424744
0.424741
0.424739
0.424737
0.424736
0.424736
0.424737
0.424739
0.424741
0.424744
0.424748
0.424751
0.424754
0.424758
0.424761
0.424764
0.424767
0.42477
0.424772
0.424775
0.424778
0.42478
0.424783
0.424785
0.424787
0.424789
0.424791
0.424793
0.424794
0.424795
0.424795
0.424795
0.424795
0.424794
0.424793
0.424792
0.42479
0.424789
0.424787
0.424784
0.424782
0.42478
0.424778
0.424776
0.424774
0.424772
0.424771
0.42477
0.424768
0.424767
0.424766
0.424766
0.424765
0.424765
0.424764
0.424764
0.424764
0.424764
0.424763
0.401716
0.401714
0.401711
0.401707
0.401701
0.401694
0.401686
0.401678
0.401671
0.401663
0.401657
0.401651
0.401647
0.401645
0.401644
0.401643
0.401643
0.401642
0.401641
0.40164
0.401639
0.401639
0.401638
0.401639
0.40164
0.401643
0.401647
0.401652
0.401656
0.401662
0.401666
0.401671
0.401675
0.401679
0.401683
0.401686
0.401688
0.40169
0.401692
0.401693
0.401693
0.401692
0.401691
0.401689
0.401687
0.401686
0.401686
0.401687
0.401689
0.401691
0.401694
0.401697
0.4017
0.401703
0.401707
0.40171
0.401713
0.401716
0.401719
0.401722
0.401725
0.401728
0.401731
0.401734
0.401737
0.401739
0.401742
0.401744
0.401746
0.401747
0.401748
0.401749
0.401749
0.401749
0.401749
0.401748
0.401747
0.401745
0.401743
0.401741
0.401739
0.401737
0.401735
0.401733
0.401731
0.401729
0.401727
0.401725
0.401724
0.401723
0.401722
0.401721
0.40172
0.401719
0.401719
0.401718
0.401718
0.401718
0.401718
0.401717
0.380961
0.38096
0.380957
0.380954
0.380949
0.380943
0.380936
0.38093
0.380923
0.380916
0.38091
0.380904
0.3809
0.380897
0.380895
0.380893
0.380892
0.380892
0.38089
0.380889
0.380888
0.380887
0.380887
0.380887
0.380887
0.380889
0.380892
0.380896
0.380899
0.380904
0.380908
0.380912
0.380915
0.380919
0.380922
0.380924
0.380926
0.380928
0.38093
0.380931
0.380932
0.380931
0.38093
0.380929
0.380927
0.380927
0.380927
0.380927
0.380929
0.380931
0.380934
0.380937
0.38094
0.380943
0.380946
0.380949
0.380953
0.380956
0.380959
0.380963
0.380966
0.380969
0.380973
0.380976
0.380979
0.380982
0.380984
0.380987
0.380989
0.380991
0.380992
0.380993
0.380994
0.380994
0.380994
0.380993
0.380992
0.38099
0.380989
0.380987
0.380985
0.380982
0.38098
0.380978
0.380976
0.380974
0.380972
0.380971
0.380969
0.380968
0.380967
0.380966
0.380965
0.380964
0.380963
0.380963
0.380963
0.380962
0.380962
0.380962
0.3626
0.362599
0.362597
0.362594
0.362591
0.362586
0.36258
0.362574
0.362568
0.362562
0.362556
0.36255
0.362546
0.362542
0.36254
0.362538
0.362536
0.362535
0.362534
0.362532
0.362531
0.36253
0.362529
0.362529
0.362529
0.36253
0.362532
0.362534
0.362537
0.362541
0.362544
0.362547
0.36255
0.362553
0.362556
0.362558
0.36256
0.362561
0.362562
0.362564
0.362564
0.362564
0.362563
0.362562
0.362561
0.362561
0.362561
0.362562
0.362563
0.362565
0.362568
0.36257
0.362573
0.362576
0.36258
0.362583
0.362587
0.36259
0.362594
0.362597
0.362601
0.362604
0.362608
0.362611
0.362615
0.362618
0.362621
0.362624
0.362626
0.362628
0.36263
0.362631
0.362632
0.362633
0.362632
0.362632
0.362631
0.36263
0.362628
0.362626
0.362624
0.362622
0.36262
0.362618
0.362615
0.362613
0.362612
0.36261
0.362608
0.362607
0.362606
0.362605
0.362604
0.362603
0.362602
0.362602
0.362602
0.362601
0.362601
0.362601
0.346721
0.34672
0.346719
0.346717
0.346714
0.346709
0.346705
0.3467
0.346694
0.346689
0.346683
0.346678
0.346673
0.346669
0.346666
0.346663
0.346662
0.34666
0.346658
0.346657
0.346656
0.346655
0.346653
0.346653
0.346652
0.346653
0.346654
0.346656
0.346658
0.34666
0.346663
0.346665
0.346668
0.34667
0.346672
0.346674
0.346675
0.346676
0.346677
0.346678
0.346679
0.346679
0.346678
0.346678
0.346677
0.346677
0.346677
0.346678
0.346679
0.346681
0.346683
0.346686
0.346689
0.346692
0.346695
0.346699
0.346702
0.346706
0.346709
0.346713
0.346717
0.346721
0.346725
0.346729
0.346732
0.346736
0.346739
0.346742
0.346745
0.346748
0.34675
0.346751
0.346752
0.346753
0.346753
0.346753
0.346752
0.346751
0.346749
0.346747
0.346745
0.346743
0.346741
0.346739
0.346737
0.346735
0.346733
0.346731
0.346729
0.346728
0.346727
0.346726
0.346725
0.346724
0.346723
0.346723
0.346722
0.346722
0.346722
0.346722
0.333395
0.333394
0.333393
0.333391
0.333389
0.333385
0.333382
0.333377
0.333373
0.333367
0.333362
0.333357
0.333352
0.333348
0.333344
0.333342
0.333339
0.333337
0.333336
0.333334
0.333333
0.333331
0.33333
0.333329
0.333329
0.333329
0.333329
0.33333
0.333331
0.333333
0.333335
0.333336
0.333338
0.33334
0.333341
0.333343
0.333343
0.333344
0.333345
0.333346
0.333346
0.333346
0.333346
0.333346
0.333346
0.333346
0.333346
0.333347
0.333348
0.33335
0.333352
0.333354
0.333357
0.33336
0.333364
0.333367
0.333371
0.333374
0.333378
0.333382
0.333386
0.333391
0.333395
0.333399
0.333403
0.333407
0.333411
0.333414
0.333417
0.33342
0.333422
0.333424
0.333425
0.333426
0.333426
0.333426
0.333425
0.333424
0.333423
0.333421
0.333419
0.333417
0.333415
0.333413
0.333411
0.333408
0.333407
0.333405
0.333403
0.333402
0.333401
0.333399
0.333398
0.333398
0.333397
0.333397
0.333396
0.333396
0.333396
0.333396
0.322676
0.322675
0.322674
0.322673
0.322671
0.322668
0.322665
0.322661
0.322657
0.322653
0.322648
0.322643
0.322638
0.322634
0.32263
0.322627
0.322624
0.322622
0.32262
0.322619
0.322617
0.322616
0.322614
0.322613
0.322612
0.322612
0.322612
0.322612
0.322613
0.322614
0.322615
0.322616
0.322617
0.322618
0.322619
0.32262
0.32262
0.322621
0.322621
0.322621
0.322622
0.322622
0.322622
0.322622
0.322622
0.322622
0.322622
0.322623
0.322624
0.322626
0.322628
0.322631
0.322633
0.322636
0.32264
0.322643
0.322647
0.322651
0.322655
0.322659
0.322664
0.322668
0.322673
0.322677
0.322681
0.322685
0.322689
0.322693
0.322697
0.3227
0.322702
0.322704
0.322706
0.322707
0.322707
0.322707
0.322706
0.322705
0.322704
0.322702
0.3227
0.322698
0.322696
0.322694
0.322692
0.32269
0.322688
0.322686
0.322685
0.322683
0.322682
0.322681
0.32268
0.322679
0.322678
0.322678
0.322677
0.322677
0.322677
0.322677
0.314605
0.314604
0.314604
0.314603
0.314601
0.314599
0.314596
0.314593
0.314589
0.314585
0.31458
0.314575
0.314571
0.314566
0.314563
0.314559
0.314556
0.314554
0.314552
0.31455
0.314549
0.314547
0.314546
0.314545
0.314544
0.314543
0.314543
0.314542
0.314542
0.314542
0.314543
0.314543
0.314544
0.314544
0.314545
0.314545
0.314545
0.314545
0.314545
0.314545
0.314546
0.314546
0.314546
0.314546
0.314546
0.314546
0.314547
0.314548
0.314549
0.314551
0.314553
0.314555
0.314558
0.314561
0.314564
0.314568
0.314572
0.314576
0.31458
0.314584
0.314589
0.314594
0.314598
0.314603
0.314607
0.314612
0.314616
0.31462
0.314624
0.314627
0.31463
0.314632
0.314634
0.314635
0.314636
0.314636
0.314635
0.314634
0.314633
0.314631
0.314629
0.314627
0.314625
0.314623
0.314621
0.314619
0.314617
0.314615
0.314613
0.314612
0.314611
0.31461
0.314609
0.314608
0.314607
0.314607
0.314606
0.314606
0.314606
0.314606
0.309209
0.309208
0.309208
0.309207
0.309205
0.309204
0.309201
0.309198
0.309195
0.309191
0.309186
0.309182
0.309177
0.309173
0.309169
0.309166
0.309163
0.30916
0.309158
0.309157
0.309155
0.309154
0.309152
0.309151
0.30915
0.309149
0.309148
0.309147
0.309147
0.309146
0.309146
0.309146
0.309146
0.309146
0.309146
0.309146
0.309146
0.309145
0.309145
0.309145
0.309145
0.309145
0.309145
0.309145
0.309146
0.309146
0.309147
0.309148
0.309149
0.30915
0.309152
0.309155
0.309157
0.30916
0.309164
0.309167
0.309171
0.309176
0.30918
0.309185
0.30919
0.309194
0.309199
0.309204
0.309209
0.309214
0.309218
0.309222
0.309226
0.309229
0.309232
0.309235
0.309237
0.309238
0.309239
0.309239
0.309238
0.309238
0.309236
0.309235
0.309233
0.309231
0.309229
0.309227
0.309224
0.309222
0.30922
0.309219
0.309217
0.309216
0.309214
0.309213
0.309212
0.309212
0.309211
0.309211
0.30921
0.30921
0.30921
0.30921
0.306504
0.306504
0.306503
0.306502
0.306501
0.3065
0.306497
0.306495
0.306491
0.306488
0.306483
0.306479
0.306474
0.30647
0.306466
0.306463
0.30646
0.306458
0.306456
0.306454
0.306453
0.306451
0.30645
0.306449
0.306447
0.306446
0.306445
0.306444
0.306443
0.306442
0.306441
0.306441
0.30644
0.30644
0.306439
0.306439
0.306438
0.306438
0.306437
0.306437
0.306437
0.306437
0.306437
0.306437
0.306437
0.306438
0.306438
0.306439
0.30644
0.306442
0.306444
0.306446
0.306449
0.306452
0.306456
0.306459
0.306463
0.306468
0.306472
0.306477
0.306482
0.306487
0.306492
0.306497
0.306502
0.306507
0.306512
0.306516
0.30652
0.306524
0.306527
0.306529
0.306531
0.306532
0.306533
0.306533
0.306533
0.306532
0.306531
0.306529
0.306528
0.306526
0.306524
0.306521
0.306519
0.306517
0.306515
0.306514
0.306512
0.306511
0.30651
0.306508
0.306508
0.306507
0.306506
0.306506
0.306505
0.306505
0.306505
0.306505
0.30651
0.306509
0.306509
0.306508
0.306507
0.306506
0.306504
0.306501
0.306498
0.306494
0.30649
0.306486
0.306481
0.306477
0.306473
0.30647
0.306467
0.306465
0.306463
0.306461
0.30646
0.306459
0.306458
0.306457
0.306455
0.306454
0.306452
0.306451
0.30645
0.306448
0.306447
0.306446
0.306445
0.306444
0.306443
0.306443
0.306442
0.306441
0.30644
0.30644
0.30644
0.30644
0.30644
0.30644
0.30644
0.306441
0.306441
0.306442
0.306443
0.306445
0.306447
0.306449
0.306452
0.306455
0.306458
0.306462
0.306467
0.306471
0.306476
0.306481
0.306486
0.306491
0.306496
0.306501
0.306506
0.306511
0.306516
0.306521
0.306525
0.306528
0.306531
0.306534
0.306536
0.306537
0.306538
0.306538
0.306538
0.306537
0.306536
0.306535
0.306533
0.306531
0.306529
0.306527
0.306525
0.306523
0.306521
0.306519
0.306518
0.306516
0.306515
0.306514
0.306513
0.306512
0.306512
0.306511
0.306511
0.306511
0.306511
0.30651
0.309226
0.309226
0.309225
0.309224
0.309223
0.309222
0.30922
0.309217
0.309214
0.30921
0.309206
0.309202
0.309197
0.309193
0.30919
0.309186
0.309184
0.309182
0.30918
0.309179
0.309178
0.309177
0.309176
0.309175
0.309173
0.309172
0.30917
0.309168
0.309166
0.309165
0.309163
0.309161
0.30916
0.309159
0.309158
0.309157
0.309156
0.309155
0.309155
0.309154
0.309154
0.309154
0.309154
0.309154
0.309154
0.309154
0.309155
0.309156
0.309157
0.309158
0.30916
0.309162
0.309165
0.309169
0.309172
0.309176
0.309181
0.309186
0.30919
0.309196
0.309201
0.309206
0.309211
0.309217
0.309222
0.309227
0.309231
0.309236
0.30924
0.309243
0.309247
0.309249
0.309251
0.309253
0.309254
0.309254
0.309253
0.309253
0.309252
0.30925
0.309248
0.309246
0.309244
0.309242
0.30924
0.309238
0.309236
0.309235
0.309233
0.309232
0.309231
0.30923
0.309229
0.309228
0.309228
0.309227
0.309227
0.309227
0.309226
0.309226
0.314633
0.314633
0.314632
0.314631
0.31463
0.314629
0.314627
0.314624
0.31462
0.314616
0.314612
0.314608
0.314604
0.3146
0.314596
0.314593
0.314591
0.314589
0.314588
0.314587
0.314586
0.314585
0.314584
0.314583
0.314582
0.31458
0.314578
0.314576
0.314574
0.314572
0.31457
0.314568
0.314567
0.314565
0.314564
0.314563
0.314562
0.314561
0.314561
0.31456
0.31456
0.314559
0.314559
0.314559
0.314559
0.31456
0.31456
0.314561
0.314562
0.314563
0.314565
0.314568
0.31457
0.314574
0.314578
0.314582
0.314587
0.314592
0.314597
0.314602
0.314607
0.314613
0.314618
0.314623
0.314628
0.314633
0.314638
0.314642
0.314646
0.31465
0.314653
0.314656
0.314658
0.314659
0.31466
0.31466
0.31466
0.314659
0.314658
0.314656
0.314654
0.314653
0.31465
0.314648
0.314646
0.314645
0.314643
0.314641
0.31464
0.314638
0.314637
0.314636
0.314636
0.314635
0.314634
0.314634
0.314634
0.314633
0.314633
0.314633
0.322714
0.322714
0.322713
0.322712
0.322711
0.32271
0.322707
0.322704
0.3227
0.322696
0.322692
0.322687
0.322683
0.322679
0.322676
0.322673
0.322671
0.32267
0.322669
0.322668
0.322668
0.322667
0.322667
0.322666
0.322664
0.322662
0.32266
0.322657
0.322655
0.322653
0.32265
0.322648
0.322647
0.322646
0.322645
0.322644
0.322643
0.322642
0.322641
0.322641
0.32264
0.32264
0.32264
0.322639
0.322639
0.32264
0.32264
0.32264
0.322641
0.322643
0.322645
0.322647
0.32265
0.322654
0.322658
0.322663
0.322667
0.322673
0.322678
0.322683
0.322688
0.322694
0.322699
0.322704
0.322709
0.322714
0.322719
0.322723
0.322727
0.32273
0.322733
0.322736
0.322738
0.322739
0.32274
0.32274
0.32274
0.322739
0.322738
0.322736
0.322735
0.322733
0.322731
0.322729
0.322727
0.322725
0.322723
0.322721
0.32272
0.322719
0.322718
0.322717
0.322716
0.322716
0.322715
0.322715
0.322714
0.322714
0.322714
0.322714
0.333441
0.333441
0.333441
0.33344
0.333438
0.333436
0.333433
0.33343
0.333426
0.333421
0.333416
0.333412
0.333408
0.333404
0.333401
0.333399
0.333397
0.333396
0.333396
0.333396
0.333396
0.333396
0.333395
0.333394
0.333392
0.33339
0.333388
0.333385
0.333382
0.33338
0.333377
0.333375
0.333374
0.333373
0.333372
0.333371
0.33337
0.333369
0.333369
0.333368
0.333368
0.333367
0.333367
0.333367
0.333366
0.333366
0.333366
0.333367
0.333368
0.333369
0.333371
0.333374
0.333377
0.333381
0.333386
0.33339
0.333395
0.333401
0.333406
0.333411
0.333417
0.333422
0.333427
0.333432
0.333437
0.333442
0.333447
0.333451
0.333454
0.333458
0.333461
0.333463
0.333465
0.333466
0.333467
0.333467
0.333466
0.333466
0.333464
0.333463
0.333461
0.333459
0.333457
0.333455
0.333453
0.333451
0.33345
0.333448
0.333447
0.333446
0.333445
0.333444
0.333443
0.333443
0.333442
0.333442
0.333442
0.333441
0.333441
0.333441
0.346775
0.346775
0.346774
0.346773
0.346771
0.346769
0.346766
0.346761
0.346756
0.346752
0.346747
0.346742
0.346738
0.346734
0.346732
0.34673
0.346729
0.346729
0.346729
0.34673
0.34673
0.34673
0.34673
0.346729
0.346727
0.346724
0.346721
0.346718
0.346715
0.346712
0.34671
0.346708
0.346707
0.346706
0.346705
0.346705
0.346704
0.346703
0.346703
0.346702
0.346702
0.346701
0.346701
0.3467
0.3467
0.346699
0.346699
0.3467
0.3467
0.346702
0.346704
0.346707
0.346711
0.346715
0.34672
0.346725
0.34673
0.346736
0.346741
0.346747
0.346752
0.346757
0.346762
0.346767
0.346772
0.346777
0.346781
0.346785
0.346788
0.346792
0.346794
0.346796
0.346798
0.346799
0.3468
0.3468
0.346799
0.346798
0.346797
0.346795
0.346794
0.346792
0.34679
0.346788
0.346786
0.346784
0.346783
0.346781
0.34678
0.346779
0.346778
0.346777
0.346776
0.346776
0.346775
0.346775
0.346775
0.346775
0.346775
0.346775
0.36266
0.36266
0.362659
0.362658
0.362655
0.362652
0.362648
0.362643
0.362638
0.362632
0.362627
0.362622
0.362618
0.362615
0.362613
0.362612
0.362612
0.362613
0.362614
0.362615
0.362616
0.362616
0.362615
0.362614
0.362611
0.362608
0.362605
0.362602
0.362599
0.362596
0.362593
0.362592
0.362591
0.36259
0.36259
0.36259
0.362589
0.362589
0.362588
0.362588
0.362587
0.362587
0.362586
0.362585
0.362585
0.362584
0.362584
0.362584
0.362584
0.362586
0.362589
0.362592
0.362596
0.362601
0.362606
0.362612
0.362617
0.362623
0.362628
0.362634
0.362639
0.362644
0.362649
0.362654
0.362659
0.362663
0.362667
0.362671
0.362674
0.362677
0.362679
0.362681
0.362683
0.362684
0.362684
0.362684
0.362683
0.362682
0.362681
0.362679
0.362678
0.362676
0.362674
0.362672
0.36267
0.362668
0.362667
0.362665
0.362664
0.362663
0.362662
0.362661
0.362661
0.36266
0.36266
0.36266
0.362659
0.362659
0.362659
0.362659
0.381025
0.381025
0.381024
0.381022
0.381019
0.381015
0.38101
0.381004
0.380998
0.380992
0.380987
0.380982
0.380978
0.380976
0.380974
0.380974
0.380975
0.380976
0.380978
0.38098
0.380981
0.380982
0.380981
0.380979
0.380976
0.380972
0.380969
0.380965
0.380961
0.380958
0.380956
0.380955
0.380955
0.380955
0.380955
0.380955
0.380955
0.380954
0.380954
0.380954
0.380953
0.380953
0.380952
0.380951
0.38095
0.380949
0.380948
0.380948
0.380949
0.380951
0.380954
0.380958
0.380962
0.380967
0.380973
0.380979
0.380985
0.380991
0.380996
0.381002
0.381007
0.381012
0.381017
0.381021
0.381026
0.38103
0.381033
0.381037
0.38104
0.381043
0.381045
0.381046
0.381048
0.381048
0.381049
0.381048
0.381048
0.381047
0.381045
0.381044
0.381042
0.38104
0.381038
0.381036
0.381034
0.381032
0.381031
0.381029
0.381028
0.381027
0.381026
0.381026
0.381025
0.381025
0.381024
0.381024
0.381024
0.381024
0.381024
0.381024
0.401783
0.401783
0.401781
0.401779
0.401775
0.40177
0.401764
0.401757
0.40175
0.401744
0.401739
0.401734
0.40173
0.401728
0.401728
0.401729
0.40173
0.401733
0.401735
0.401738
0.401739
0.40174
0.401738
0.401736
0.401732
0.401728
0.401724
0.40172
0.401716
0.401713
0.401712
0.401711
0.401711
0.401712
0.401713
0.401713
0.401713
0.401713
0.401713
0.401712
0.401712
0.401711
0.40171
0.401709
0.401707
0.401706
0.401705
0.401705
0.401706
0.401708
0.401712
0.401716
0.401721
0.401727
0.401733
0.40174
0.401746
0.401752
0.401757
0.401763
0.401768
0.401773
0.401777
0.401782
0.401786
0.401789
0.401793
0.401796
0.401799
0.401801
0.401803
0.401804
0.401805
0.401806
0.401806
0.401806
0.401805
0.401804
0.401802
0.4018
0.401799
0.401797
0.401795
0.401793
0.401791
0.401789
0.401788
0.401786
0.401785
0.401784
0.401783
0.401783
0.401782
0.401782
0.401782
0.401782
0.401782
0.401782
0.401782
0.401782
0.42483
0.424829
0.424828
0.424825
0.42482
0.424813
0.424806
0.424798
0.424791
0.424784
0.424778
0.424774
0.424771
0.42477
0.42477
0.424772
0.424775
0.424778
0.424782
0.424785
0.424787
0.424787
0.424785
0.424781
0.424777
0.424772
0.424767
0.424763
0.424759
0.424757
0.424756
0.424756
0.424757
0.424759
0.42476
0.424761
0.424761
0.42476
0.42476
0.42476
0.42476
0.424759
0.424757
0.424755
0.424753
0.424752
0.424751
0.424751
0.424752
0.424755
0.424759
0.424764
0.42477
0.424777
0.424783
0.42479
0.424796
0.424802
0.424808
0.424813
0.424818
0.424823
0.424827
0.424831
0.424835
0.424838
0.424842
0.424844
0.424847
0.424849
0.42485
0.424852
0.424852
0.424853
0.424852
0.424852
0.424851
0.42485
0.424848
0.424846
0.424845
0.424843
0.424841
0.424839
0.424837
0.424835
0.424834
0.424833
0.424831
0.424831
0.42483
0.424829
0.424829
0.424828
0.424828
0.424828
0.424828
0.424828
0.424828
0.424828
0.450048
0.450047
0.450045
0.450041
0.450035
0.450027
0.450018
0.450009
0.450001
0.449994
0.449989
0.449985
0.449983
0.449983
0.449984
0.449988
0.449992
0.449996
0.450001
0.450004
0.450006
0.450005
0.450002
0.449997
0.449992
0.449986
0.449981
0.449977
0.449973
0.449971
0.44997
0.449972
0.449974
0.449977
0.449979
0.449979
0.449979
0.449979
0.449979
0.449979
0.449979
0.449977
0.449975
0.449972
0.44997
0.449968
0.449967
0.449967
0.449969
0.449973
0.449978
0.449984
0.449991
0.449998
0.450005
0.450012
0.450019
0.450025
0.45003
0.450035
0.45004
0.450045
0.450049
0.450052
0.450056
0.450059
0.450062
0.450064
0.450066
0.450068
0.450069
0.45007
0.450071
0.450071
0.45007
0.45007
0.450069
0.450067
0.450066
0.450064
0.450062
0.45006
0.450058
0.450056
0.450055
0.450053
0.450052
0.45005
0.450049
0.450048
0.450048
0.450047
0.450047
0.450046
0.450046
0.450046
0.450046
0.450046
0.450046
0.450046
0.477308
0.477307
0.477304
0.477299
0.477291
0.477281
0.477271
0.477261
0.477252
0.477246
0.47724
0.477237
0.477236
0.477238
0.477241
0.477246
0.477251
0.477256
0.477262
0.477266
0.477266
0.477264
0.47726
0.477254
0.477248
0.477241
0.477236
0.477231
0.477228
0.477226
0.477227
0.47723
0.477234
0.477237
0.477239
0.47724
0.47724
0.47724
0.47724
0.47724
0.47724
0.477237
0.477234
0.477231
0.477228
0.477226
0.477225
0.477226
0.477228
0.477233
0.477239
0.477246
0.477254
0.477262
0.47727
0.477277
0.477283
0.477289
0.477295
0.4773
0.477304
0.477308
0.477312
0.477315
0.477319
0.477321
0.477324
0.477326
0.477328
0.477329
0.47733
0.477331
0.477331
0.477331
0.47733
0.47733
0.477329
0.477327
0.477325
0.477324
0.477322
0.47732
0.477318
0.477316
0.477314
0.477313
0.477311
0.47731
0.477309
0.477308
0.477308
0.477307
0.477307
0.477307
0.477306
0.477307
0.477307
0.477307
0.477307
0.477307
0.506473
0.506472
0.506468
0.506461
0.50645
0.506439
0.506427
0.506416
0.506407
0.506401
0.506396
0.506394
0.506395
0.506398
0.506403
0.506409
0.506416
0.506423
0.506428
0.506432
0.506432
0.506428
0.506422
0.506415
0.506407
0.5064
0.506394
0.50639
0.506387
0.506387
0.506389
0.506393
0.506398
0.506403
0.506405
0.506405
0.506405
0.506405
0.506406
0.506406
0.506405
0.506401
0.506397
0.506393
0.50639
0.506388
0.506387
0.506388
0.506392
0.506398
0.506405
0.506414
0.506423
0.506431
0.506439
0.506447
0.506453
0.506459
0.506464
0.506469
0.506473
0.506477
0.50648
0.506483
0.506486
0.506488
0.50649
0.506492
0.506494
0.506495
0.506496
0.506496
0.506496
0.506496
0.506495
0.506494
0.506493
0.506492
0.50649
0.506488
0.506486
0.506485
0.506483
0.506481
0.506479
0.506478
0.506476
0.506475
0.506474
0.506473
0.506473
0.506472
0.506472
0.506472
0.506472
0.506472
0.506472
0.506472
0.506472
0.506472
0.537402
0.5374
0.537395
0.537385
0.537372
0.537358
0.537345
0.537334
0.537325
0.537319
0.537316
0.537315
0.537318
0.537323
0.53733
0.537338
0.537346
0.537353
0.53736
0.537363
0.537361
0.537355
0.537347
0.537337
0.537329
0.537321
0.537315
0.537311
0.537309
0.53731
0.537314
0.53732
0.537327
0.537332
0.537334
0.537334
0.537333
0.537334
0.537335
0.537335
0.537333
0.537328
0.537323
0.537318
0.537315
0.537313
0.537312
0.537315
0.53732
0.537327
0.537336
0.537346
0.537356
0.537365
0.537373
0.537381
0.537387
0.537393
0.537398
0.537402
0.537406
0.537409
0.537412
0.537415
0.537417
0.537419
0.537421
0.537422
0.537423
0.537424
0.537425
0.537425
0.537425
0.537425
0.537424
0.537423
0.537422
0.53742
0.537419
0.537417
0.537415
0.537413
0.537411
0.537409
0.537408
0.537406
0.537405
0.537404
0.537403
0.537402
0.537402
0.537401
0.537401
0.537401
0.537401
0.537401
0.537401
0.537401
0.537401
0.537401
0.569955
0.569952
0.569944
0.569931
0.569916
0.569899
0.569885
0.569874
0.569866
0.569861
0.569859
0.56986
0.569866
0.569874
0.569883
0.569892
0.569901
0.569909
0.569915
0.569917
0.569913
0.569905
0.569894
0.569882
0.569872
0.569865
0.569859
0.569856
0.569855
0.569858
0.569864
0.569873
0.569881
0.569886
0.569887
0.569886
0.569885
0.569886
0.569888
0.569887
0.569884
0.569878
0.569871
0.569866
0.569863
0.569861
0.569861
0.569865
0.569872
0.569881
0.569892
0.569903
0.569914
0.569923
0.569931
0.569939
0.569945
0.56995
0.569954
0.569958
0.569962
0.569965
0.569967
0.569969
0.569971
0.569973
0.569974
0.569976
0.569977
0.569977
0.569978
0.569978
0.569978
0.569977
0.569976
0.569975
0.569974
0.569973
0.569971
0.569969
0.569967
0.569966
0.569964
0.569962
0.569961
0.569959
0.569958
0.569957
0.569956
0.569955
0.569955
0.569954
0.569954
0.569954
0.569954
0.569954
0.569954
0.569954
0.569954
0.569954
0.603998
0.603994
0.603983
0.603966
0.603947
0.603928
0.603913
0.603903
0.603897
0.603893
0.603893
0.603897
0.603906
0.603916
0.603928
0.603939
0.603949
0.603957
0.603963
0.603963
0.603955
0.603943
0.60393
0.603915
0.603905
0.603898
0.603893
0.603891
0.603892
0.603897
0.603906
0.603917
0.603927
0.603931
0.603931
0.603928
0.603927
0.603929
0.603931
0.60393
0.603925
0.603916
0.603909
0.603904
0.6039
0.603899
0.6039
0.603905
0.603915
0.603927
0.60394
0.603952
0.603963
0.603972
0.60398
0.603987
0.603993
0.603998
0.604002
0.604005
0.604008
0.60401
0.604013
0.604014
0.604016
0.604017
0.604019
0.604019
0.60402
0.604021
0.604021
0.604021
0.604021
0.60402
0.604019
0.604018
0.604017
0.604016
0.604014
0.604012
0.604011
0.604009
0.604007
0.604006
0.604004
0.604003
0.604002
0.604001
0.604
0.603999
0.603998
0.603998
0.603998
0.603998
0.603998
0.603998
0.603998
0.603998
0.603998
0.603997
0.639412
0.639407
0.639392
0.63937
0.639347
0.639326
0.639311
0.639302
0.639299
0.639297
0.639299
0.639307
0.639319
0.639333
0.639346
0.639358
0.639368
0.639377
0.639381
0.639378
0.639367
0.639351
0.639334
0.639318
0.639307
0.639301
0.639298
0.639297
0.639299
0.639307
0.63932
0.639334
0.639344
0.639348
0.639345
0.639341
0.63934
0.639344
0.639346
0.639344
0.639336
0.639324
0.639315
0.639311
0.639308
0.639307
0.63931
0.639318
0.63933
0.639345
0.63936
0.639373
0.639384
0.639393
0.639401
0.639407
0.639412
0.639416
0.639419
0.639422
0.639425
0.639427
0.639428
0.63943
0.639431
0.639432
0.639433
0.639434
0.639434
0.639435
0.639435
0.639435
0.639434
0.639434
0.639433
0.639432
0.639431
0.639429
0.639428
0.639426
0.639425
0.639423
0.639422
0.63942
0.639419
0.639417
0.639416
0.639415
0.639415
0.639414
0.639413
0.639413
0.639413
0.639413
0.639413
0.639413
0.639413
0.639413
0.639413
0.639412
0.676101
0.676093
0.676074
0.676045
0.676018
0.675994
0.67598
0.675975
0.675976
0.675976
0.675982
0.675994
0.67601
0.676027
0.676042
0.676054
0.676064
0.676073
0.676074
0.676068
0.676052
0.67603
0.67601
0.675991
0.67598
0.675976
0.675977
0.675978
0.675983
0.675994
0.676011
0.676028
0.676038
0.676039
0.676034
0.676029
0.676029
0.676036
0.676038
0.676031
0.67602
0.676004
0.675993
0.675989
0.675991
0.675991
0.675995
0.676007
0.676023
0.67604
0.676056
0.676069
0.67608
0.676089
0.676096
0.676101
0.676105
0.676108
0.676111
0.676114
0.676115
0.676117
0.676118
0.676119
0.67612
0.676121
0.676122
0.676122
0.676123
0.676123
0.676123
0.676123
0.676123
0.676122
0.676121
0.676121
0.676119
0.676118
0.676117
0.676115
0.676114
0.676112
0.676111
0.67611
0.676108
0.676107
0.676106
0.676105
0.676105
0.676104
0.676103
0.676103
0.676103
0.676103
0.676103
0.676103
0.676103
0.676103
0.676103
0.676101
0.714008
0.713997
0.713973
0.713931
0.7139
0.713875
0.713859
0.713858
0.713872
0.713878
0.713887
0.713905
0.713926
0.713945
0.713961
0.713973
0.713982
0.71399
0.713986
0.713974
0.713956
0.713922
0.713898
0.713877
0.713863
0.713862
0.713875
0.713879
0.713888
0.713904
0.713925
0.713945
0.713951
0.713947
0.713943
0.713939
0.713942
0.713953
0.713954
0.713935
0.713917
0.713896
0.713881
0.713879
0.713891
0.713895
0.713902
0.713918
0.713938
0.713958
0.713975
0.713988
0.713998
0.714006
0.714011
0.714015
0.714019
0.714021
0.714023
0.714025
0.714026
0.714028
0.714029
0.714029
0.71403
0.714031
0.714031
0.714032
0.714032
0.714032
0.714032
0.714032
0.714032
0.714031
0.714031
0.71403
0.714029
0.714028
0.714027
0.714025
0.714024
0.714023
0.714021
0.71402
0.714019
0.714018
0.714017
0.714016
0.714016
0.714015
0.714015
0.714014
0.714014
0.714014
0.714014
0.714014
0.714014
0.714014
0.714013
0.714011
0.753161
0.753133
0.753108
0.753036
0.752993
0.752975
0.752954
0.752956
0.75301
0.753032
0.753048
0.753073
0.753098
0.75312
0.753136
0.753147
0.753154
0.753159
0.753146
0.753112
0.753096
0.753034
0.752998
0.752981
0.75296
0.75296
0.753011
0.753032
0.753046
0.75307
0.753095
0.753116
0.753115
0.753089
0.75309
0.75309
0.753098
0.753114
0.753112
0.753061
0.753026
0.753006
0.752982
0.752981
0.753031
0.75305
0.753063
0.753085
0.75311
0.753132
0.753149
0.753161
0.753169
0.753175
0.753179
0.753182
0.753184
0.753186
0.753188
0.753189
0.75319
0.753191
0.753191
0.753192
0.753193
0.753193
0.753193
0.753194
0.753194
0.753194
0.753194
0.753194
0.753194
0.753194
0.753193
0.753192
0.753192
0.753191
0.75319
0.753189
0.753187
0.753186
0.753185
0.753184
0.753183
0.753182
0.753181
0.753181
0.75318
0.75318
0.753179
0.753179
0.753179
0.753179
0.753179
0.753179
0.753179
0.753178
0.753178
0.753173
0.793768
0.79365
0.79362
0.793483
0.793401
0.793441
0.793417
0.793422
0.793582
0.79366
0.793691
0.793726
0.793756
0.793778
0.793792
0.7938
0.793805
0.793807
0.793778
0.793635
0.793615
0.793489
0.793412
0.793451
0.793423
0.793423
0.79358
0.793655
0.793684
0.793717
0.793748
0.793768
0.793751
0.793616
0.793615
0.793624
0.79364
0.79366
0.793655
0.793531
0.793449
0.793481
0.79345
0.793449
0.793604
0.793678
0.793705
0.793737
0.793767
0.793789
0.793804
0.793814
0.79382
0.793824
0.793826
0.793828
0.79383
0.793831
0.793832
0.793833
0.793833
0.793834
0.793834
0.793835
0.793835
0.793836
0.793836
0.793836
0.793836
0.793837
0.793837
0.793837
0.793837
0.793836
0.793836
0.793836
0.793835
0.793834
0.793833
0.793833
0.793832
0.793831
0.79383
0.793829
0.793828
0.793827
0.793827
0.793826
0.793826
0.793825
0.793825
0.793824
0.793824
0.793824
0.793824
0.793824
0.793824
0.793824
0.793822
0.793816
0.836465
0.835952
0.835857
0.835665
0.835491
0.835841
0.835867
0.835879
0.836207
0.836423
0.836487
0.836533
0.836567
0.836586
0.836595
0.836599
0.836601
0.836598
0.836544
0.835954
0.835864
0.835681
0.835508
0.83585
0.83587
0.835875
0.836197
0.836409
0.83647
0.836514
0.836548
0.836565
0.83652
0.835938
0.835863
0.835878
0.835904
0.835929
0.835923
0.835736
0.83555
0.835885
0.835902
0.835909
0.83623
0.83644
0.836499
0.836542
0.836575
0.836595
0.836607
0.836613
0.836617
0.836619
0.83662
0.836621
0.836622
0.836622
0.836623
0.836624
0.836624
0.836624
0.836625
0.836625
0.836625
0.836626
0.836626
0.836626
0.836627
0.836627
0.836627
0.836627
0.836628
0.836627
0.836627
0.836627
0.836627
0.836626
0.836625
0.836625
0.836624
0.836623
0.836623
0.836622
0.836621
0.836621
0.83662
0.83662
0.836619
0.836619
0.836619
0.836618
0.836618
0.836618
0.836618
0.836618
0.836618
0.836617
0.836615
0.836607
0.882769
0.881049
0.880682
0.881031
0.880788
0.882369
0.882674
0.882737
0.882478
0.882825
0.882919
0.88297
0.883
0.883011
0.883012
0.88301
0.883006
0.882998
0.882925
0.88109
0.880706
0.881057
0.880812
0.882378
0.882672
0.882726
0.882459
0.8828
0.88289
0.882937
0.882965
0.882974
0.882908
0.88108
0.880704
0.88072
0.880763
0.880793
0.880788
0.881133
0.880857
0.882415
0.882711
0.88277
0.882504
0.882843
0.882931
0.882977
0.883006
0.88302
0.883025
0.883028
0.883028
0.883029
0.883029
0.883029
0.88303
0.88303
0.883031
0.883031
0.883032
0.883032
0.883032
0.883033
0.883033
0.883033
0.883034
0.883034
0.883034
0.883035
0.883035
0.883036
0.883036
0.883036
0.883036
0.883036
0.883036
0.883036
0.883035
0.883035
0.883035
0.883034
0.883034
0.883033
0.883032
0.883032
0.883032
0.883032
0.883031
0.883031
0.88303
0.88303
0.88303
0.88303
0.88303
0.88303
0.883029
0.883029
0.883026
0.883018
0.936828
0.933737
0.932824
0.937859
0.938329
0.944367
0.945543
0.945827
0.936968
0.936424
0.936384
0.936393
0.936399
0.936395
0.936387
0.936378
0.93637
0.936357
0.936355
0.933748
0.932865
0.937908
0.938381
0.944395
0.94555
0.945823
0.936949
0.936398
0.936352
0.936357
0.936362
0.936356
0.936355
0.933767
0.932948
0.933085
0.933203
0.933242
0.933178
0.938073
0.938428
0.944416
0.945576
0.945856
0.936989
0.936438
0.936392
0.936397
0.936402
0.936402
0.9364
0.936398
0.936397
0.936397
0.936397
0.936397
0.936397
0.936397
0.936398
0.936399
0.9364
0.9364
0.936401
0.936401
0.936401
0.936402
0.936402
0.936403
0.936403
0.936404
0.936404
0.936405
0.936406
0.936406
0.936407
0.936407
0.936407
0.936407
0.936407
0.936407
0.936406
0.936406
0.936406
0.936406
0.936405
0.936405
0.936405
0.936405
0.936404
0.936404
0.936404
0.936404
0.936404
0.936403
0.936403
0.936403
0.936403
0.936402
0.936399
0.936401
1.03394
1.04146
1.04194
1.0811
1.08371
1.11333
1.11559
1.11608
1.03379
1.02896
1.02881
1.02886
1.02887
1.02888
1.02888
1.02888
1.02889
1.02887
1.02899
1.0411
1.04196
1.08121
1.08385
1.11342
1.11563
1.1161
1.03373
1.02889
1.02874
1.02879
1.02881
1.0288
1.02892
1.04119
1.04217
1.04321
1.04364
1.04374
1.04367
1.08179
1.08394
1.11341
1.11561
1.11609
1.03379
1.02895
1.0288
1.02884
1.02886
1.02887
1.02887
1.02887
1.02887
1.02887
1.02887
1.02887
1.02887
1.02887
1.02887
1.02887
1.02887
1.02888
1.02888
1.02888
1.02888
1.02888
1.02888
1.02888
1.02888
1.02888
1.02888
1.02888
1.02888
1.02889
1.02889
1.02889
1.02889
1.02889
1.02889
1.02889
1.02889
1.02889
1.02889
1.02889
1.02889
1.02889
1.02889
1.02889
1.02889
1.02889
1.02889
1.02889
1.02889
1.02889
1.02889
1.02889
1.02888
1.02888
1.02888
1.02889
)
;

boundaryField
{
    inlet
    {
        type            cyclic;
    }
    outlet
    {
        type            cyclic;
    }
    bottomWall
    {
        type            kqRWallFunction;
        value           nonuniform List<scalar> 
100
(
1.11213
1.0322
1.04129
1.08039
1.0836
1.11383
1.03271
1.02836
1.04094
1.04199
1.04309
1.04355
1.04368
1.04364
1.08209
1.08431
1.11394
1.11609
1.11655
1.03343
1.02853
1.0284
1.02846
1.02848
1.02848
1.02848
1.02847
1.02845
1.02844
1.02843
1.02842
1.02843
1.02844
1.02846
1.02847
1.02848
1.02848
1.02846
1.02858
1.0407
1.04181
1.04294
1.04341
1.04356
1.04362
1.04365
1.04367
1.04368
1.04369
1.0437
1.0437
1.0437
1.04371
1.04371
1.04371
1.04371
1.04371
1.04371
1.04371
1.04371
1.04371
1.04371
1.04371
1.04371
1.04372
1.04372
1.04372
1.04372
1.04372
1.04372
1.04372
1.04372
1.04372
1.04372
1.04372
1.04372
1.04372
1.04373
1.04373
1.04373
1.04373
1.04373
1.04373
1.04373
1.04373
1.04373
1.04373
1.04373
1.04373
1.04373
1.04373
1.04373
1.04373
1.04373
1.04373
1.04373
1.04372
1.04372
1.04371
1.04369
)
;
    }
    topWall
    {
        type            kqRWallFunction;
        value           nonuniform List<scalar> 
100
(
1.03394
1.04146
1.04194
1.0811
1.08371
1.11333
1.11559
1.11608
1.03379
1.02896
1.02881
1.02886
1.02887
1.02888
1.02888
1.02888
1.02889
1.02887
1.02899
1.0411
1.04196
1.08121
1.08385
1.11342
1.11563
1.1161
1.03373
1.02889
1.02874
1.02879
1.02881
1.0288
1.02892
1.04119
1.04217
1.04321
1.04364
1.04374
1.04367
1.08179
1.08394
1.11341
1.11561
1.11609
1.03379
1.02895
1.0288
1.02884
1.02886
1.02887
1.02887
1.02887
1.02887
1.02887
1.02887
1.02887
1.02887
1.02887
1.02887
1.02887
1.02887
1.02888
1.02888
1.02888
1.02888
1.02888
1.02888
1.02888
1.02888
1.02888
1.02888
1.02888
1.02888
1.02889
1.02889
1.02889
1.02889
1.02889
1.02889
1.02889
1.02889
1.02889
1.02889
1.02889
1.02889
1.02889
1.02889
1.02889
1.02889
1.02889
1.02889
1.02889
1.02889
1.02889
1.02889
1.02889
1.02888
1.02888
1.02888
1.02889
)
;
    }
    frontAndBack
    {
        type            empty;
    }
}


// ************************************************************************* //
