/*--------------------------------*- C++ -*----------------------------------*\
  =========                 |
  \\      /  F ield         | OpenFOAM: The Open Source CFD Toolbox
   \\    /   O peration     | Website:  https://openfoam.org
    \\  /    A nd           | Version:  11
     \\/     M anipulation  |
\*---------------------------------------------------------------------------*/
FoamFile
{
    format      ascii;
    class       volScalarField;
    location    "700";
    object      nut;
}
// * * * * * * * * * * * * * * * * * * * * * * * * * * * * * * * * * * * * * //

dimensions      [0 2 -1 0 0 0 0];

internalField   nonuniform List<scalar> 
5000
(
7.86088e-05
6.59308e-05
7.26591e-05
7.56468e-05
7.57167e-05
7.86006e-05
6.5933e-05
6.5577e-05
7.26758e-05
7.23015e-05
7.22675e-05
7.22695e-05
7.22723e-05
7.22806e-05
7.56166e-05
7.57181e-05
7.86075e-05
7.89905e-05
7.90516e-05
6.59524e-05
6.55812e-05
6.55682e-05
6.55719e-05
6.55745e-05
6.55756e-05
6.55761e-05
6.55757e-05
6.55753e-05
6.55746e-05
6.55746e-05
6.55742e-05
6.55745e-05
6.55743e-05
6.55745e-05
6.55742e-05
6.5574e-05
6.55736e-05
6.55734e-05
6.55732e-05
7.27017e-05
7.23086e-05
7.22695e-05
7.22708e-05
7.22732e-05
7.22741e-05
7.22738e-05
7.22736e-05
7.22736e-05
7.22738e-05
7.22739e-05
7.22741e-05
7.22743e-05
7.22744e-05
7.22745e-05
7.22745e-05
7.22746e-05
7.22747e-05
7.22747e-05
7.22747e-05
7.22747e-05
7.22747e-05
7.22748e-05
7.22748e-05
7.22749e-05
7.2275e-05
7.22751e-05
7.22751e-05
7.22752e-05
7.22753e-05
7.22754e-05
7.22754e-05
7.22754e-05
7.22754e-05
7.22754e-05
7.22754e-05
7.22754e-05
7.22755e-05
7.22755e-05
7.22755e-05
7.22755e-05
7.22755e-05
7.22755e-05
7.22755e-05
7.22755e-05
7.22755e-05
7.22755e-05
7.22755e-05
7.22755e-05
7.22755e-05
7.22755e-05
7.22755e-05
7.22755e-05
7.22755e-05
7.22755e-05
7.22755e-05
7.22755e-05
7.22754e-05
7.22753e-05
7.22749e-05
7.22849e-05
0.000163341
0.000157645
0.000160165
0.000162089
0.000162461
0.000163863
0.000157692
0.000156852
0.00016007
0.000160237
0.000160258
0.000160275
0.000160283
0.000160251
0.000162094
0.000162476
0.000163868
0.000164283
0.000164386
0.0001578
0.000156932
0.000156847
0.000156847
0.000156852
0.000156855
0.000156856
0.000156856
0.000156856
0.000156856
0.000156856
0.000156856
0.000156857
0.000156857
0.000156858
0.000156858
0.000156858
0.000156858
0.000156855
0.000156787
0.000160077
0.000160242
0.000160258
0.000160274
0.000160282
0.000160286
0.000160288
0.00016029
0.000160291
0.000160291
0.000160292
0.000160292
0.000160292
0.000160292
0.000160292
0.000160293
0.000160293
0.000160293
0.000160293
0.000160293
0.000160293
0.000160293
0.000160293
0.000160293
0.000160293
0.000160294
0.000160294
0.000160294
0.000160294
0.000160294
0.000160294
0.000160294
0.000160294
0.000160294
0.000160294
0.000160294
0.000160294
0.000160294
0.000160294
0.000160294
0.000160294
0.000160294
0.000160294
0.000160294
0.000160294
0.000160294
0.000160294
0.000160294
0.000160294
0.000160294
0.000160294
0.000160294
0.000160294
0.000160294
0.000160294
0.000160294
0.000160294
0.000160294
0.000160293
0.000160291
0.000160261
0.000253049
0.000251756
0.000251866
0.00025239
0.000252527
0.000253152
0.000251741
0.000251391
0.000251796
0.000251796
0.000251798
0.000251814
0.000251826
0.0002518
0.000252378
0.000252536
0.000253162
0.000253417
0.000253494
0.000251839
0.000251462
0.000251421
0.000251433
0.000251446
0.000251453
0.000251458
0.000251459
0.000251461
0.000251462
0.000251463
0.000251464
0.000251465
0.000251465
0.000251465
0.000251466
0.000251466
0.000251466
0.000251464
0.000251407
0.000251836
0.000251822
0.000251813
0.000251824
0.000251834
0.000251841
0.000251844
0.000251848
0.00025185
0.000251851
0.000251852
0.000251853
0.000251854
0.000251854
0.000251854
0.000251855
0.000251855
0.000251855
0.000251855
0.000251855
0.000251856
0.000251856
0.000251856
0.000251856
0.000251856
0.000251856
0.000251857
0.000251857
0.000251857
0.000251857
0.000251857
0.000251857
0.000251857
0.000251857
0.000251857
0.000251857
0.000251857
0.000251857
0.000251857
0.000251857
0.000251857
0.000251856
0.000251856
0.000251856
0.000251856
0.000251856
0.000251856
0.000251856
0.000251855
0.000251855
0.000251855
0.000251855
0.000251855
0.000251855
0.000251855
0.000251855
0.000251855
0.000251855
0.000251855
0.000251852
0.000251817
0.000340712
0.000340459
0.000340343
0.000340415
0.000340437
0.000340647
0.000340406
0.000340318
0.000340293
0.000340269
0.000340275
0.000340293
0.000340308
0.000340295
0.000340413
0.000340446
0.000340657
0.000340761
0.000340799
0.000340464
0.000340363
0.00034036
0.000340377
0.000340392
0.000340404
0.000340412
0.000340416
0.00034042
0.000340423
0.000340425
0.000340427
0.000340428
0.000340429
0.00034043
0.00034043
0.00034043
0.000340431
0.00034043
0.000340394
0.000340359
0.000340316
0.000340307
0.000340316
0.000340327
0.000340335
0.00034034
0.000340345
0.000340348
0.000340351
0.000340353
0.000340354
0.000340356
0.000340356
0.000340357
0.000340358
0.000340358
0.000340358
0.000340359
0.000340359
0.00034036
0.00034036
0.00034036
0.00034036
0.000340361
0.000340361
0.000340361
0.000340361
0.000340362
0.000340362
0.000340362
0.000340362
0.000340362
0.000340362
0.000340362
0.000340362
0.000340362
0.000340362
0.000340361
0.000340361
0.000340361
0.00034036
0.00034036
0.00034036
0.000340359
0.000340359
0.000340359
0.000340359
0.000340359
0.000340358
0.000340358
0.000340358
0.000340358
0.000340358
0.000340358
0.000340358
0.000340358
0.000340358
0.000340358
0.000340355
0.000340327
0.000422805
0.00042275
0.000422686
0.000422672
0.000422664
0.000422717
0.000422688
0.000422669
0.000422635
0.000422625
0.000422635
0.000422652
0.000422668
0.000422665
0.000422673
0.000422669
0.000422723
0.000422755
0.000422771
0.000422716
0.000422697
0.000422704
0.00042272
0.000422736
0.000422749
0.000422759
0.000422767
0.000422773
0.000422777
0.000422781
0.000422784
0.000422786
0.000422788
0.000422789
0.000422789
0.00042279
0.000422791
0.00042279
0.000422768
0.000422718
0.000422689
0.000422683
0.00042269
0.000422698
0.000422706
0.000422712
0.000422718
0.000422722
0.000422726
0.000422729
0.000422731
0.000422733
0.000422734
0.000422735
0.000422736
0.000422737
0.000422738
0.000422738
0.000422739
0.00042274
0.00042274
0.000422741
0.000422741
0.000422742
0.000422742
0.000422742
0.000422743
0.000422743
0.000422743
0.000422743
0.000422744
0.000422744
0.000422744
0.000422743
0.000422743
0.000422743
0.000422743
0.000422742
0.000422742
0.000422742
0.000422741
0.000422741
0.00042274
0.00042274
0.000422739
0.000422739
0.000422738
0.000422738
0.000422738
0.000422737
0.000422737
0.000422737
0.000422737
0.000422737
0.000422737
0.000422737
0.000422737
0.000422736
0.000422735
0.000422714
0.000498572
0.00049855
0.000498518
0.000498497
0.000498485
0.000498491
0.000498485
0.000498476
0.00049846
0.000498457
0.000498466
0.00049848
0.000498495
0.000498497
0.00049849
0.000498482
0.000498489
0.000498495
0.000498501
0.000498495
0.000498492
0.000498499
0.000498512
0.000498527
0.000498541
0.000498552
0.000498561
0.000498568
0.000498575
0.00049858
0.000498584
0.000498588
0.00049859
0.000498591
0.000498592
0.000498594
0.000498595
0.000498595
0.000498581
0.000498551
0.000498532
0.000498526
0.000498529
0.000498535
0.000498542
0.000498548
0.000498554
0.000498559
0.000498563
0.000498567
0.000498569
0.000498572
0.000498574
0.000498576
0.000498577
0.000498578
0.000498579
0.000498581
0.000498581
0.000498582
0.000498583
0.000498584
0.000498585
0.000498585
0.000498586
0.000498587
0.000498587
0.000498588
0.000498588
0.000498588
0.000498589
0.000498589
0.000498589
0.000498589
0.000498588
0.000498588
0.000498588
0.000498587
0.000498587
0.000498586
0.000498585
0.000498585
0.000498584
0.000498583
0.000498583
0.000498582
0.000498581
0.000498581
0.000498581
0.00049858
0.00049858
0.00049858
0.000498579
0.000498579
0.000498579
0.000498579
0.000498579
0.000498579
0.000498577
0.000498563
0.000568118
0.000568102
0.00056808
0.000568062
0.00056805
0.000568042
0.000568035
0.000568026
0.000568014
0.000568012
0.000568019
0.00056803
0.000568042
0.000568046
0.000568041
0.000568035
0.000568032
0.000568031
0.000568032
0.000568032
0.000568031
0.000568035
0.000568045
0.000568058
0.000568071
0.000568083
0.000568093
0.000568101
0.000568109
0.000568115
0.000568121
0.000568125
0.000568128
0.000568131
0.000568132
0.000568134
0.000568135
0.000568136
0.000568126
0.000568108
0.000568094
0.000568087
0.000568087
0.00056809
0.000568095
0.000568101
0.000568107
0.000568112
0.000568116
0.00056812
0.000568124
0.000568127
0.000568129
0.000568132
0.000568133
0.000568135
0.000568137
0.000568138
0.00056814
0.000568141
0.000568142
0.000568143
0.000568144
0.000568145
0.000568146
0.000568147
0.000568148
0.000568149
0.000568149
0.00056815
0.00056815
0.00056815
0.00056815
0.00056815
0.00056815
0.00056815
0.000568149
0.000568149
0.000568148
0.000568147
0.000568146
0.000568145
0.000568144
0.000568144
0.000568143
0.000568142
0.000568141
0.000568141
0.00056814
0.00056814
0.000568139
0.000568139
0.000568139
0.000568138
0.000568138
0.000568138
0.000568138
0.000568138
0.000568136
0.000568126
0.000631832
0.000631818
0.000631799
0.000631783
0.00063177
0.00063176
0.00063175
0.000631739
0.000631728
0.000631725
0.000631728
0.000631736
0.000631745
0.000631751
0.000631749
0.000631745
0.00063174
0.000631737
0.000631736
0.000631735
0.000631734
0.000631736
0.000631743
0.000631754
0.000631766
0.000631778
0.000631788
0.000631797
0.000631806
0.000631813
0.000631819
0.000631824
0.000631828
0.000631831
0.000631833
0.000631835
0.000631837
0.000631839
0.000631832
0.000631819
0.000631807
0.0006318
0.000631798
0.000631799
0.000631802
0.000631807
0.000631812
0.000631817
0.000631822
0.000631826
0.00063183
0.000631834
0.000631837
0.000631839
0.000631842
0.000631844
0.000631846
0.000631848
0.00063185
0.000631852
0.000631853
0.000631855
0.000631856
0.000631858
0.000631859
0.00063186
0.000631861
0.000631862
0.000631863
0.000631864
0.000631865
0.000631865
0.000631865
0.000631865
0.000631865
0.000631865
0.000631864
0.000631863
0.000631863
0.000631862
0.000631861
0.000631859
0.000631858
0.000631857
0.000631856
0.000631855
0.000631854
0.000631854
0.000631853
0.000631852
0.000631852
0.000631851
0.000631851
0.000631851
0.00063185
0.00063185
0.00063185
0.00063185
0.000631849
0.000631841
0.000690186
0.000690174
0.000690158
0.000690142
0.000690129
0.000690117
0.000690106
0.000690094
0.000690083
0.000690078
0.000690079
0.000690083
0.00069009
0.000690095
0.000690095
0.000690093
0.000690089
0.000690085
0.000690083
0.000690082
0.000690079
0.00069008
0.000690085
0.000690094
0.000690105
0.000690116
0.000690126
0.000690135
0.000690144
0.000690152
0.000690158
0.000690164
0.000690169
0.000690172
0.000690175
0.000690177
0.00069018
0.000690181
0.000690177
0.000690167
0.000690157
0.00069015
0.000690146
0.000690145
0.000690147
0.000690151
0.000690156
0.000690161
0.000690166
0.00069017
0.000690174
0.000690178
0.000690182
0.000690185
0.000690188
0.000690191
0.000690193
0.000690196
0.000690198
0.0006902
0.000690202
0.000690204
0.000690206
0.000690208
0.00069021
0.000690212
0.000690213
0.000690215
0.000690216
0.000690217
0.000690218
0.000690219
0.000690219
0.000690219
0.000690219
0.000690219
0.000690218
0.000690217
0.000690216
0.000690215
0.000690214
0.000690213
0.000690211
0.00069021
0.000690209
0.000690208
0.000690206
0.000690206
0.000690205
0.000690204
0.000690203
0.000690203
0.000690202
0.000690202
0.000690201
0.000690201
0.000690201
0.0006902
0.0006902
0.000690194
0.000743662
0.000743652
0.000743637
0.000743623
0.00074361
0.000743598
0.000743586
0.000743573
0.000743562
0.000743555
0.000743553
0.000743555
0.00074356
0.000743564
0.000743565
0.000743564
0.000743561
0.000743556
0.000743554
0.000743552
0.000743549
0.000743549
0.000743552
0.000743559
0.000743568
0.000743578
0.000743588
0.000743597
0.000743606
0.000743614
0.000743621
0.000743627
0.000743632
0.000743636
0.000743639
0.000743642
0.000743644
0.000743646
0.000743643
0.000743636
0.000743628
0.00074362
0.000743616
0.000743614
0.000743615
0.000743618
0.000743622
0.000743627
0.000743631
0.000743636
0.00074364
0.000743645
0.000743648
0.000743652
0.000743656
0.000743659
0.000743662
0.000743665
0.000743668
0.000743671
0.000743673
0.000743676
0.000743678
0.000743681
0.000743683
0.000743685
0.000743687
0.000743689
0.000743691
0.000743692
0.000743694
0.000743695
0.000743695
0.000743696
0.000743696
0.000743695
0.000743695
0.000743694
0.000743693
0.000743692
0.00074369
0.000743689
0.000743687
0.000743686
0.000743684
0.000743683
0.000743681
0.00074368
0.000743679
0.000743678
0.000743677
0.000743677
0.000743676
0.000743676
0.000743675
0.000743675
0.000743675
0.000743674
0.000743673
0.00074367
0.000792719
0.00079271
0.000792697
0.000792683
0.000792671
0.000792658
0.000792646
0.000792633
0.000792621
0.000792614
0.00079261
0.00079261
0.000792613
0.000792616
0.000792616
0.000792616
0.000792613
0.000792609
0.000792607
0.000792604
0.000792601
0.000792599
0.000792601
0.000792606
0.000792614
0.000792623
0.000792632
0.000792641
0.000792649
0.000792657
0.000792665
0.000792671
0.000792676
0.00079268
0.000792683
0.000792686
0.000792689
0.000792691
0.000792689
0.000792684
0.000792677
0.00079267
0.000792665
0.000792662
0.000792662
0.000792664
0.000792668
0.000792672
0.000792677
0.000792681
0.000792686
0.000792691
0.000792695
0.000792699
0.000792703
0.000792707
0.00079271
0.000792714
0.000792717
0.000792721
0.000792724
0.000792727
0.00079273
0.000792733
0.000792736
0.000792739
0.000792742
0.000792744
0.000792746
0.000792748
0.00079275
0.000792751
0.000792752
0.000792753
0.000792753
0.000792753
0.000792752
0.000792751
0.00079275
0.000792749
0.000792747
0.000792746
0.000792744
0.000792742
0.00079274
0.000792739
0.000792737
0.000792736
0.000792735
0.000792734
0.000792733
0.000792732
0.000792731
0.00079273
0.00079273
0.00079273
0.000792729
0.000792729
0.000792728
0.000792725
0.000837774
0.000837767
0.000837755
0.000837743
0.000837731
0.000837718
0.000837706
0.000837693
0.000837681
0.000837672
0.000837667
0.000837665
0.000837666
0.000837668
0.000837668
0.000837668
0.000837666
0.000837662
0.000837659
0.000837657
0.000837653
0.00083765
0.00083765
0.000837654
0.00083766
0.000837668
0.000837676
0.000837685
0.000837693
0.000837701
0.000837708
0.000837714
0.00083772
0.000837724
0.000837727
0.00083773
0.000837732
0.000837734
0.000837733
0.000837729
0.000837724
0.000837717
0.000837712
0.000837709
0.000837708
0.000837709
0.000837712
0.000837716
0.000837721
0.000837725
0.00083773
0.000837735
0.00083774
0.000837744
0.000837749
0.000837753
0.000837757
0.000837761
0.000837765
0.000837769
0.000837773
0.000837777
0.000837781
0.000837784
0.000837788
0.000837792
0.000837795
0.000837798
0.000837801
0.000837804
0.000837806
0.000837808
0.000837809
0.00083781
0.00083781
0.00083781
0.00083781
0.000837809
0.000837807
0.000837806
0.000837804
0.000837802
0.0008378
0.000837799
0.000837797
0.000837795
0.000837793
0.000837792
0.00083779
0.000837789
0.000837788
0.000837787
0.000837786
0.000837785
0.000837785
0.000837784
0.000837784
0.000837783
0.000837783
0.00083778
0.0008792
0.000879194
0.000879184
0.000879172
0.000879161
0.000879149
0.000879136
0.000879123
0.000879111
0.000879102
0.000879096
0.000879092
0.000879091
0.000879092
0.000879092
0.000879091
0.00087909
0.000879086
0.000879083
0.00087908
0.000879076
0.000879073
0.000879072
0.000879074
0.000879079
0.000879085
0.000879092
0.0008791
0.000879108
0.000879115
0.000879122
0.000879128
0.000879134
0.000879138
0.000879141
0.000879143
0.000879146
0.000879147
0.000879147
0.000879144
0.000879139
0.000879134
0.000879129
0.000879125
0.000879123
0.000879124
0.000879126
0.00087913
0.000879134
0.000879139
0.000879144
0.000879149
0.000879154
0.000879159
0.000879164
0.000879169
0.000879174
0.000879178
0.000879183
0.000879187
0.000879192
0.000879197
0.000879201
0.000879206
0.00087921
0.000879215
0.000879219
0.000879223
0.000879226
0.000879229
0.000879232
0.000879234
0.000879236
0.000879237
0.000879238
0.000879238
0.000879238
0.000879237
0.000879236
0.000879234
0.000879232
0.00087923
0.000879228
0.000879226
0.000879224
0.000879222
0.00087922
0.000879218
0.000879216
0.000879215
0.000879214
0.000879212
0.000879212
0.000879211
0.00087921
0.00087921
0.000879209
0.000879209
0.000879208
0.000879206
0.000917313
0.000917308
0.000917299
0.000917289
0.000917278
0.000917267
0.000917255
0.000917241
0.000917229
0.00091722
0.000917213
0.000917208
0.000917205
0.000917204
0.000917204
0.000917203
0.000917202
0.000917198
0.000917195
0.000917192
0.000917187
0.000917183
0.000917182
0.000917182
0.000917186
0.000917191
0.000917197
0.000917204
0.000917211
0.000917218
0.000917225
0.000917231
0.000917236
0.00091724
0.000917242
0.000917245
0.000917247
0.000917248
0.000917247
0.000917245
0.000917241
0.000917236
0.000917232
0.000917227
0.000917225
0.000917225
0.000917227
0.000917231
0.000917235
0.00091724
0.000917245
0.00091725
0.000917256
0.000917261
0.000917266
0.000917272
0.000917277
0.000917282
0.000917288
0.000917293
0.000917298
0.000917304
0.000917309
0.000917314
0.00091732
0.000917325
0.00091733
0.000917335
0.000917339
0.000917343
0.000917346
0.000917349
0.000917351
0.000917353
0.000917354
0.000917354
0.000917354
0.000917353
0.000917352
0.00091735
0.000917348
0.000917346
0.000917343
0.000917341
0.000917339
0.000917336
0.000917334
0.000917332
0.000917331
0.000917329
0.000917328
0.000917326
0.000917325
0.000917324
0.000917324
0.000917323
0.000917323
0.000917322
0.000917322
0.00091732
0.000952371
0.000952367
0.000952359
0.00095235
0.00095234
0.000952329
0.000952317
0.000952304
0.000952292
0.000952282
0.000952274
0.000952268
0.000952265
0.000952263
0.000952261
0.00095226
0.000952259
0.000952255
0.000952252
0.000952248
0.000952244
0.000952239
0.000952237
0.000952236
0.000952238
0.000952242
0.000952247
0.000952253
0.00095226
0.000952266
0.000952272
0.000952278
0.000952282
0.000952286
0.000952288
0.00095229
0.000952292
0.000952293
0.000952292
0.00095229
0.000952287
0.000952282
0.000952278
0.000952274
0.000952271
0.000952271
0.000952272
0.000952276
0.00095228
0.000952285
0.00095229
0.000952295
0.000952301
0.000952307
0.000952313
0.000952318
0.000952324
0.00095233
0.000952336
0.000952342
0.000952348
0.000952355
0.000952361
0.000952367
0.000952374
0.00095238
0.000952386
0.000952391
0.000952396
0.000952401
0.000952405
0.000952409
0.000952411
0.000952413
0.000952415
0.000952415
0.000952415
0.000952414
0.000952413
0.000952411
0.000952409
0.000952406
0.000952404
0.000952401
0.000952399
0.000952396
0.000952394
0.000952392
0.00095239
0.000952388
0.000952386
0.000952385
0.000952384
0.000952383
0.000952382
0.000952382
0.000952381
0.000952381
0.00095238
0.000952379
0.000984564
0.00098456
0.000984554
0.000984546
0.000984537
0.000984527
0.000984515
0.000984503
0.00098449
0.00098448
0.000984472
0.000984465
0.00098446
0.000984457
0.000984454
0.000984453
0.000984451
0.000984448
0.000984444
0.00098444
0.000984435
0.000984431
0.000984427
0.000984426
0.000984427
0.000984429
0.000984433
0.000984438
0.000984444
0.00098445
0.000984455
0.00098446
0.000984464
0.000984467
0.000984469
0.000984471
0.000984472
0.000984472
0.000984471
0.000984469
0.000984466
0.000984462
0.000984458
0.000984454
0.000984451
0.000984451
0.000984452
0.000984455
0.000984459
0.000984464
0.000984469
0.000984475
0.000984481
0.000984487
0.000984493
0.000984499
0.000984506
0.000984513
0.000984519
0.000984526
0.000984533
0.00098454
0.000984548
0.000984555
0.000984562
0.000984569
0.000984576
0.000984583
0.000984589
0.000984594
0.000984599
0.000984603
0.000984607
0.000984609
0.000984611
0.000984611
0.000984611
0.00098461
0.000984609
0.000984607
0.000984605
0.000984602
0.000984599
0.000984597
0.000984594
0.000984591
0.000984588
0.000984586
0.000984584
0.000984582
0.00098458
0.000984579
0.000984578
0.000984577
0.000984576
0.000984575
0.000984575
0.000984574
0.000984574
0.000984573
0.00101401
0.00101401
0.001014
0.00101399
0.00101399
0.00101398
0.00101397
0.00101395
0.00101394
0.00101393
0.00101392
0.00101392
0.00101391
0.00101391
0.0010139
0.0010139
0.0010139
0.00101389
0.00101389
0.00101389
0.00101388
0.00101388
0.00101387
0.00101387
0.00101387
0.00101387
0.00101387
0.00101388
0.00101388
0.00101389
0.00101389
0.0010139
0.0010139
0.0010139
0.0010139
0.0010139
0.00101391
0.00101391
0.0010139
0.0010139
0.0010139
0.0010139
0.00101389
0.00101389
0.00101388
0.00101388
0.00101388
0.00101389
0.00101389
0.0010139
0.0010139
0.00101391
0.00101391
0.00101392
0.00101393
0.00101393
0.00101394
0.00101395
0.00101396
0.00101396
0.00101397
0.00101398
0.00101399
0.001014
0.001014
0.00101401
0.00101402
0.00101403
0.00101404
0.00101404
0.00101405
0.00101405
0.00101406
0.00101406
0.00101406
0.00101406
0.00101406
0.00101406
0.00101406
0.00101406
0.00101405
0.00101405
0.00101405
0.00101405
0.00101404
0.00101404
0.00101404
0.00101403
0.00101403
0.00101403
0.00101403
0.00101403
0.00101403
0.00101402
0.00101402
0.00101402
0.00101402
0.00101402
0.00101402
0.00101402
0.00104075
0.00104075
0.00104075
0.00104074
0.00104073
0.00104072
0.00104071
0.0010407
0.00104069
0.00104068
0.00104067
0.00104066
0.00104066
0.00104065
0.00104065
0.00104064
0.00104064
0.00104064
0.00104063
0.00104063
0.00104062
0.00104062
0.00104061
0.00104061
0.00104061
0.00104061
0.00104061
0.00104062
0.00104062
0.00104062
0.00104063
0.00104063
0.00104063
0.00104064
0.00104064
0.00104064
0.00104064
0.00104063
0.00104063
0.00104063
0.00104063
0.00104062
0.00104062
0.00104062
0.00104061
0.00104061
0.00104061
0.00104062
0.00104062
0.00104063
0.00104063
0.00104064
0.00104064
0.00104065
0.00104066
0.00104067
0.00104067
0.00104068
0.00104069
0.0010407
0.00104071
0.00104072
0.00104073
0.00104073
0.00104074
0.00104075
0.00104076
0.00104077
0.00104078
0.00104079
0.00104079
0.0010408
0.0010408
0.0010408
0.00104081
0.00104081
0.00104081
0.00104081
0.00104081
0.0010408
0.0010408
0.0010408
0.0010408
0.00104079
0.00104079
0.00104079
0.00104078
0.00104078
0.00104078
0.00104078
0.00104077
0.00104077
0.00104077
0.00104077
0.00104077
0.00104077
0.00104077
0.00104077
0.00104077
0.00104077
0.00106476
0.00106476
0.00106475
0.00106475
0.00106474
0.00106473
0.00106472
0.00106471
0.0010647
0.00106469
0.00106468
0.00106467
0.00106467
0.00106466
0.00106465
0.00106465
0.00106465
0.00106464
0.00106464
0.00106463
0.00106463
0.00106462
0.00106462
0.00106462
0.00106461
0.00106461
0.00106461
0.00106462
0.00106462
0.00106462
0.00106462
0.00106463
0.00106463
0.00106463
0.00106463
0.00106463
0.00106463
0.00106463
0.00106462
0.00106462
0.00106462
0.00106462
0.00106461
0.00106461
0.00106461
0.00106461
0.00106461
0.00106461
0.00106461
0.00106462
0.00106462
0.00106463
0.00106464
0.00106464
0.00106465
0.00106466
0.00106467
0.00106468
0.00106468
0.00106469
0.0010647
0.00106471
0.00106472
0.00106473
0.00106475
0.00106476
0.00106477
0.00106477
0.00106478
0.00106479
0.0010648
0.0010648
0.00106481
0.00106481
0.00106482
0.00106482
0.00106482
0.00106482
0.00106482
0.00106481
0.00106481
0.00106481
0.0010648
0.0010648
0.0010648
0.00106479
0.00106479
0.00106479
0.00106478
0.00106478
0.00106478
0.00106478
0.00106478
0.00106478
0.00106478
0.00106478
0.00106477
0.00106477
0.00106477
0.00106477
0.00108592
0.00108592
0.00108591
0.00108591
0.0010859
0.0010859
0.00108589
0.00108588
0.00108587
0.00108586
0.00108585
0.00108584
0.00108583
0.00108582
0.00108582
0.00108581
0.00108581
0.0010858
0.0010858
0.0010858
0.00108579
0.00108578
0.00108578
0.00108578
0.00108577
0.00108577
0.00108577
0.00108577
0.00108577
0.00108578
0.00108578
0.00108578
0.00108578
0.00108578
0.00108578
0.00108578
0.00108578
0.00108577
0.00108577
0.00108577
0.00108577
0.00108576
0.00108576
0.00108576
0.00108575
0.00108575
0.00108575
0.00108576
0.00108576
0.00108576
0.00108577
0.00108578
0.00108578
0.00108579
0.0010858
0.00108581
0.00108582
0.00108583
0.00108584
0.00108585
0.00108586
0.00108587
0.00108588
0.00108589
0.0010859
0.00108591
0.00108592
0.00108593
0.00108594
0.00108595
0.00108596
0.00108597
0.00108597
0.00108598
0.00108598
0.00108598
0.00108598
0.00108598
0.00108598
0.00108598
0.00108597
0.00108597
0.00108597
0.00108596
0.00108596
0.00108596
0.00108595
0.00108595
0.00108595
0.00108594
0.00108594
0.00108594
0.00108594
0.00108594
0.00108594
0.00108594
0.00108594
0.00108594
0.00108594
0.00108594
0.00110406
0.00110406
0.00110406
0.00110406
0.00110405
0.00110404
0.00110404
0.00110403
0.00110402
0.00110401
0.001104
0.00110399
0.00110398
0.00110397
0.00110396
0.00110396
0.00110395
0.00110395
0.00110394
0.00110394
0.00110393
0.00110393
0.00110393
0.00110392
0.00110392
0.00110392
0.00110391
0.00110391
0.00110391
0.00110392
0.00110392
0.00110392
0.00110392
0.00110392
0.00110391
0.00110391
0.00110391
0.00110391
0.0011039
0.0011039
0.0011039
0.00110389
0.00110389
0.00110389
0.00110389
0.00110389
0.00110389
0.00110389
0.00110389
0.0011039
0.0011039
0.00110391
0.00110392
0.00110392
0.00110393
0.00110394
0.00110395
0.00110396
0.00110397
0.00110398
0.00110399
0.00110401
0.00110402
0.00110403
0.00110404
0.00110405
0.00110407
0.00110408
0.00110409
0.0011041
0.00110411
0.00110411
0.00110412
0.00110412
0.00110413
0.00110413
0.00110413
0.00110413
0.00110413
0.00110412
0.00110412
0.00110412
0.00110411
0.00110411
0.00110411
0.0011041
0.0011041
0.0011041
0.00110409
0.00110409
0.00110409
0.00110409
0.00110409
0.00110408
0.00110408
0.00110408
0.00110408
0.00110408
0.00110408
0.00110408
0.00111898
0.00111898
0.00111898
0.00111897
0.00111897
0.00111896
0.00111896
0.00111895
0.00111894
0.00111893
0.00111892
0.00111891
0.0011189
0.00111889
0.00111888
0.00111888
0.00111887
0.00111887
0.00111886
0.00111886
0.00111885
0.00111885
0.00111884
0.00111884
0.00111883
0.00111883
0.00111883
0.00111883
0.00111883
0.00111883
0.00111883
0.00111883
0.00111882
0.00111882
0.00111882
0.00111882
0.00111881
0.00111881
0.00111881
0.0011188
0.0011188
0.0011188
0.00111879
0.00111879
0.00111879
0.00111879
0.00111879
0.00111879
0.0011188
0.0011188
0.00111881
0.00111881
0.00111882
0.00111883
0.00111884
0.00111885
0.00111886
0.00111887
0.00111888
0.00111889
0.0011189
0.00111892
0.00111893
0.00111894
0.00111896
0.00111897
0.00111898
0.00111899
0.001119
0.00111901
0.00111902
0.00111903
0.00111904
0.00111904
0.00111905
0.00111905
0.00111905
0.00111905
0.00111904
0.00111904
0.00111904
0.00111904
0.00111903
0.00111903
0.00111902
0.00111902
0.00111902
0.00111901
0.00111901
0.00111901
0.00111901
0.001119
0.001119
0.001119
0.001119
0.001119
0.001119
0.001119
0.001119
0.001119
0.00113043
0.00113043
0.00113043
0.00113043
0.00113043
0.00113042
0.00113041
0.00113041
0.0011304
0.00113039
0.00113038
0.00113037
0.00113036
0.00113035
0.00113034
0.00113033
0.00113033
0.00113032
0.00113032
0.00113031
0.00113031
0.0011303
0.0011303
0.0011303
0.00113029
0.00113029
0.00113028
0.00113028
0.00113028
0.00113028
0.00113028
0.00113028
0.00113027
0.00113027
0.00113027
0.00113027
0.00113026
0.00113026
0.00113025
0.00113025
0.00113025
0.00113024
0.00113024
0.00113024
0.00113024
0.00113024
0.00113024
0.00113024
0.00113024
0.00113025
0.00113025
0.00113026
0.00113027
0.00113027
0.00113028
0.00113029
0.0011303
0.00113032
0.00113033
0.00113034
0.00113035
0.00113037
0.00113038
0.00113039
0.00113041
0.00113042
0.00113044
0.00113045
0.00113046
0.00113047
0.00113048
0.00113049
0.00113049
0.0011305
0.0011305
0.00113051
0.00113051
0.0011305
0.0011305
0.0011305
0.0011305
0.00113049
0.00113049
0.00113048
0.00113048
0.00113048
0.00113047
0.00113047
0.00113047
0.00113047
0.00113046
0.00113046
0.00113046
0.00113046
0.00113046
0.00113046
0.00113046
0.00113046
0.00113046
0.00113046
0.00113822
0.00113822
0.00113821
0.00113821
0.00113821
0.0011382
0.0011382
0.00113819
0.00113818
0.00113817
0.00113816
0.00113815
0.00113814
0.00113813
0.00113812
0.00113812
0.00113811
0.00113811
0.0011381
0.0011381
0.00113809
0.00113809
0.00113808
0.00113808
0.00113808
0.00113807
0.00113807
0.00113806
0.00113806
0.00113806
0.00113806
0.00113805
0.00113805
0.00113805
0.00113804
0.00113804
0.00113804
0.00113803
0.00113803
0.00113802
0.00113802
0.00113802
0.00113801
0.00113801
0.00113801
0.00113801
0.00113801
0.00113801
0.00113802
0.00113802
0.00113803
0.00113803
0.00113804
0.00113805
0.00113806
0.00113807
0.00113808
0.00113809
0.0011381
0.00113812
0.00113813
0.00113814
0.00113816
0.00113817
0.00113819
0.0011382
0.00113822
0.00113823
0.00113824
0.00113825
0.00113826
0.00113827
0.00113828
0.00113828
0.00113829
0.00113829
0.00113829
0.00113829
0.00113829
0.00113828
0.00113828
0.00113828
0.00113827
0.00113827
0.00113826
0.00113826
0.00113826
0.00113825
0.00113825
0.00113825
0.00113825
0.00113824
0.00113824
0.00113824
0.00113824
0.00113824
0.00113824
0.00113824
0.00113824
0.00113824
0.00114216
0.00114216
0.00114216
0.00114215
0.00114215
0.00114215
0.00114214
0.00114213
0.00114212
0.00114212
0.00114211
0.0011421
0.00114209
0.00114208
0.00114207
0.00114206
0.00114205
0.00114205
0.00114204
0.00114204
0.00114204
0.00114203
0.00114203
0.00114202
0.00114202
0.00114201
0.00114201
0.00114201
0.001142
0.001142
0.001142
0.00114199
0.00114199
0.00114198
0.00114198
0.00114198
0.00114197
0.00114197
0.00114196
0.00114196
0.00114195
0.00114195
0.00114195
0.00114195
0.00114195
0.00114195
0.00114195
0.00114195
0.00114195
0.00114196
0.00114196
0.00114197
0.00114198
0.00114198
0.00114199
0.001142
0.00114202
0.00114203
0.00114204
0.00114205
0.00114207
0.00114208
0.0011421
0.00114211
0.00114213
0.00114214
0.00114216
0.00114217
0.00114218
0.00114219
0.0011422
0.00114221
0.00114222
0.00114222
0.00114223
0.00114223
0.00114223
0.00114223
0.00114223
0.00114222
0.00114222
0.00114222
0.00114221
0.00114221
0.00114221
0.0011422
0.0011422
0.00114219
0.00114219
0.00114219
0.00114219
0.00114219
0.00114218
0.00114218
0.00114218
0.00114218
0.00114218
0.00114218
0.00114218
0.00114218
0.00114217
0.00114217
0.00114217
0.00114217
0.00114216
0.00114216
0.00114215
0.00114215
0.00114214
0.00114213
0.00114212
0.00114211
0.0011421
0.00114209
0.00114208
0.00114207
0.00114207
0.00114206
0.00114206
0.00114205
0.00114205
0.00114205
0.00114204
0.00114204
0.00114203
0.00114203
0.00114203
0.00114202
0.00114202
0.00114201
0.00114201
0.001142
0.001142
0.00114199
0.00114199
0.00114199
0.00114198
0.00114198
0.00114197
0.00114197
0.00114196
0.00114196
0.00114196
0.00114196
0.00114195
0.00114195
0.00114195
0.00114196
0.00114196
0.00114196
0.00114197
0.00114198
0.00114198
0.00114199
0.001142
0.00114201
0.00114202
0.00114204
0.00114205
0.00114206
0.00114208
0.00114209
0.00114211
0.00114212
0.00114214
0.00114215
0.00114217
0.00114218
0.00114219
0.0011422
0.00114221
0.00114222
0.00114223
0.00114223
0.00114224
0.00114224
0.00114224
0.00114224
0.00114224
0.00114224
0.00114223
0.00114223
0.00114223
0.00114222
0.00114222
0.00114221
0.00114221
0.00114221
0.0011422
0.0011422
0.0011422
0.0011422
0.0011422
0.0011422
0.00114219
0.00114219
0.00114219
0.00114219
0.00114219
0.00114219
0.00113825
0.00113825
0.00113825
0.00113825
0.00113825
0.00113824
0.00113824
0.00113823
0.00113822
0.00113821
0.0011382
0.00113819
0.00113818
0.00113817
0.00113817
0.00113816
0.00113815
0.00113815
0.00113814
0.00113814
0.00113814
0.00113813
0.00113813
0.00113813
0.00113812
0.00113812
0.00113811
0.00113811
0.0011381
0.00113809
0.00113809
0.00113808
0.00113808
0.00113808
0.00113807
0.00113807
0.00113806
0.00113806
0.00113805
0.00113805
0.00113804
0.00113804
0.00113804
0.00113804
0.00113804
0.00113803
0.00113804
0.00113804
0.00113804
0.00113804
0.00113805
0.00113806
0.00113806
0.00113807
0.00113808
0.00113809
0.00113811
0.00113812
0.00113813
0.00113815
0.00113816
0.00113817
0.00113819
0.0011382
0.00113822
0.00113823
0.00113825
0.00113826
0.00113827
0.00113828
0.00113829
0.0011383
0.00113831
0.00113832
0.00113832
0.00113832
0.00113832
0.00113832
0.00113832
0.00113832
0.00113831
0.00113831
0.00113831
0.0011383
0.0011383
0.0011383
0.00113829
0.00113829
0.00113829
0.00113828
0.00113828
0.00113828
0.00113828
0.00113828
0.00113828
0.00113828
0.00113828
0.00113828
0.00113828
0.00113828
0.00113049
0.00113049
0.00113049
0.00113049
0.00113049
0.00113048
0.00113048
0.00113047
0.00113046
0.00113045
0.00113044
0.00113043
0.00113042
0.00113042
0.00113041
0.0011304
0.0011304
0.00113039
0.00113039
0.00113038
0.00113038
0.00113038
0.00113038
0.00113037
0.00113037
0.00113036
0.00113036
0.00113035
0.00113034
0.00113034
0.00113033
0.00113033
0.00113032
0.00113032
0.00113031
0.00113031
0.0011303
0.0011303
0.00113029
0.00113029
0.00113029
0.00113028
0.00113028
0.00113028
0.00113028
0.00113028
0.00113028
0.00113028
0.00113028
0.00113028
0.00113029
0.0011303
0.0011303
0.00113031
0.00113032
0.00113033
0.00113035
0.00113036
0.00113037
0.00113039
0.0011304
0.00113041
0.00113043
0.00113044
0.00113046
0.00113047
0.00113049
0.0011305
0.00113051
0.00113052
0.00113053
0.00113054
0.00113055
0.00113055
0.00113056
0.00113056
0.00113056
0.00113056
0.00113056
0.00113056
0.00113055
0.00113055
0.00113055
0.00113054
0.00113054
0.00113053
0.00113053
0.00113053
0.00113053
0.00113052
0.00113052
0.00113052
0.00113052
0.00113052
0.00113052
0.00113052
0.00113052
0.00113052
0.00113052
0.00113052
0.00111906
0.00111906
0.00111906
0.00111905
0.00111905
0.00111905
0.00111904
0.00111903
0.00111902
0.00111902
0.00111901
0.001119
0.00111899
0.00111898
0.00111897
0.00111897
0.00111896
0.00111896
0.00111895
0.00111895
0.00111895
0.00111895
0.00111894
0.00111894
0.00111894
0.00111893
0.00111892
0.00111892
0.00111891
0.0011189
0.0011189
0.00111889
0.00111889
0.00111888
0.00111888
0.00111888
0.00111887
0.00111887
0.00111886
0.00111886
0.00111885
0.00111885
0.00111885
0.00111884
0.00111884
0.00111884
0.00111884
0.00111884
0.00111885
0.00111885
0.00111886
0.00111886
0.00111887
0.00111888
0.00111889
0.0011189
0.00111891
0.00111893
0.00111894
0.00111895
0.00111897
0.00111898
0.00111899
0.00111901
0.00111902
0.00111904
0.00111905
0.00111906
0.00111907
0.00111908
0.00111909
0.0011191
0.00111911
0.00111911
0.00111912
0.00111912
0.00111912
0.00111912
0.00111912
0.00111912
0.00111912
0.00111911
0.00111911
0.0011191
0.0011191
0.0011191
0.00111909
0.00111909
0.00111909
0.00111909
0.00111908
0.00111908
0.00111908
0.00111908
0.00111908
0.00111908
0.00111908
0.00111908
0.00111908
0.00111908
0.00110416
0.00110416
0.00110416
0.00110416
0.00110415
0.00110415
0.00110414
0.00110413
0.00110412
0.00110412
0.00110411
0.0011041
0.00110409
0.00110408
0.00110407
0.00110407
0.00110407
0.00110406
0.00110406
0.00110406
0.00110406
0.00110405
0.00110405
0.00110405
0.00110404
0.00110404
0.00110403
0.00110402
0.00110401
0.00110401
0.001104
0.001104
0.00110399
0.00110399
0.00110398
0.00110398
0.00110398
0.00110397
0.00110397
0.00110396
0.00110396
0.00110396
0.00110395
0.00110395
0.00110395
0.00110395
0.00110395
0.00110395
0.00110395
0.00110396
0.00110396
0.00110397
0.00110398
0.00110399
0.001104
0.00110401
0.00110402
0.00110403
0.00110404
0.00110406
0.00110407
0.00110408
0.0011041
0.00110411
0.00110412
0.00110414
0.00110415
0.00110416
0.00110417
0.00110418
0.00110419
0.0011042
0.00110421
0.00110421
0.00110422
0.00110422
0.00110422
0.00110422
0.00110422
0.00110422
0.00110421
0.00110421
0.00110421
0.0011042
0.0011042
0.0011042
0.00110419
0.00110419
0.00110419
0.00110419
0.00110418
0.00110418
0.00110418
0.00110418
0.00110418
0.00110418
0.00110418
0.00110418
0.00110418
0.00110418
0.00108603
0.00108603
0.00108603
0.00108602
0.00108602
0.00108601
0.00108601
0.001086
0.00108599
0.00108598
0.00108597
0.00108596
0.00108596
0.00108595
0.00108594
0.00108594
0.00108594
0.00108593
0.00108593
0.00108593
0.00108593
0.00108593
0.00108593
0.00108592
0.00108592
0.00108591
0.0010859
0.00108589
0.00108589
0.00108588
0.00108588
0.00108587
0.00108587
0.00108586
0.00108586
0.00108586
0.00108585
0.00108585
0.00108585
0.00108584
0.00108584
0.00108583
0.00108583
0.00108583
0.00108583
0.00108582
0.00108582
0.00108582
0.00108583
0.00108583
0.00108584
0.00108584
0.00108585
0.00108586
0.00108587
0.00108588
0.00108589
0.00108591
0.00108592
0.00108593
0.00108594
0.00108596
0.00108597
0.00108598
0.00108599
0.00108601
0.00108602
0.00108603
0.00108604
0.00108605
0.00108606
0.00108607
0.00108607
0.00108608
0.00108608
0.00108608
0.00108608
0.00108608
0.00108608
0.00108608
0.00108608
0.00108608
0.00108607
0.00108607
0.00108607
0.00108606
0.00108606
0.00108606
0.00108606
0.00108605
0.00108605
0.00108605
0.00108605
0.00108605
0.00108605
0.00108605
0.00108605
0.00108605
0.00108605
0.00108605
0.00106488
0.00106488
0.00106488
0.00106487
0.00106487
0.00106486
0.00106485
0.00106485
0.00106484
0.00106483
0.00106482
0.00106481
0.0010648
0.0010648
0.00106479
0.00106479
0.00106479
0.00106479
0.00106479
0.00106479
0.00106478
0.00106478
0.00106478
0.00106478
0.00106477
0.00106476
0.00106476
0.00106475
0.00106474
0.00106473
0.00106473
0.00106473
0.00106472
0.00106472
0.00106472
0.00106471
0.00106471
0.00106471
0.0010647
0.0010647
0.0010647
0.00106469
0.00106469
0.00106469
0.00106468
0.00106468
0.00106468
0.00106468
0.00106468
0.00106469
0.00106469
0.0010647
0.00106471
0.00106472
0.00106473
0.00106474
0.00106475
0.00106476
0.00106477
0.00106479
0.0010648
0.00106481
0.00106482
0.00106483
0.00106485
0.00106486
0.00106487
0.00106488
0.00106489
0.0010649
0.00106491
0.00106491
0.00106492
0.00106492
0.00106493
0.00106493
0.00106493
0.00106493
0.00106493
0.00106493
0.00106493
0.00106492
0.00106492
0.00106492
0.00106491
0.00106491
0.00106491
0.00106491
0.0010649
0.0010649
0.0010649
0.0010649
0.0010649
0.0010649
0.0010649
0.0010649
0.00106489
0.00106489
0.00106489
0.00106489
0.00104088
0.00104088
0.00104088
0.00104087
0.00104087
0.00104086
0.00104085
0.00104084
0.00104084
0.00104083
0.00104082
0.00104081
0.0010408
0.0010408
0.00104079
0.00104079
0.00104079
0.00104079
0.00104079
0.00104079
0.00104079
0.00104079
0.00104079
0.00104078
0.00104077
0.00104077
0.00104076
0.00104075
0.00104075
0.00104074
0.00104073
0.00104073
0.00104073
0.00104073
0.00104072
0.00104072
0.00104072
0.00104072
0.00104071
0.00104071
0.00104071
0.0010407
0.0010407
0.0010407
0.00104069
0.00104069
0.00104069
0.00104069
0.00104069
0.0010407
0.0010407
0.00104071
0.00104072
0.00104073
0.00104074
0.00104075
0.00104076
0.00104077
0.00104078
0.00104079
0.0010408
0.00104082
0.00104083
0.00104084
0.00104085
0.00104086
0.00104087
0.00104088
0.00104089
0.0010409
0.0010409
0.00104091
0.00104092
0.00104092
0.00104092
0.00104093
0.00104093
0.00104093
0.00104093
0.00104092
0.00104092
0.00104092
0.00104092
0.00104091
0.00104091
0.00104091
0.00104091
0.0010409
0.0010409
0.0010409
0.0010409
0.0010409
0.0010409
0.0010409
0.00104089
0.00104089
0.00104089
0.00104089
0.00104089
0.00104089
0.00101414
0.00101414
0.00101413
0.00101413
0.00101413
0.00101412
0.00101411
0.0010141
0.00101409
0.00101408
0.00101407
0.00101406
0.00101406
0.00101406
0.00101405
0.00101405
0.00101405
0.00101405
0.00101405
0.00101405
0.00101405
0.00101405
0.00101405
0.00101404
0.00101404
0.00101403
0.00101402
0.00101401
0.00101401
0.001014
0.001014
0.001014
0.00101399
0.00101399
0.00101399
0.00101399
0.00101399
0.00101398
0.00101398
0.00101398
0.00101398
0.00101397
0.00101397
0.00101396
0.00101396
0.00101396
0.00101396
0.00101396
0.00101396
0.00101396
0.00101397
0.00101398
0.00101399
0.001014
0.00101401
0.00101402
0.00101403
0.00101404
0.00101405
0.00101406
0.00101407
0.00101408
0.00101409
0.0010141
0.00101411
0.00101412
0.00101413
0.00101414
0.00101415
0.00101415
0.00101416
0.00101417
0.00101417
0.00101418
0.00101418
0.00101418
0.00101418
0.00101418
0.00101418
0.00101418
0.00101418
0.00101417
0.00101417
0.00101417
0.00101417
0.00101416
0.00101416
0.00101416
0.00101416
0.00101416
0.00101416
0.00101415
0.00101415
0.00101415
0.00101415
0.00101415
0.00101415
0.00101415
0.00101415
0.00101415
0.000984691
0.000984688
0.000984686
0.000984682
0.000984675
0.000984667
0.000984656
0.000984647
0.000984638
0.000984629
0.000984621
0.000984614
0.00098461
0.000984607
0.000984606
0.000984606
0.000984607
0.000984609
0.000984609
0.00098461
0.000984609
0.000984608
0.000984604
0.000984598
0.000984591
0.000984584
0.000984577
0.00098457
0.000984564
0.000984559
0.000984556
0.000984555
0.000984553
0.000984553
0.000984552
0.000984551
0.000984549
0.000984547
0.000984544
0.000984542
0.000984539
0.000984535
0.00098453
0.000984526
0.000984523
0.00098452
0.000984519
0.000984519
0.000984521
0.000984526
0.000984532
0.000984541
0.00098455
0.00098456
0.00098457
0.00098458
0.00098459
0.0009846
0.00098461
0.000984619
0.000984629
0.000984639
0.000984648
0.000984657
0.000984666
0.000984675
0.000984683
0.000984691
0.000984698
0.000984705
0.000984711
0.000984717
0.000984721
0.000984724
0.000984727
0.000984729
0.000984729
0.000984729
0.000984729
0.000984727
0.000984726
0.000984723
0.000984721
0.000984719
0.000984716
0.000984714
0.000984712
0.00098471
0.000984708
0.000984707
0.000984705
0.000984704
0.000984703
0.000984703
0.000984702
0.000984702
0.000984702
0.000984701
0.000984701
0.0009847
0.000952494
0.000952491
0.000952489
0.000952483
0.000952476
0.000952466
0.000952455
0.000952446
0.000952437
0.000952428
0.00095242
0.000952414
0.000952411
0.000952409
0.00095241
0.000952411
0.000952413
0.000952415
0.000952416
0.000952416
0.000952416
0.000952414
0.00095241
0.000952403
0.000952396
0.000952389
0.000952382
0.000952376
0.00095237
0.000952366
0.000952364
0.000952364
0.000952364
0.000952364
0.000952364
0.000952363
0.000952361
0.000952359
0.000952358
0.000952355
0.000952352
0.000952348
0.000952344
0.000952339
0.000952336
0.000952333
0.000952331
0.000952332
0.000952334
0.000952339
0.000952346
0.000952355
0.000952364
0.000952374
0.000952384
0.000952394
0.000952403
0.000952413
0.000952422
0.000952431
0.00095244
0.000952448
0.000952457
0.000952465
0.000952473
0.000952481
0.000952488
0.000952495
0.000952502
0.000952508
0.000952513
0.000952518
0.000952521
0.000952524
0.000952527
0.000952528
0.000952529
0.000952529
0.000952528
0.000952527
0.000952525
0.000952523
0.000952521
0.000952519
0.000952516
0.000952514
0.000952512
0.000952511
0.000952509
0.000952508
0.000952506
0.000952505
0.000952505
0.000952504
0.000952504
0.000952503
0.000952503
0.000952503
0.000952503
0.000952502
0.000917429
0.000917426
0.000917423
0.000917417
0.000917408
0.000917398
0.000917386
0.000917377
0.000917368
0.000917359
0.000917352
0.000917347
0.000917345
0.000917345
0.000917346
0.000917348
0.000917351
0.000917354
0.000917356
0.000917356
0.000917355
0.000917352
0.000917347
0.000917341
0.000917333
0.000917326
0.00091732
0.000917314
0.000917309
0.000917306
0.000917305
0.000917306
0.000917307
0.000917308
0.000917308
0.000917307
0.000917306
0.000917304
0.000917303
0.000917301
0.000917298
0.000917294
0.000917289
0.000917285
0.000917281
0.000917278
0.000917276
0.000917277
0.00091728
0.000917286
0.000917293
0.000917302
0.000917312
0.000917321
0.000917331
0.00091734
0.00091735
0.000917358
0.000917367
0.000917375
0.000917383
0.000917391
0.000917398
0.000917406
0.000917413
0.00091742
0.000917426
0.000917432
0.000917438
0.000917443
0.000917448
0.000917452
0.000917455
0.000917458
0.000917459
0.000917461
0.000917461
0.000917461
0.00091746
0.000917459
0.000917457
0.000917456
0.000917454
0.000917452
0.00091745
0.000917448
0.000917446
0.000917444
0.000917443
0.000917441
0.00091744
0.000917439
0.000917439
0.000917438
0.000917438
0.000917437
0.000917437
0.000917437
0.000917437
0.000917436
0.000879308
0.000879304
0.0008793
0.000879293
0.000879283
0.000879272
0.000879259
0.00087925
0.000879242
0.000879234
0.000879227
0.000879223
0.000879222
0.000879223
0.000879226
0.000879229
0.000879233
0.000879236
0.000879238
0.000879238
0.000879237
0.000879233
0.000879227
0.00087922
0.000879212
0.000879206
0.0008792
0.000879194
0.00087919
0.000879188
0.000879189
0.000879191
0.000879193
0.000879194
0.000879194
0.000879194
0.000879192
0.000879192
0.000879192
0.00087919
0.000879187
0.000879182
0.000879176
0.000879172
0.000879169
0.000879165
0.000879164
0.000879165
0.000879169
0.000879175
0.000879183
0.000879192
0.000879202
0.000879212
0.000879221
0.00087923
0.000879239
0.000879247
0.000879255
0.000879262
0.000879269
0.000879276
0.000879283
0.000879289
0.000879295
0.000879301
0.000879307
0.000879312
0.000879317
0.000879321
0.000879325
0.000879329
0.000879331
0.000879334
0.000879335
0.000879336
0.000879336
0.000879336
0.000879335
0.000879334
0.000879333
0.000879331
0.000879329
0.000879327
0.000879326
0.000879324
0.000879322
0.000879321
0.000879319
0.000879318
0.000879317
0.000879316
0.000879316
0.000879315
0.000879315
0.000879315
0.000879314
0.000879314
0.000879314
0.000879313
0.000837872
0.000837868
0.000837863
0.000837855
0.000837844
0.000837831
0.000837819
0.00083781
0.000837802
0.000837795
0.000837789
0.000837786
0.000837787
0.000837789
0.000837793
0.000837797
0.000837801
0.000837806
0.000837807
0.000837806
0.000837804
0.0008378
0.000837793
0.000837786
0.000837778
0.000837772
0.000837766
0.000837761
0.000837758
0.000837757
0.000837759
0.000837763
0.000837765
0.000837766
0.000837767
0.000837766
0.000837765
0.000837766
0.000837766
0.000837764
0.000837761
0.000837756
0.00083775
0.000837745
0.000837742
0.000837739
0.000837737
0.000837739
0.000837744
0.000837751
0.00083776
0.000837769
0.000837779
0.000837788
0.000837797
0.000837806
0.000837814
0.000837821
0.000837829
0.000837835
0.000837842
0.000837848
0.000837854
0.000837859
0.000837865
0.00083787
0.000837874
0.000837879
0.000837883
0.000837886
0.00083789
0.000837892
0.000837895
0.000837896
0.000837898
0.000837898
0.000837898
0.000837898
0.000837897
0.000837896
0.000837895
0.000837893
0.000837892
0.00083789
0.000837888
0.000837887
0.000837885
0.000837884
0.000837883
0.000837882
0.000837881
0.00083788
0.000837879
0.000837879
0.000837879
0.000837879
0.000837878
0.000837878
0.000837878
0.000837877
0.000792807
0.000792802
0.000792796
0.000792786
0.000792773
0.000792761
0.000792748
0.00079274
0.000792733
0.000792726
0.000792721
0.00079272
0.000792722
0.000792726
0.000792731
0.000792736
0.000792741
0.000792745
0.000792747
0.000792745
0.000792742
0.000792736
0.000792729
0.000792721
0.000792713
0.000792707
0.000792703
0.000792698
0.000792696
0.000792696
0.0007927
0.000792705
0.000792708
0.000792709
0.000792709
0.000792708
0.000792708
0.000792709
0.00079271
0.000792708
0.000792704
0.000792698
0.000792692
0.000792688
0.000792684
0.000792681
0.000792681
0.000792683
0.000792689
0.000792697
0.000792706
0.000792716
0.000792726
0.000792735
0.000792744
0.000792752
0.000792759
0.000792766
0.000792772
0.000792778
0.000792784
0.000792789
0.000792794
0.000792799
0.000792804
0.000792808
0.000792812
0.000792815
0.000792819
0.000792822
0.000792824
0.000792826
0.000792828
0.00079283
0.00079283
0.000792831
0.000792831
0.00079283
0.00079283
0.000792829
0.000792827
0.000792826
0.000792825
0.000792823
0.000792821
0.00079282
0.000792819
0.000792817
0.000792816
0.000792815
0.000792815
0.000792814
0.000792813
0.000792813
0.000792813
0.000792813
0.000792813
0.000792813
0.000792812
0.000792811
0.000743741
0.000743734
0.000743727
0.000743715
0.000743702
0.000743689
0.000743677
0.000743669
0.000743663
0.000743657
0.000743653
0.000743653
0.000743657
0.000743663
0.000743669
0.000743675
0.00074368
0.000743685
0.000743686
0.000743683
0.000743678
0.000743671
0.000743663
0.000743654
0.000743647
0.000743642
0.000743638
0.000743634
0.000743633
0.000743635
0.00074364
0.000743647
0.00074365
0.00074365
0.000743649
0.000743649
0.00074365
0.000743652
0.000743653
0.000743651
0.000743646
0.000743639
0.000743632
0.000743629
0.000743626
0.000743623
0.000743623
0.000743626
0.000743633
0.000743643
0.000743652
0.000743662
0.000743672
0.000743681
0.000743689
0.000743696
0.000743703
0.000743709
0.000743715
0.00074372
0.000743725
0.00074373
0.000743734
0.000743738
0.000743742
0.000743745
0.000743748
0.000743751
0.000743754
0.000743756
0.000743758
0.00074376
0.000743761
0.000743762
0.000743763
0.000743763
0.000743763
0.000743762
0.000743762
0.000743761
0.00074376
0.000743758
0.000743757
0.000743756
0.000743754
0.000743753
0.000743752
0.000743751
0.00074375
0.000743749
0.000743748
0.000743748
0.000743747
0.000743747
0.000743747
0.000743746
0.000743746
0.000743746
0.000743746
0.000743745
0.000690255
0.000690247
0.000690238
0.000690225
0.000690211
0.000690197
0.000690186
0.00069018
0.000690175
0.000690169
0.000690167
0.000690169
0.000690175
0.000690182
0.000690189
0.000690196
0.000690202
0.000690207
0.000690206
0.000690201
0.000690195
0.000690186
0.000690177
0.000690169
0.000690162
0.000690158
0.000690155
0.000690152
0.000690151
0.000690156
0.000690163
0.000690171
0.000690174
0.000690172
0.000690171
0.000690171
0.000690173
0.000690176
0.000690177
0.000690173
0.000690167
0.00069016
0.000690153
0.00069015
0.000690147
0.000690145
0.000690146
0.000690151
0.000690159
0.000690169
0.00069018
0.00069019
0.000690199
0.000690208
0.000690215
0.000690222
0.000690228
0.000690233
0.000690238
0.000690243
0.000690247
0.000690251
0.000690254
0.000690257
0.00069026
0.000690263
0.000690265
0.000690268
0.00069027
0.000690271
0.000690273
0.000690274
0.000690275
0.000690276
0.000690276
0.000690276
0.000690276
0.000690276
0.000690275
0.000690274
0.000690273
0.000690272
0.000690271
0.000690269
0.000690268
0.000690267
0.000690266
0.000690265
0.000690264
0.000690263
0.000690263
0.000690262
0.000690262
0.000690262
0.000690262
0.000690262
0.000690262
0.000690261
0.000690261
0.00069026
0.000631893
0.000631883
0.000631872
0.000631857
0.000631842
0.000631829
0.000631819
0.000631814
0.00063181
0.000631806
0.000631806
0.000631811
0.000631819
0.000631828
0.000631836
0.000631843
0.000631849
0.000631854
0.000631851
0.000631842
0.000631834
0.000631824
0.000631814
0.000631806
0.0006318
0.000631798
0.000631795
0.000631793
0.000631795
0.000631801
0.00063181
0.00063182
0.000631821
0.000631817
0.000631815
0.000631816
0.000631819
0.000631824
0.000631825
0.000631819
0.000631811
0.000631803
0.000631796
0.000631794
0.000631792
0.00063179
0.000631792
0.000631799
0.000631809
0.00063182
0.000631831
0.000631841
0.00063185
0.000631858
0.000631865
0.000631871
0.000631876
0.000631881
0.000631885
0.000631888
0.000631892
0.000631894
0.000631897
0.0006319
0.000631902
0.000631904
0.000631906
0.000631907
0.000631909
0.00063191
0.000631911
0.000631912
0.000631913
0.000631913
0.000631914
0.000631913
0.000631913
0.000631913
0.000631912
0.000631911
0.00063191
0.000631909
0.000631908
0.000631907
0.000631906
0.000631905
0.000631904
0.000631904
0.000631903
0.000631902
0.000631902
0.000631901
0.000631901
0.000631901
0.000631901
0.000631901
0.000631901
0.000631901
0.0006319
0.000631899
0.000568173
0.000568159
0.000568145
0.000568129
0.000568112
0.000568102
0.000568093
0.000568091
0.000568088
0.000568087
0.00056809
0.000568097
0.000568108
0.000568118
0.000568126
0.000568133
0.000568139
0.000568144
0.000568138
0.000568124
0.000568113
0.000568101
0.00056809
0.000568085
0.00056808
0.000568079
0.000568077
0.000568078
0.000568082
0.000568091
0.000568102
0.000568113
0.000568112
0.000568103
0.0005681
0.000568102
0.000568107
0.000568114
0.000568113
0.000568104
0.000568093
0.000568086
0.00056808
0.000568079
0.000568077
0.000568078
0.000568082
0.000568091
0.000568103
0.000568115
0.000568126
0.000568136
0.000568144
0.000568151
0.000568157
0.000568162
0.000568166
0.00056817
0.000568173
0.000568176
0.000568178
0.00056818
0.000568182
0.000568184
0.000568186
0.000568187
0.000568188
0.00056819
0.000568191
0.000568192
0.000568192
0.000568193
0.000568193
0.000568193
0.000568194
0.000568193
0.000568193
0.000568193
0.000568192
0.000568192
0.000568191
0.00056819
0.000568189
0.000568188
0.000568187
0.000568187
0.000568186
0.000568185
0.000568185
0.000568184
0.000568184
0.000568183
0.000568183
0.000568183
0.000568183
0.000568183
0.000568183
0.000568183
0.000568182
0.000568181
0.000498618
0.000498594
0.000498575
0.000498559
0.000498539
0.00049854
0.000498537
0.000498536
0.000498528
0.000498536
0.000498543
0.000498554
0.000498566
0.000498577
0.000498586
0.000498593
0.000498598
0.000498602
0.000498591
0.000498566
0.000498548
0.000498537
0.000498523
0.000498528
0.000498528
0.000498528
0.000498521
0.00049853
0.000498539
0.00049855
0.000498563
0.000498574
0.000498569
0.00049855
0.000498541
0.000498546
0.000498554
0.000498562
0.000498559
0.000498548
0.00049853
0.000498533
0.000498532
0.000498531
0.000498523
0.000498532
0.000498541
0.000498552
0.000498565
0.000498578
0.000498588
0.000498597
0.000498604
0.00049861
0.000498615
0.000498618
0.000498622
0.000498624
0.000498627
0.000498629
0.000498631
0.000498632
0.000498633
0.000498635
0.000498636
0.000498637
0.000498638
0.000498638
0.000498639
0.00049864
0.00049864
0.00049864
0.000498641
0.000498641
0.000498641
0.000498641
0.00049864
0.00049864
0.00049864
0.000498639
0.000498638
0.000498638
0.000498637
0.000498636
0.000498636
0.000498635
0.000498635
0.000498634
0.000498634
0.000498633
0.000498633
0.000498633
0.000498632
0.000498632
0.000498632
0.000498632
0.000498632
0.000498632
0.000498631
0.00049863
0.000422817
0.000422773
0.000422728
0.000422732
0.000422707
0.000422749
0.000422765
0.000422768
0.000422712
0.000422739
0.000422757
0.000422771
0.000422785
0.000422796
0.000422804
0.00042281
0.000422814
0.000422817
0.000422798
0.000422753
0.000422707
0.000422715
0.000422696
0.000422742
0.000422761
0.000422763
0.000422708
0.000422735
0.000422754
0.00042277
0.000422784
0.000422794
0.000422781
0.000422742
0.000422709
0.000422716
0.000422728
0.000422738
0.000422729
0.000422733
0.000422708
0.000422749
0.000422765
0.000422768
0.000422711
0.000422739
0.000422757
0.000422772
0.000422786
0.000422798
0.000422808
0.000422815
0.000422821
0.000422825
0.000422828
0.000422831
0.000422833
0.000422835
0.000422836
0.000422838
0.000422839
0.00042284
0.000422841
0.000422841
0.000422842
0.000422843
0.000422843
0.000422844
0.000422844
0.000422844
0.000422845
0.000422845
0.000422845
0.000422845
0.000422845
0.000422845
0.000422845
0.000422844
0.000422844
0.000422844
0.000422843
0.000422843
0.000422842
0.000422842
0.000422841
0.000422841
0.00042284
0.00042284
0.00042284
0.000422839
0.000422839
0.000422839
0.000422839
0.000422839
0.000422839
0.000422839
0.000422839
0.000422838
0.000422838
0.000422835
0.000340536
0.000340484
0.000340356
0.000340462
0.000340449
0.000340634
0.000340711
0.000340728
0.0003404
0.000340448
0.000340483
0.000340504
0.000340519
0.000340528
0.000340534
0.000340538
0.000340541
0.000340542
0.00034051
0.000340478
0.000340344
0.000340452
0.000340444
0.000340631
0.00034071
0.000340725
0.000340397
0.000340445
0.000340481
0.000340503
0.000340517
0.000340526
0.000340499
0.000340472
0.000340354
0.000340352
0.000340367
0.000340378
0.00034036
0.000340474
0.000340457
0.000340639
0.000340716
0.000340731
0.000340401
0.000340449
0.000340485
0.000340505
0.00034052
0.00034053
0.000340538
0.000340543
0.000340547
0.000340549
0.000340551
0.000340553
0.000340554
0.000340555
0.000340556
0.000340557
0.000340557
0.000340558
0.000340558
0.000340558
0.000340559
0.000340559
0.000340559
0.00034056
0.00034056
0.00034056
0.00034056
0.00034056
0.00034056
0.00034056
0.00034056
0.00034056
0.00034056
0.00034056
0.00034056
0.000340559
0.000340559
0.000340559
0.000340559
0.000340558
0.000340558
0.000340558
0.000340557
0.000340557
0.000340557
0.000340557
0.000340557
0.000340556
0.000340556
0.000340556
0.000340556
0.000340556
0.000340556
0.000340556
0.000340555
0.000340552
0.000251879
0.000252136
0.00025185
0.00025237
0.000252461
0.00025305
0.00025328
0.000253334
0.000251727
0.000251684
0.000251724
0.000251748
0.000251762
0.000251768
0.000251772
0.000251774
0.000251775
0.000251774
0.00025172
0.000252135
0.000251846
0.000252367
0.00025246
0.00025305
0.00025328
0.000253332
0.000251724
0.000251682
0.000251722
0.000251746
0.00025176
0.000251765
0.000251714
0.000252133
0.000251864
0.000251825
0.000251834
0.000251843
0.000251814
0.00025238
0.000252471
0.000253057
0.000253286
0.000253338
0.000251728
0.000251685
0.000251725
0.000251749
0.000251762
0.00025177
0.000251774
0.000251777
0.000251779
0.00025178
0.000251781
0.000251781
0.000251782
0.000251782
0.000251783
0.000251783
0.000251783
0.000251783
0.000251784
0.000251784
0.000251784
0.000251784
0.000251784
0.000251784
0.000251785
0.000251785
0.000251785
0.000251785
0.000251785
0.000251785
0.000251785
0.000251785
0.000251785
0.000251785
0.000251784
0.000251784
0.000251784
0.000251784
0.000251784
0.000251784
0.000251784
0.000251783
0.000251783
0.000251783
0.000251783
0.000251783
0.000251783
0.000251783
0.000251783
0.000251783
0.000251783
0.000251783
0.000251783
0.000251782
0.000251781
0.000251777
0.000157819
0.000160292
0.000160292
0.000162111
0.0001624
0.000163776
0.000164146
0.000164233
0.000157785
0.000157108
0.000157049
0.000157051
0.000157056
0.000157059
0.000157059
0.000157059
0.000157059
0.000157057
0.000156992
0.0001602
0.000160283
0.000162112
0.000162404
0.000163777
0.000164146
0.000164231
0.000157782
0.000157106
0.000157046
0.000157049
0.000157054
0.000157054
0.00015699
0.000160201
0.000160301
0.000160316
0.000160329
0.000160335
0.000160301
0.000162125
0.00016241
0.000163782
0.000164151
0.000164237
0.000157786
0.000157108
0.000157048
0.000157051
0.000157056
0.000157059
0.000157061
0.000157061
0.000157062
0.000157062
0.000157062
0.000157062
0.000157062
0.000157062
0.000157062
0.000157063
0.000157063
0.000157063
0.000157063
0.000157063
0.000157063
0.000157063
0.000157063
0.000157063
0.000157063
0.000157063
0.000157063
0.000157063
0.000157063
0.000157063
0.000157063
0.000157063
0.000157063
0.000157063
0.000157063
0.000157063
0.000157063
0.000157063
0.000157063
0.000157063
0.000157063
0.000157063
0.000157063
0.000157063
0.000157063
0.000157063
0.000157063
0.000157063
0.000157063
0.000157063
0.000157063
0.000157063
0.000157063
0.000157062
0.000157061
0.000157058
6.60278e-05
7.27249e-05
7.23424e-05
7.56169e-05
7.57167e-05
7.85923e-05
7.89673e-05
7.90228e-05
6.5989e-05
6.56221e-05
6.56074e-05
6.56096e-05
6.56112e-05
6.56123e-05
6.56133e-05
6.56143e-05
6.5615e-05
6.56154e-05
6.56152e-05
7.27249e-05
7.23466e-05
7.56183e-05
7.57168e-05
7.85872e-05
7.89603e-05
7.90149e-05
6.59887e-05
6.5622e-05
6.56077e-05
6.56103e-05
6.5612e-05
6.56126e-05
6.56126e-05
7.27223e-05
7.2339e-05
7.22998e-05
7.22998e-05
7.23018e-05
7.231e-05
7.56211e-05
7.57214e-05
7.85952e-05
7.89713e-05
7.90276e-05
6.59875e-05
6.56207e-05
6.56062e-05
6.56088e-05
6.56104e-05
6.56112e-05
6.56116e-05
6.56117e-05
6.56119e-05
6.56119e-05
6.5612e-05
6.56121e-05
6.56121e-05
6.56122e-05
6.56122e-05
6.56122e-05
6.56122e-05
6.56122e-05
6.56123e-05
6.56123e-05
6.56123e-05
6.56124e-05
6.56124e-05
6.56125e-05
6.56125e-05
6.56125e-05
6.56125e-05
6.56125e-05
6.56125e-05
6.56126e-05
6.56126e-05
6.56126e-05
6.56126e-05
6.56126e-05
6.56126e-05
6.56126e-05
6.56126e-05
6.56126e-05
6.56126e-05
6.56126e-05
6.56126e-05
6.56126e-05
6.56126e-05
6.56126e-05
6.56126e-05
6.56126e-05
6.56126e-05
6.56126e-05
6.56126e-05
6.56126e-05
6.56126e-05
6.56125e-05
6.56125e-05
6.56126e-05
6.56126e-05
6.56131e-05
)
;

boundaryField
{
    inlet
    {
        type            cyclic;
    }
    outlet
    {
        type            cyclic;
    }
    bottomWall
    {
        type            nutkWallFunction;
        Cmu             0.09;
        kappa           0.41;
        E               9.8;
        value           nonuniform List<scalar> 
100
(
2.27667e-08
0
0
0
0
3.17916e-08
0
0
0
0
0
0
0
0
0
0
3.24052e-08
4.38384e-08
4.62677e-08
0
0
0
0
0
0
0
0
0
0
0
0
0
0
0
0
0
0
0
0
0
0
0
0
0
0
0
0
0
0
0
0
0
0
0
0
0
0
0
0
0
0
0
0
0
0
0
0
0
0
0
0
0
0
0
0
0
0
0
0
0
0
0
0
0
0
0
0
0
0
0
0
0
0
0
0
0
0
0
0
0
)
;
    }
    topWall
    {
        type            nutkWallFunction;
        Cmu             0.09;
        kappa           0.41;
        E               9.8;
        value           nonuniform List<scalar> 
100
(
0
0
0
0
0
2.91617e-08
4.11686e-08
4.37529e-08
0
0
0
0
0
0
0
0
0
0
0
0
0
0
0
2.96321e-08
4.13886e-08
4.38911e-08
0
0
0
0
0
0
0
0
0
0
0
0
0
0
0
2.95561e-08
4.12904e-08
4.38356e-08
0
0
0
0
0
0
0
0
0
0
0
0
0
0
0
0
0
0
0
0
0
0
0
0
0
0
0
0
0
0
0
0
0
0
0
0
0
0
0
0
0
0
0
0
0
0
0
0
0
0
0
0
0
0
0
0
)
;
    }
    frontAndBack
    {
        type            empty;
    }
}


// ************************************************************************* //
