/*--------------------------------*- C++ -*----------------------------------*\
  =========                 |
  \\      /  F ield         | OpenFOAM: The Open Source CFD Toolbox
   \\    /   O peration     | Website:  https://openfoam.org
    \\  /    A nd           | Version:  11
     \\/     M anipulation  |
\*---------------------------------------------------------------------------*/
FoamFile
{
    format      ascii;
    class       volScalarField;
    location    "700";
    object      omega;
}
// * * * * * * * * * * * * * * * * * * * * * * * * * * * * * * * * * * * * * //

dimensions      [0 0 -1 0 0 0 0];

internalField   nonuniform List<scalar> 
5000
(
13333.3
15655.8
13333.3
13333.3
13333.3
13333.3
15663
15681.7
13333.3
13333.3
13333.3
13333.3
13333.3
13333.3
13333.3
13333.3
13333.3
13333.3
13333.3
15669.4
15683.3
15684.5
15684.4
15684.2
15683.9
15683.7
15683.6
15683.6
15683.5
15683.4
15683.3
15683.3
15683.5
15683.8
15684.1
15684.3
15684.3
15684.2
15686
13333.3
13333.3
13333.3
13333.3
13333.3
13333.3
13333.3
13333.3
13333.3
13333.3
13333.3
13333.3
13333.3
13333.3
13333.3
13333.3
13333.3
13333.3
13333.3
13333.3
13333.3
13333.3
13333.3
13333.3
13333.3
13333.3
13333.3
13333.3
13333.3
13333.3
13333.3
13333.3
13333.3
13333.3
13333.3
13333.3
13333.3
13333.3
13333.3
13333.3
13333.3
13333.3
13333.3
13333.3
13333.3
13333.3
13333.3
13333.3
13333.3
13333.3
13333.3
13333.3
13333.3
13333.3
13333.3
13333.3
13333.3
13333.3
13333.3
13333.3
13333.3
5785.97
5943.31
5825.48
5783.81
5776.61
5765.62
5941.81
5965.63
5828.43
5819.46
5819.86
5820.14
5820.17
5820.99
5785.85
5777.58
5766.01
5759.95
5758.44
5940.82
5963.67
5965.68
5965.54
5965.32
5965.17
5965.1
5965.08
5965.07
5965.07
5965.05
5965.03
5965.01
5965
5965.02
5965.06
5965.1
5965.12
5965.2
5967.77
5828.2
5819.18
5819.65
5819.95
5820
5820
5819.99
5819.98
5819.96
5819.94
5819.93
5819.92
5819.91
5819.91
5819.91
5819.91
5819.91
5819.91
5819.91
5819.91
5819.91
5819.91
5819.91
5819.92
5819.92
5819.92
5819.92
5819.92
5819.92
5819.92
5819.92
5819.92
5819.92
5819.93
5819.93
5819.93
5819.93
5819.93
5819.93
5819.93
5819.93
5819.93
5819.93
5819.94
5819.94
5819.94
5819.94
5819.94
5819.94
5819.94
5819.94
5819.94
5819.94
5819.94
5819.94
5819.94
5819.94
5819.94
5819.94
5819.97
5820.71
3489.39
3505.41
3496.86
3489.68
3487.55
3485.5
3505.58
3510.77
3497.95
3496.54
3496.61
3496.64
3496.63
3497.01
3490.42
3487.96
3485.78
3484.06
3483.47
3505.21
3510.56
3511.24
3511.22
3511.14
3511.06
3511.01
3510.98
3510.95
3510.93
3510.9
3510.88
3510.87
3510.86
3510.88
3510.91
3510.93
3510.95
3510.97
3511.46
3497.91
3496.44
3496.51
3496.55
3496.54
3496.51
3496.49
3496.46
3496.43
3496.41
3496.39
3496.38
3496.38
3496.37
3496.37
3496.37
3496.37
3496.37
3496.37
3496.37
3496.37
3496.37
3496.37
3496.37
3496.37
3496.37
3496.37
3496.37
3496.37
3496.37
3496.37
3496.37
3496.37
3496.37
3496.37
3496.37
3496.37
3496.37
3496.37
3496.38
3496.38
3496.38
3496.38
3496.38
3496.38
3496.38
3496.38
3496.38
3496.38
3496.38
3496.38
3496.38
3496.38
3496.38
3496.38
3496.38
3496.38
3496.38
3496.38
3496.42
3496.9
2454.08
2456.11
2455.63
2454.35
2453.83
2453.39
2456.31
2457.4
2456.05
2455.98
2456.03
2456.04
2456.05
2456.16
2454.74
2454.09
2453.58
2453.08
2452.9
2456.29
2457.5
2457.71
2457.72
2457.71
2457.68
2457.66
2457.63
2457.61
2457.59
2457.57
2457.55
2457.54
2457.53
2457.54
2457.55
2457.56
2457.57
2457.57
2457.65
2456.09
2455.96
2455.99
2455.99
2455.99
2455.98
2455.97
2455.95
2455.93
2455.91
2455.9
2455.89
2455.89
2455.88
2455.88
2455.88
2455.88
2455.87
2455.87
2455.87
2455.87
2455.87
2455.87
2455.87
2455.87
2455.87
2455.87
2455.87
2455.87
2455.87
2455.87
2455.87
2455.87
2455.87
2455.87
2455.87
2455.87
2455.87
2455.87
2455.87
2455.87
2455.87
2455.87
2455.87
2455.87
2455.87
2455.87
2455.87
2455.87
2455.87
2455.87
2455.87
2455.87
2455.87
2455.87
2455.87
2455.88
2455.88
2455.88
2455.9
2456.08
1876.93
1877.19
1877.25
1877.01
1876.9
1876.77
1877.25
1877.49
1877.42
1877.48
1877.52
1877.54
1877.56
1877.59
1877.27
1877.1
1876.93
1876.77
1876.72
1877.34
1877.62
1877.68
1877.7
1877.71
1877.7
1877.7
1877.68
1877.67
1877.65
1877.64
1877.62
1877.61
1877.61
1877.61
1877.61
1877.62
1877.62
1877.62
1877.64
1877.49
1877.51
1877.52
1877.53
1877.53
1877.54
1877.54
1877.53
1877.52
1877.51
1877.5
1877.49
1877.49
1877.48
1877.48
1877.48
1877.48
1877.47
1877.47
1877.47
1877.47
1877.47
1877.47
1877.47
1877.47
1877.47
1877.46
1877.46
1877.46
1877.46
1877.46
1877.46
1877.46
1877.46
1877.46
1877.46
1877.46
1877.46
1877.46
1877.46
1877.46
1877.46
1877.46
1877.46
1877.46
1877.46
1877.46
1877.46
1877.46
1877.46
1877.46
1877.46
1877.46
1877.46
1877.46
1877.46
1877.46
1877.47
1877.47
1877.48
1877.53
1510.41
1510.43
1510.46
1510.41
1510.38
1510.34
1510.41
1510.47
1510.51
1510.56
1510.58
1510.6
1510.62
1510.64
1510.57
1510.53
1510.47
1510.41
1510.4
1510.52
1510.59
1510.61
1510.63
1510.64
1510.65
1510.65
1510.65
1510.64
1510.63
1510.62
1510.61
1510.6
1510.6
1510.6
1510.6
1510.6
1510.6
1510.6
1510.61
1510.61
1510.62
1510.62
1510.62
1510.62
1510.63
1510.63
1510.63
1510.63
1510.62
1510.62
1510.61
1510.61
1510.61
1510.6
1510.6
1510.6
1510.6
1510.6
1510.6
1510.59
1510.59
1510.59
1510.59
1510.59
1510.59
1510.59
1510.59
1510.59
1510.59
1510.58
1510.58
1510.58
1510.58
1510.58
1510.58
1510.58
1510.58
1510.58
1510.58
1510.58
1510.58
1510.58
1510.58
1510.58
1510.58
1510.58
1510.58
1510.58
1510.58
1510.58
1510.58
1510.58
1510.58
1510.58
1510.58
1510.58
1510.58
1510.58
1510.59
1510.6
1256.65
1256.64
1256.64
1256.62
1256.6
1256.58
1256.59
1256.61
1256.64
1256.66
1256.68
1256.69
1256.71
1256.73
1256.72
1256.72
1256.69
1256.67
1256.67
1256.69
1256.71
1256.72
1256.74
1256.75
1256.76
1256.77
1256.77
1256.77
1256.77
1256.76
1256.75
1256.75
1256.74
1256.74
1256.74
1256.74
1256.74
1256.74
1256.75
1256.75
1256.75
1256.74
1256.74
1256.74
1256.75
1256.75
1256.75
1256.75
1256.75
1256.75
1256.74
1256.74
1256.74
1256.74
1256.74
1256.73
1256.73
1256.73
1256.73
1256.73
1256.73
1256.73
1256.72
1256.72
1256.72
1256.72
1256.72
1256.72
1256.72
1256.72
1256.72
1256.71
1256.71
1256.71
1256.71
1256.71
1256.71
1256.71
1256.71
1256.71
1256.71
1256.71
1256.71
1256.71
1256.71
1256.71
1256.71
1256.71
1256.71
1256.71
1256.71
1256.71
1256.71
1256.71
1256.71
1256.71
1256.71
1256.71
1256.71
1256.71
1069.95
1069.94
1069.93
1069.92
1069.9
1069.89
1069.89
1069.89
1069.91
1069.92
1069.93
1069.94
1069.96
1069.97
1069.98
1069.98
1069.97
1069.96
1069.96
1069.97
1069.98
1069.98
1070
1070.01
1070.02
1070.03
1070.03
1070.04
1070.04
1070.03
1070.03
1070.03
1070.03
1070.02
1070.02
1070.02
1070.02
1070.02
1070.03
1070.03
1070.02
1070.01
1070
1070
1070.01
1070.01
1070.01
1070.01
1070.01
1070.01
1070.01
1070.01
1070.01
1070.01
1070.01
1070.01
1070
1070
1070
1070
1070
1070
1070
1069.99
1069.99
1069.99
1069.99
1069.99
1069.99
1069.99
1069.99
1069.98
1069.98
1069.98
1069.98
1069.98
1069.98
1069.98
1069.98
1069.98
1069.97
1069.97
1069.97
1069.97
1069.97
1069.97
1069.97
1069.97
1069.97
1069.97
1069.97
1069.97
1069.98
1069.98
1069.98
1069.98
1069.98
1069.98
1069.98
1069.98
926.341
926.33
926.321
926.309
926.295
926.282
926.276
926.279
926.286
926.29
926.295
926.303
926.316
926.33
926.34
926.342
926.339
926.338
926.336
926.338
926.343
926.35
926.359
926.369
926.379
926.389
926.397
926.401
926.404
926.404
926.404
926.403
926.401
926.401
926.401
926.401
926.401
926.401
926.404
926.404
926.396
926.387
926.379
926.378
926.379
926.382
926.384
926.385
926.386
926.387
926.387
926.387
926.386
926.385
926.384
926.383
926.382
926.38
926.379
926.378
926.377
926.375
926.374
926.373
926.371
926.37
926.368
926.367
926.365
926.364
926.362
926.361
926.36
926.358
926.357
926.355
926.354
926.353
926.352
926.351
926.35
926.35
926.349
926.349
926.349
926.348
926.348
926.348
926.349
926.349
926.349
926.349
926.349
926.35
926.35
926.35
926.351
926.351
926.353
926.352
812.109
812.101
812.094
812.083
812.071
812.059
812.052
812.052
812.054
812.055
812.057
812.063
812.072
812.083
812.092
812.096
812.096
812.096
812.095
812.096
812.1
812.106
812.112
812.121
812.13
812.139
812.147
812.153
812.156
812.159
812.16
812.161
812.161
812.161
812.162
812.163
812.163
812.164
812.166
812.166
812.16
812.152
812.146
812.143
812.143
812.144
812.146
812.147
812.149
812.15
812.15
812.15
812.15
812.15
812.149
812.148
812.148
812.147
812.145
812.144
812.143
812.142
812.14
812.139
812.138
812.136
812.135
812.133
812.132
812.13
812.128
812.127
812.125
812.124
812.122
812.121
812.119
812.118
812.117
812.116
812.115
812.114
812.114
812.113
812.113
812.112
812.112
812.112
812.112
812.112
812.113
812.113
812.113
812.113
812.114
812.114
812.114
812.115
812.116
812.115
718.908
718.902
718.896
718.888
718.877
718.867
718.859
718.857
718.857
718.856
718.856
718.859
718.865
718.873
718.881
718.885
718.887
718.888
718.888
718.888
718.892
718.896
718.901
718.908
718.915
718.923
718.931
718.937
718.942
718.945
718.948
718.95
718.951
718.952
718.954
718.955
718.955
718.956
718.959
718.959
718.955
718.949
718.944
718.94
718.94
718.94
718.941
718.942
718.943
718.945
718.946
718.946
718.946
718.946
718.946
718.946
718.945
718.944
718.943
718.942
718.941
718.94
718.939
718.937
718.936
718.935
718.933
718.931
718.93
718.928
718.926
718.925
718.923
718.921
718.92
718.918
718.917
718.916
718.914
718.913
718.912
718.911
718.911
718.91
718.91
718.909
718.909
718.909
718.909
718.909
718.909
718.909
718.909
718.909
718.91
718.91
718.91
718.91
718.912
718.911
641.388
641.384
641.379
641.372
641.364
641.355
641.347
641.344
641.342
641.34
641.339
641.339
641.343
641.349
641.355
641.359
641.361
641.363
641.363
641.364
641.367
641.37
641.374
641.38
641.385
641.392
641.399
641.405
641.41
641.415
641.418
641.42
641.422
641.425
641.427
641.428
641.429
641.431
641.433
641.434
641.432
641.428
641.423
641.42
641.419
641.418
641.419
641.419
641.421
641.422
641.423
641.424
641.424
641.424
641.424
641.424
641.424
641.423
641.422
641.422
641.421
641.42
641.418
641.417
641.416
641.414
641.413
641.411
641.41
641.408
641.406
641.405
641.403
641.401
641.4
641.398
641.397
641.395
641.394
641.393
641.392
641.391
641.39
641.389
641.389
641.388
641.388
641.388
641.387
641.387
641.387
641.387
641.388
641.388
641.388
641.388
641.388
641.388
641.389
641.389
575.987
575.984
575.981
575.976
575.969
575.961
575.954
575.95
575.948
575.945
575.942
575.942
575.944
575.948
575.952
575.956
575.958
575.96
575.96
575.961
575.963
575.966
575.969
575.973
575.978
575.984
575.99
575.995
576
576.005
576.008
576.011
576.014
576.017
576.019
576.021
576.023
576.024
576.027
576.028
576.027
576.024
576.021
576.018
576.017
576.016
576.016
576.017
576.018
576.019
576.02
576.02
576.021
576.021
576.022
576.022
576.022
576.021
576.021
576.02
576.019
576.018
576.017
576.016
576.015
576.013
576.012
576.01
576.009
576.007
576.006
576.004
576.002
576.001
575.999
575.997
575.996
575.995
575.993
575.992
575.991
575.99
575.989
575.988
575.988
575.987
575.987
575.986
575.986
575.986
575.986
575.986
575.986
575.986
575.986
575.986
575.986
575.986
575.987
575.987
520.26
520.258
520.255
520.251
520.246
520.239
520.233
520.23
520.227
520.223
520.22
520.219
520.22
520.222
520.225
520.227
520.229
520.231
520.232
520.233
520.235
520.237
520.239
520.243
520.246
520.251
520.256
520.261
520.265
520.27
520.274
520.277
520.28
520.283
520.285
520.288
520.29
520.292
520.294
520.296
520.296
520.294
520.292
520.29
520.288
520.287
520.287
520.287
520.288
520.289
520.29
520.291
520.291
520.292
520.292
520.292
520.292
520.292
520.292
520.291
520.291
520.29
520.289
520.288
520.287
520.286
520.284
520.283
520.282
520.28
520.278
520.277
520.275
520.274
520.272
520.271
520.269
520.268
520.266
520.265
520.264
520.263
520.262
520.261
520.261
520.26
520.26
520.259
520.259
520.259
520.258
520.258
520.258
520.258
520.258
520.258
520.258
520.258
520.259
520.259
472.484
472.483
472.481
472.478
472.473
472.468
472.463
472.46
472.456
472.453
472.45
472.448
472.447
472.448
472.45
472.452
472.453
472.455
472.456
472.456
472.458
472.46
472.462
472.465
472.467
472.471
472.475
472.479
472.483
472.487
472.491
472.495
472.498
472.501
472.503
472.506
472.508
472.51
472.513
472.515
472.515
472.515
472.513
472.511
472.51
472.51
472.509
472.509
472.51
472.51
472.511
472.512
472.513
472.513
472.514
472.514
472.514
472.514
472.514
472.514
472.513
472.513
472.512
472.511
472.51
472.509
472.508
472.507
472.505
472.504
472.502
472.501
472.499
472.498
472.496
472.495
472.494
472.492
472.491
472.49
472.489
472.488
472.487
472.486
472.485
472.484
472.484
472.483
472.483
472.483
472.482
472.482
472.482
472.482
472.482
472.482
472.482
472.482
472.482
472.482
431.422
431.42
431.419
431.417
431.413
431.409
431.405
431.402
431.399
431.395
431.392
431.39
431.389
431.389
431.39
431.391
431.392
431.393
431.393
431.394
431.396
431.397
431.399
431.401
431.403
431.406
431.409
431.412
431.416
431.42
431.423
431.426
431.429
431.432
431.435
431.438
431.44
431.442
431.445
431.447
431.448
431.448
431.447
431.446
431.445
431.444
431.444
431.444
431.444
431.445
431.445
431.446
431.447
431.447
431.448
431.448
431.449
431.449
431.449
431.449
431.448
431.448
431.447
431.447
431.446
431.445
431.444
431.443
431.442
431.441
431.439
431.438
431.437
431.435
431.434
431.433
431.431
431.43
431.429
431.427
431.426
431.425
431.424
431.423
431.423
431.422
431.421
431.421
431.42
431.42
431.42
431.419
431.419
431.419
431.419
431.419
431.419
431.419
431.419
431.419
396.166
396.165
396.164
396.162
396.16
396.156
396.153
396.15
396.148
396.144
396.141
396.139
396.137
396.136
396.137
396.137
396.138
396.138
396.139
396.139
396.14
396.142
396.143
396.144
396.146
396.148
396.151
396.154
396.157
396.16
396.163
396.166
396.169
396.171
396.174
396.177
396.179
396.181
396.184
396.186
396.187
396.187
396.187
396.186
396.186
396.185
396.185
396.185
396.185
396.186
396.186
396.187
396.188
396.188
396.189
396.189
396.19
396.19
396.19
396.19
396.19
396.19
396.189
396.189
396.188
396.188
396.187
396.186
396.185
396.184
396.183
396.182
396.181
396.179
396.178
396.177
396.176
396.175
396.173
396.172
396.171
396.17
396.169
396.168
396.167
396.167
396.166
396.165
396.165
396.164
396.164
396.164
396.163
396.163
396.163
396.163
396.163
396.163
396.163
396.163
366.044
366.043
366.042
366.041
366.039
366.036
366.034
366.031
366.029
366.026
366.023
366.02
366.019
366.018
366.017
366.017
366.017
366.018
366.018
366.018
366.019
366.02
366.021
366.022
366.023
366.025
366.027
366.029
366.031
366.034
366.037
366.039
366.042
366.045
366.047
366.05
366.052
366.054
366.056
366.058
366.059
366.06
366.06
366.06
366.06
366.06
366.059
366.059
366.059
366.06
366.06
366.061
366.062
366.062
366.063
366.063
366.064
366.064
366.065
366.065
366.065
366.065
366.065
366.064
366.064
366.063
366.063
366.062
366.062
366.061
366.06
366.059
366.058
366.057
366.056
366.055
366.054
366.053
366.051
366.05
366.049
366.048
366.047
366.046
366.046
366.045
366.044
366.043
366.043
366.042
366.042
366.041
366.041
366.041
366.04
366.04
366.04
366.04
366.04
366.04
340.547
340.546
340.546
340.545
340.543
340.541
340.539
340.537
340.535
340.532
340.53
340.527
340.525
340.524
340.523
340.523
340.523
340.523
340.523
340.523
340.523
340.524
340.525
340.525
340.526
340.527
340.529
340.531
340.532
340.535
340.537
340.539
340.541
340.544
340.546
340.548
340.55
340.552
340.554
340.556
340.558
340.558
340.559
340.559
340.559
340.559
340.559
340.559
340.559
340.559
340.56
340.56
340.561
340.562
340.562
340.563
340.563
340.564
340.564
340.565
340.565
340.565
340.565
340.565
340.565
340.564
340.564
340.564
340.563
340.563
340.562
340.561
340.561
340.56
340.559
340.558
340.557
340.556
340.555
340.554
340.553
340.552
340.551
340.55
340.549
340.548
340.547
340.547
340.546
340.545
340.545
340.545
340.544
340.544
340.543
340.543
340.543
340.543
340.543
340.543
319.288
319.288
319.287
319.287
319.286
319.284
319.282
319.281
319.279
319.277
319.274
319.272
319.27
319.269
319.267
319.267
319.266
319.266
319.266
319.266
319.266
319.266
319.267
319.267
319.268
319.269
319.27
319.271
319.272
319.274
319.276
319.278
319.28
319.282
319.284
319.286
319.287
319.289
319.291
319.293
319.294
319.295
319.296
319.296
319.296
319.296
319.296
319.296
319.296
319.297
319.297
319.298
319.298
319.299
319.3
319.3
319.301
319.302
319.302
319.303
319.303
319.303
319.303
319.304
319.304
319.304
319.304
319.303
319.303
319.303
319.302
319.302
319.301
319.301
319.3
319.299
319.298
319.297
319.296
319.295
319.294
319.293
319.292
319.292
319.291
319.29
319.289
319.288
319.288
319.287
319.286
319.286
319.285
319.285
319.285
319.284
319.284
319.284
319.284
319.284
301.971
301.97
301.97
301.969
301.969
301.967
301.966
301.965
301.963
301.961
301.959
301.957
301.955
301.954
301.952
301.951
301.951
301.95
301.95
301.95
301.95
301.95
301.95
301.95
301.951
301.951
301.952
301.953
301.954
301.955
301.956
301.958
301.96
301.961
301.963
301.965
301.966
301.968
301.969
301.971
301.972
301.973
301.974
301.974
301.975
301.975
301.975
301.975
301.975
301.976
301.976
301.976
301.977
301.978
301.978
301.979
301.98
301.98
301.981
301.982
301.982
301.983
301.983
301.983
301.984
301.984
301.984
301.984
301.984
301.984
301.984
301.983
301.983
301.982
301.982
301.981
301.98
301.98
301.979
301.978
301.977
301.976
301.975
301.974
301.973
301.972
301.972
301.971
301.97
301.969
301.969
301.968
301.968
301.967
301.967
301.967
301.967
301.966
301.966
301.966
288.366
288.366
288.366
288.366
288.365
288.364
288.363
288.362
288.361
288.359
288.357
288.355
288.353
288.352
288.351
288.349
288.348
288.348
288.347
288.347
288.347
288.347
288.347
288.347
288.347
288.347
288.348
288.348
288.349
288.35
288.351
288.352
288.353
288.355
288.356
288.358
288.359
288.36
288.361
288.363
288.364
288.365
288.366
288.366
288.367
288.367
288.367
288.367
288.368
288.368
288.368
288.369
288.369
288.37
288.371
288.371
288.372
288.373
288.374
288.374
288.375
288.376
288.376
288.377
288.377
288.378
288.378
288.378
288.378
288.378
288.378
288.378
288.378
288.378
288.377
288.377
288.376
288.375
288.375
288.374
288.373
288.372
288.371
288.37
288.369
288.368
288.367
288.367
288.366
288.365
288.365
288.364
288.364
288.363
288.363
288.363
288.362
288.362
288.362
288.362
278.304
278.304
278.304
278.304
278.303
278.302
278.302
278.301
278.3
278.298
278.297
278.295
278.293
278.292
278.29
278.289
278.288
278.287
278.286
278.286
278.286
278.286
278.286
278.286
278.286
278.286
278.286
278.286
278.287
278.287
278.288
278.289
278.29
278.291
278.292
278.293
278.294
278.295
278.296
278.297
278.298
278.299
278.3
278.3
278.301
278.301
278.302
278.302
278.302
278.303
278.303
278.303
278.304
278.305
278.305
278.306
278.307
278.308
278.309
278.309
278.31
278.311
278.312
278.312
278.313
278.314
278.314
278.315
278.315
278.315
278.315
278.315
278.315
278.315
278.315
278.314
278.314
278.313
278.312
278.311
278.311
278.31
278.309
278.308
278.307
278.306
278.305
278.305
278.304
278.303
278.302
278.302
278.301
278.301
278.301
278.3
278.3
278.3
278.3
278.3
271.661
271.661
271.66
271.66
271.66
271.659
271.658
271.658
271.657
271.656
271.654
271.652
271.651
271.649
271.648
271.647
271.646
271.645
271.644
271.644
271.643
271.643
271.643
271.643
271.643
271.643
271.643
271.643
271.643
271.644
271.644
271.645
271.645
271.646
271.647
271.648
271.648
271.649
271.65
271.651
271.652
271.653
271.653
271.654
271.654
271.655
271.655
271.656
271.656
271.656
271.657
271.657
271.658
271.658
271.659
271.66
271.661
271.662
271.663
271.663
271.664
271.665
271.666
271.667
271.668
271.668
271.669
271.67
271.67
271.67
271.671
271.671
271.671
271.671
271.67
271.67
271.67
271.669
271.668
271.668
271.667
271.666
271.665
271.664
271.663
271.662
271.662
271.661
271.66
271.659
271.659
271.658
271.658
271.657
271.657
271.657
271.656
271.656
271.656
271.656
268.355
268.355
268.355
268.355
268.354
268.354
268.353
268.353
268.352
268.351
268.349
268.348
268.346
268.345
268.344
268.342
268.341
268.34
268.34
268.339
268.339
268.339
268.339
268.338
268.338
268.338
268.338
268.338
268.338
268.338
268.338
268.339
268.339
268.34
268.34
268.341
268.341
268.342
268.343
268.343
268.344
268.345
268.346
268.346
268.347
268.347
268.347
268.348
268.348
268.348
268.349
268.349
268.35
268.351
268.351
268.352
268.353
268.354
268.355
268.356
268.357
268.358
268.359
268.36
268.361
268.362
268.363
268.363
268.364
268.364
268.364
268.365
268.365
268.365
268.364
268.364
268.364
268.363
268.362
268.362
268.361
268.36
268.359
268.358
268.358
268.357
268.356
268.355
268.354
268.354
268.353
268.353
268.352
268.352
268.351
268.351
268.351
268.351
268.35
268.351
268.357
268.357
268.357
268.357
268.357
268.356
268.356
268.355
268.354
268.353
268.352
268.35
268.349
268.348
268.346
268.345
268.344
268.343
268.343
268.342
268.342
268.342
268.342
268.342
268.341
268.341
268.341
268.341
268.341
268.341
268.341
268.341
268.341
268.341
268.342
268.342
268.342
268.343
268.343
268.344
268.345
268.346
268.346
268.347
268.347
268.348
268.348
268.348
268.349
268.349
268.349
268.35
268.35
268.351
268.352
268.353
268.354
268.355
268.356
268.357
268.358
268.359
268.36
268.361
268.362
268.363
268.364
268.365
268.365
268.366
268.366
268.366
268.366
268.366
268.366
268.366
268.365
268.365
268.364
268.363
268.363
268.362
268.361
268.36
268.359
268.358
268.358
268.357
268.356
268.356
268.355
268.355
268.354
268.354
268.353
268.353
268.353
268.353
268.353
268.353
271.667
271.667
271.667
271.667
271.667
271.666
271.666
271.665
271.664
271.663
271.662
271.66
271.659
271.657
271.656
271.655
271.654
271.653
271.653
271.653
271.653
271.652
271.652
271.652
271.652
271.652
271.652
271.652
271.651
271.651
271.651
271.651
271.651
271.651
271.651
271.651
271.652
271.652
271.652
271.653
271.654
271.654
271.655
271.655
271.656
271.656
271.657
271.657
271.657
271.658
271.658
271.658
271.659
271.66
271.661
271.662
271.663
271.664
271.665
271.666
271.667
271.668
271.67
271.671
271.672
271.672
271.673
271.674
271.675
271.675
271.675
271.676
271.676
271.676
271.675
271.675
271.675
271.674
271.673
271.673
271.672
271.671
271.67
271.669
271.669
271.668
271.667
271.666
271.666
271.665
271.664
271.664
271.664
271.663
271.663
271.663
271.662
271.662
271.662
271.662
278.315
278.315
278.315
278.314
278.314
278.314
278.313
278.312
278.311
278.31
278.309
278.307
278.306
278.304
278.303
278.302
278.302
278.301
278.301
278.301
278.301
278.301
278.301
278.301
278.301
278.3
278.3
278.3
278.3
278.299
278.299
278.298
278.298
278.298
278.299
278.299
278.299
278.299
278.3
278.3
278.301
278.302
278.302
278.303
278.303
278.303
278.304
278.304
278.304
278.305
278.305
278.305
278.306
278.307
278.308
278.309
278.31
278.311
278.312
278.314
278.315
278.316
278.317
278.318
278.319
278.32
278.321
278.321
278.322
278.322
278.323
278.323
278.323
278.323
278.323
278.322
278.322
278.321
278.32
278.32
278.319
278.318
278.317
278.316
278.316
278.315
278.314
278.313
278.313
278.312
278.312
278.311
278.311
278.31
278.31
278.31
278.31
278.31
278.31
278.31
288.38
288.38
288.38
288.38
288.379
288.379
288.378
288.377
288.376
288.375
288.373
288.372
288.37
288.369
288.368
288.367
288.367
288.366
288.366
288.367
288.367
288.367
288.367
288.367
288.367
288.367
288.366
288.366
288.366
288.365
288.364
288.364
288.364
288.364
288.364
288.364
288.365
288.365
288.365
288.366
288.367
288.367
288.368
288.368
288.369
288.369
288.369
288.369
288.37
288.37
288.37
288.371
288.371
288.372
288.373
288.375
288.376
288.377
288.378
288.38
288.381
288.382
288.383
288.384
288.385
288.386
288.387
288.387
288.388
288.388
288.388
288.388
288.388
288.388
288.388
288.387
288.387
288.386
288.385
288.385
288.384
288.383
288.382
288.381
288.38
288.38
288.379
288.378
288.378
288.377
288.377
288.376
288.376
288.376
288.375
288.375
288.375
288.375
288.375
288.375
301.987
301.987
301.987
301.986
301.986
301.985
301.985
301.983
301.982
301.98
301.979
301.977
301.976
301.974
301.973
301.973
301.972
301.972
301.973
301.974
301.974
301.974
301.974
301.974
301.975
301.974
301.974
301.973
301.973
301.972
301.971
301.971
301.971
301.971
301.971
301.972
301.972
301.972
301.973
301.973
301.974
301.975
301.975
301.976
301.976
301.976
301.976
301.977
301.977
301.977
301.977
301.978
301.979
301.98
301.981
301.982
301.983
301.985
301.986
301.988
301.989
301.99
301.991
301.992
301.993
301.993
301.994
301.994
301.995
301.995
301.995
301.995
301.995
301.994
301.994
301.993
301.993
301.992
301.991
301.99
301.99
301.989
301.988
301.987
301.986
301.986
301.985
301.984
301.984
301.983
301.983
301.982
301.982
301.982
301.982
301.981
301.981
301.981
301.981
301.981
319.306
319.306
319.306
319.305
319.305
319.304
319.303
319.301
319.299
319.298
319.296
319.294
319.293
319.291
319.291
319.29
319.29
319.291
319.292
319.293
319.294
319.294
319.294
319.294
319.294
319.294
319.293
319.293
319.292
319.291
319.291
319.29
319.29
319.291
319.291
319.291
319.292
319.292
319.293
319.294
319.294
319.295
319.296
319.296
319.296
319.296
319.296
319.296
319.296
319.297
319.297
319.298
319.299
319.3
319.301
319.303
319.304
319.306
319.307
319.308
319.31
319.311
319.312
319.313
319.313
319.314
319.314
319.314
319.315
319.315
319.314
319.314
319.314
319.313
319.313
319.312
319.311
319.311
319.31
319.309
319.308
319.307
319.306
319.305
319.305
319.304
319.303
319.303
319.302
319.302
319.301
319.301
319.301
319.3
319.3
319.3
319.3
319.3
319.3
319.3
340.565
340.565
340.565
340.564
340.563
340.562
340.561
340.559
340.557
340.555
340.553
340.551
340.549
340.548
340.548
340.548
340.548
340.549
340.551
340.552
340.553
340.554
340.554
340.554
340.554
340.553
340.552
340.552
340.551
340.55
340.55
340.549
340.55
340.55
340.551
340.551
340.552
340.553
340.553
340.554
340.555
340.555
340.556
340.556
340.556
340.556
340.556
340.556
340.556
340.557
340.557
340.558
340.559
340.561
340.562
340.564
340.565
340.567
340.568
340.57
340.571
340.572
340.573
340.573
340.574
340.574
340.575
340.575
340.575
340.574
340.574
340.574
340.573
340.572
340.572
340.571
340.57
340.569
340.568
340.567
340.566
340.565
340.564
340.564
340.563
340.562
340.561
340.561
340.56
340.56
340.56
340.559
340.559
340.559
340.559
340.559
340.559
340.559
340.559
340.559
366.061
366.061
366.061
366.06
366.059
366.058
366.056
366.053
366.051
366.048
366.046
366.044
366.043
366.042
366.042
366.042
366.043
366.045
366.047
366.049
366.05
366.051
366.051
366.051
366.051
366.05
366.048
366.048
366.047
366.046
366.046
366.046
366.046
366.047
366.048
366.049
366.05
366.05
366.051
366.052
366.053
366.053
366.054
366.054
366.054
366.054
366.054
366.054
366.054
366.054
366.055
366.056
366.057
366.059
366.061
366.062
366.064
366.066
366.067
366.069
366.07
366.071
366.071
366.072
366.072
366.072
366.072
366.072
366.072
366.072
366.071
366.07
366.07
366.069
366.068
366.067
366.066
366.065
366.064
366.063
366.062
366.061
366.06
366.059
366.058
366.058
366.057
366.056
366.056
366.056
366.055
366.055
366.055
366.055
366.055
366.055
366.055
366.055
366.055
366.055
396.182
396.182
396.181
396.18
396.179
396.177
396.175
396.172
396.168
396.166
396.164
396.162
396.161
396.16
396.16
396.161
396.163
396.165
396.168
396.171
396.172
396.173
396.173
396.172
396.172
396.17
396.169
396.168
396.167
396.166
396.166
396.166
396.167
396.169
396.17
396.171
396.172
396.173
396.173
396.174
396.175
396.176
396.176
396.176
396.176
396.176
396.176
396.175
396.176
396.176
396.177
396.178
396.18
396.182
396.184
396.186
396.188
396.19
396.191
396.193
396.194
396.194
396.195
396.195
396.195
396.195
396.195
396.195
396.194
396.193
396.193
396.192
396.191
396.19
396.189
396.187
396.186
396.185
396.184
396.183
396.182
396.181
396.18
396.179
396.178
396.178
396.177
396.177
396.176
396.176
396.176
396.175
396.175
396.175
396.175
396.175
396.175
396.175
396.176
396.176
431.435
431.435
431.435
431.433
431.431
431.429
431.426
431.422
431.418
431.415
431.413
431.412
431.41
431.41
431.411
431.413
431.416
431.419
431.422
431.425
431.427
431.427
431.427
431.426
431.425
431.423
431.421
431.42
431.419
431.418
431.418
431.419
431.421
431.423
431.425
431.426
431.427
431.427
431.428
431.43
431.43
431.431
431.431
431.431
431.43
431.43
431.43
431.43
431.43
431.431
431.432
431.434
431.436
431.438
431.441
431.443
431.445
431.447
431.448
431.449
431.45
431.451
431.451
431.451
431.451
431.451
431.45
431.449
431.449
431.448
431.447
431.445
431.444
431.443
431.442
431.441
431.439
431.438
431.437
431.436
431.435
431.434
431.433
431.432
431.431
431.43
431.43
431.429
431.429
431.429
431.428
431.428
431.428
431.428
431.428
431.428
431.428
431.429
431.429
431.429
472.494
472.495
472.494
472.492
472.489
472.486
472.482
472.478
472.473
472.471
472.469
472.467
472.467
472.468
472.469
472.472
472.476
472.479
472.483
472.487
472.488
472.489
472.488
472.486
472.484
472.481
472.479
472.478
472.477
472.477
472.477
472.479
472.481
472.484
472.486
472.487
472.488
472.489
472.49
472.491
472.492
472.492
472.492
472.492
472.491
472.49
472.49
472.49
472.491
472.492
472.494
472.496
472.499
472.501
472.504
472.506
472.508
472.51
472.511
472.512
472.513
472.513
472.513
472.513
472.513
472.512
472.512
472.511
472.51
472.508
472.507
472.506
472.504
472.503
472.502
472.5
472.499
472.497
472.496
472.495
472.494
472.493
472.492
472.491
472.49
472.489
472.489
472.489
472.488
472.488
472.488
472.488
472.488
472.488
472.488
472.488
472.488
472.488
472.488
472.489
520.267
520.268
520.266
520.264
520.26
520.256
520.251
520.245
520.241
520.238
520.237
520.236
520.236
520.238
520.241
520.245
520.249
520.253
520.258
520.262
520.263
520.263
520.261
520.258
520.256
520.252
520.25
520.249
520.248
520.248
520.249
520.251
520.255
520.259
520.261
520.262
520.262
520.263
520.264
520.266
520.266
520.266
520.266
520.265
520.264
520.263
520.263
520.263
520.264
520.266
520.269
520.272
520.275
520.278
520.281
520.283
520.285
520.287
520.288
520.289
520.289
520.289
520.289
520.288
520.288
520.287
520.286
520.285
520.283
520.282
520.28
520.279
520.277
520.276
520.274
520.273
520.271
520.27
520.268
520.267
520.266
520.265
520.264
520.263
520.262
520.262
520.261
520.261
520.26
520.26
520.26
520.26
520.26
520.26
520.26
520.261
520.261
520.261
520.261
520.261
575.991
575.992
575.99
575.986
575.981
575.975
575.97
575.964
575.959
575.957
575.956
575.956
575.958
575.961
575.965
575.97
575.975
575.98
575.985
575.99
575.99
575.989
575.986
575.981
575.978
575.974
575.971
575.97
575.97
575.97
575.972
575.976
575.981
575.985
575.988
575.988
575.988
575.989
575.99
575.992
575.992
575.991
575.991
575.989
575.987
575.987
575.987
575.988
575.989
575.992
575.995
575.999
576.003
576.006
576.009
576.012
576.013
576.015
576.016
576.016
576.016
576.016
576.015
576.014
576.013
576.012
576.011
576.01
576.008
576.006
576.005
576.003
576.001
576
575.998
575.996
575.995
575.993
575.992
575.991
575.989
575.988
575.987
575.987
575.986
575.985
575.985
575.985
575.984
575.984
575.984
575.984
575.984
575.984
575.984
575.985
575.985
575.985
575.985
575.985
641.389
641.39
641.387
641.382
641.375
641.368
641.362
641.355
641.351
641.349
641.35
641.351
641.354
641.359
641.364
641.37
641.376
641.382
641.388
641.392
641.392
641.389
641.384
641.378
641.374
641.369
641.366
641.366
641.366
641.367
641.37
641.375
641.382
641.387
641.389
641.389
641.388
641.389
641.39
641.392
641.392
641.39
641.389
641.386
641.385
641.385
641.385
641.386
641.389
641.392
641.397
641.401
641.405
641.409
641.412
641.414
641.416
641.417
641.417
641.417
641.417
641.416
641.415
641.414
641.413
641.411
641.41
641.408
641.406
641.405
641.403
641.401
641.399
641.397
641.396
641.394
641.392
641.391
641.389
641.388
641.387
641.386
641.385
641.384
641.384
641.383
641.383
641.382
641.382
641.382
641.382
641.382
641.382
641.382
641.382
641.383
641.383
641.383
641.383
641.383
718.907
718.909
718.904
718.897
718.888
718.879
718.873
718.866
718.862
718.862
718.864
718.868
718.872
718.879
718.886
718.893
718.9
718.906
718.912
718.916
718.914
718.909
718.902
718.894
718.889
718.884
718.881
718.881
718.883
718.885
718.89
718.896
718.904
718.91
718.911
718.91
718.909
718.909
718.91
718.912
718.911
718.909
718.907
718.904
718.902
718.903
718.904
718.906
718.909
718.914
718.92
718.925
718.929
718.933
718.935
718.937
718.938
718.938
718.938
718.938
718.937
718.936
718.934
718.933
718.931
718.93
718.928
718.926
718.924
718.922
718.921
718.919
718.917
718.915
718.913
718.912
718.91
718.909
718.907
718.906
718.905
718.904
718.903
718.902
718.902
718.901
718.901
718.9
718.9
718.9
718.9
718.9
718.9
718.901
718.901
718.901
718.901
718.901
718.902
718.902
812.108
812.11
812.103
812.094
812.082
812.071
812.065
812.059
812.057
812.059
812.063
812.068
812.075
812.084
812.093
812.101
812.108
812.114
812.121
812.124
812.119
812.111
812.101
812.092
812.086
812.081
812.079
812.081
812.083
812.087
812.094
812.102
812.111
812.118
812.118
812.114
812.112
812.112
812.114
812.115
812.114
812.11
812.107
812.104
812.102
812.103
812.105
812.109
812.114
812.12
812.126
812.132
812.136
812.139
812.141
812.142
812.142
812.142
812.141
812.14
812.139
812.137
812.135
812.133
812.132
812.13
812.128
812.126
812.124
812.122
812.12
812.118
812.116
812.115
812.113
812.111
812.11
812.108
812.107
812.106
812.105
812.104
812.103
812.102
812.102
812.101
812.101
812.101
812.101
812.101
812.101
812.101
812.101
812.101
812.101
812.102
812.102
812.102
812.102
812.102
926.341
926.345
926.335
926.321
926.307
926.294
926.288
926.284
926.285
926.29
926.296
926.305
926.314
926.325
926.334
926.343
926.35
926.355
926.362
926.365
926.357
926.346
926.333
926.321
926.315
926.311
926.311
926.313
926.318
926.323
926.332
926.341
926.353
926.36
926.358
926.352
926.348
926.349
926.351
926.352
926.349
926.342
926.339
926.336
926.336
926.338
926.341
926.346
926.352
926.36
926.367
926.372
926.376
926.378
926.379
926.379
926.378
926.376
926.375
926.373
926.371
926.369
926.367
926.365
926.363
926.36
926.358
926.356
926.354
926.353
926.351
926.349
926.347
926.345
926.344
926.342
926.341
926.339
926.338
926.337
926.336
926.335
926.335
926.334
926.334
926.333
926.333
926.333
926.333
926.333
926.333
926.333
926.333
926.334
926.334
926.334
926.334
926.334
926.335
926.334
1069.96
1069.97
1069.95
1069.93
1069.92
1069.9
1069.9
1069.89
1069.9
1069.91
1069.92
1069.93
1069.94
1069.95
1069.96
1069.97
1069.98
1069.98
1069.99
1069.99
1069.98
1069.97
1069.95
1069.93
1069.93
1069.93
1069.93
1069.93
1069.94
1069.95
1069.96
1069.97
1069.98
1069.99
1069.99
1069.98
1069.97
1069.97
1069.98
1069.98
1069.97
1069.96
1069.95
1069.95
1069.96
1069.96
1069.96
1069.97
1069.98
1069.99
1069.99
1070
1070
1070
1070
1070
1070
1069.99
1069.99
1069.99
1069.99
1069.98
1069.98
1069.98
1069.98
1069.97
1069.97
1069.97
1069.97
1069.97
1069.97
1069.96
1069.96
1069.96
1069.96
1069.96
1069.96
1069.95
1069.95
1069.95
1069.95
1069.95
1069.95
1069.95
1069.95
1069.95
1069.95
1069.95
1069.95
1069.95
1069.95
1069.95
1069.95
1069.95
1069.95
1069.95
1069.95
1069.95
1069.95
1069.95
1256.67
1256.69
1256.67
1256.64
1256.62
1256.6
1256.59
1256.59
1256.62
1256.63
1256.65
1256.66
1256.67
1256.69
1256.69
1256.7
1256.7
1256.71
1256.71
1256.72
1256.71
1256.68
1256.66
1256.64
1256.62
1256.62
1256.65
1256.66
1256.66
1256.67
1256.68
1256.7
1256.71
1256.72
1256.72
1256.71
1256.7
1256.71
1256.71
1256.7
1256.69
1256.67
1256.66
1256.65
1256.68
1256.68
1256.69
1256.7
1256.71
1256.71
1256.72
1256.72
1256.72
1256.72
1256.72
1256.71
1256.71
1256.7
1256.7
1256.7
1256.7
1256.69
1256.69
1256.69
1256.68
1256.68
1256.68
1256.68
1256.68
1256.68
1256.67
1256.67
1256.67
1256.67
1256.67
1256.67
1256.67
1256.66
1256.66
1256.66
1256.66
1256.66
1256.66
1256.66
1256.66
1256.66
1256.66
1256.66
1256.66
1256.66
1256.66
1256.66
1256.66
1256.66
1256.66
1256.66
1256.66
1256.66
1256.66
1256.66
1510.5
1510.51
1510.52
1510.42
1510.4
1510.36
1510.33
1510.33
1510.47
1510.49
1510.5
1510.51
1510.53
1510.54
1510.54
1510.54
1510.54
1510.54
1510.55
1510.55
1510.58
1510.49
1510.46
1510.41
1510.36
1510.37
1510.49
1510.5
1510.51
1510.52
1510.53
1510.54
1510.55
1510.56
1510.59
1510.57
1510.57
1510.57
1510.58
1510.51
1510.49
1510.44
1510.4
1510.4
1510.52
1510.53
1510.53
1510.54
1510.55
1510.56
1510.56
1510.56
1510.55
1510.55
1510.54
1510.54
1510.53
1510.53
1510.52
1510.52
1510.52
1510.51
1510.51
1510.51
1510.51
1510.5
1510.5
1510.5
1510.5
1510.5
1510.5
1510.5
1510.49
1510.49
1510.49
1510.49
1510.49
1510.49
1510.49
1510.49
1510.49
1510.49
1510.49
1510.49
1510.49
1510.49
1510.49
1510.49
1510.49
1510.49
1510.49
1510.49
1510.49
1510.49
1510.49
1510.49
1510.49
1510.49
1510.49
1510.49
1877.33
1877.25
1877.38
1877.04
1876.95
1876.86
1876.73
1876.73
1877.36
1877.42
1877.42
1877.43
1877.45
1877.45
1877.45
1877.44
1877.43
1877.43
1877.44
1877.3
1877.46
1877.12
1877.03
1876.91
1876.77
1876.75
1877.37
1877.43
1877.41
1877.42
1877.43
1877.43
1877.45
1877.3
1877.45
1877.44
1877.43
1877.43
1877.46
1877.14
1877.06
1876.95
1876.81
1876.8
1877.41
1877.47
1877.45
1877.46
1877.46
1877.46
1877.46
1877.45
1877.44
1877.43
1877.42
1877.41
1877.41
1877.4
1877.4
1877.39
1877.39
1877.39
1877.38
1877.38
1877.38
1877.38
1877.38
1877.38
1877.37
1877.37
1877.37
1877.37
1877.37
1877.37
1877.37
1877.37
1877.37
1877.37
1877.37
1877.37
1877.37
1877.37
1877.37
1877.37
1877.37
1877.37
1877.37
1877.37
1877.37
1877.37
1877.37
1877.37
1877.37
1877.37
1877.37
1877.37
1877.37
1877.37
1877.37
1877.36
2456.32
2455.19
2455.83
2454.51
2454.08
2453.78
2453.3
2453.22
2456.54
2456.83
2456.76
2456.75
2456.74
2456.73
2456.71
2456.7
2456.68
2456.67
2456.74
2455.24
2455.94
2454.63
2454.17
2453.83
2453.32
2453.22
2456.54
2456.81
2456.73
2456.7
2456.7
2456.69
2456.75
2455.23
2455.86
2455.92
2455.89
2455.88
2456
2454.63
2454.2
2453.87
2453.37
2453.28
2456.6
2456.87
2456.79
2456.77
2456.76
2456.74
2456.72
2456.7
2456.69
2456.67
2456.66
2456.66
2456.65
2456.64
2456.64
2456.64
2456.63
2456.63
2456.63
2456.63
2456.63
2456.62
2456.62
2456.62
2456.62
2456.62
2456.62
2456.62
2456.62
2456.62
2456.62
2456.62
2456.62
2456.62
2456.62
2456.62
2456.62
2456.62
2456.62
2456.62
2456.62
2456.62
2456.62
2456.62
2456.62
2456.62
2456.62
2456.62
2456.62
2456.62
2456.62
2456.62
2456.62
2456.62
2456.62
2456.62
3504.74
3494.34
3496.85
3491.03
3488.81
3486.93
3484.97
3484.48
3505.7
3507.67
3507.49
3507.35
3507.29
3507.23
3507.19
3507.16
3507.12
3507.1
3507.56
3494.52
3497
3491.18
3488.91
3486.97
3484.96
3484.46
3505.66
3507.6
3507.4
3507.25
3507.18
3507.14
3507.58
3494.51
3496.74
3497.35
3497.39
3497.38
3497.77
3491.3
3488.95
3487.01
3485.03
3484.56
3505.78
3507.73
3507.52
3507.37
3507.3
3507.25
3507.21
3507.18
3507.16
3507.15
3507.13
3507.13
3507.12
3507.12
3507.11
3507.11
3507.11
3507.11
3507.11
3507.11
3507.11
3507.11
3507.1
3507.1
3507.1
3507.1
3507.1
3507.11
3507.11
3507.11
3507.11
3507.11
3507.11
3507.11
3507.11
3507.11
3507.11
3507.11
3507.11
3507.11
3507.11
3507.11
3507.11
3507.11
3507.11
3507.11
3507.11
3507.11
3507.11
3507.11
3507.11
3507.11
3507.11
3507.11
3507.12
3507.14
5936.11
5825.24
5819.54
5785.29
5777.88
5766.22
5760.38
5759.04
5938.27
5960.38
5962.38
5962.34
5962.18
5962.07
5962
5961.93
5961.89
5961.89
5964.37
5828.63
5820.13
5785.54
5778.07
5766.34
5760.43
5759.09
5938.25
5960.31
5962.27
5962.19
5962.03
5961.98
5964.43
5828.71
5819.97
5820.29
5820.54
5820.58
5821.39
5786.1
5778.16
5766.32
5760.41
5759.09
5938.37
5960.46
5962.44
5962.37
5962.2
5962.1
5962.03
5962
5961.98
5961.96
5961.96
5961.95
5961.95
5961.95
5961.95
5961.95
5961.95
5961.95
5961.95
5961.95
5961.95
5961.95
5961.95
5961.95
5961.95
5961.95
5961.96
5961.96
5961.96
5961.96
5961.97
5961.97
5961.97
5961.97
5961.97
5961.97
5961.97
5961.97
5961.97
5961.97
5961.97
5961.97
5961.97
5961.97
5961.97
5961.97
5961.97
5961.97
5961.97
5961.97
5961.97
5961.97
5961.97
5961.98
5962
5962.12
15659.1
13333.3
13333.3
13333.3
13333.3
13333.3
13333.3
13333.3
15666.1
15680.1
15681.4
15681.5
15681.4
15681.2
15681
15680.8
15680.6
15680.4
15682.2
13333.3
13333.3
13333.3
13333.3
13333.3
13333.3
13333.3
15665.2
15679.1
15680.2
15680.3
15680.2
15680
15681.8
13333.3
13333.3
13333.3
13333.3
13333.3
13333.3
13333.3
13333.3
13333.3
13333.3
13333.3
15666.5
15680.3
15681.4
15681.4
15681.4
15681.3
15681.2
15681.1
15681.1
15681.1
15681.1
15681.1
15681.1
15681.1
15681.1
15681.1
15681.2
15681.2
15681.2
15681.2
15681.2
15681.2
15681.2
15681.2
15681.2
15681.2
15681.2
15681.2
15681.2
15681.2
15681.2
15681.2
15681.2
15681.2
15681.2
15681.2
15681.2
15681.2
15681.2
15681.2
15681.2
15681.2
15681.2
15681.2
15681.2
15681.2
15681.2
15681.2
15681.2
15681.2
15681.2
15681.2
15681.2
15681.2
15681.1
15681.1
)
;

boundaryField
{
    inlet
    {
        type            cyclic;
    }
    outlet
    {
        type            cyclic;
    }
    bottomWall
    {
        beta1           0.075;
        blended         false;
        type            omegaWallFunction;
        value           nonuniform List<scalar> 
100
(
13333.3
15655.8
13333.3
13333.3
13333.3
13333.3
15663
15681.7
13333.3
13333.3
13333.3
13333.3
13333.3
13333.3
13333.3
13333.3
13333.3
13333.3
13333.3
15669.4
15683.3
15684.5
15684.4
15684.2
15683.9
15683.7
15683.6
15683.6
15683.5
15683.4
15683.3
15683.3
15683.5
15683.8
15684.1
15684.3
15684.3
15684.2
15686
13333.3
13333.3
13333.3
13333.3
13333.3
13333.3
13333.3
13333.3
13333.3
13333.3
13333.3
13333.3
13333.3
13333.3
13333.3
13333.3
13333.3
13333.3
13333.3
13333.3
13333.3
13333.3
13333.3
13333.3
13333.3
13333.3
13333.3
13333.3
13333.3
13333.3
13333.3
13333.3
13333.3
13333.3
13333.3
13333.3
13333.3
13333.3
13333.3
13333.3
13333.3
13333.3
13333.3
13333.3
13333.3
13333.3
13333.3
13333.3
13333.3
13333.3
13333.3
13333.3
13333.3
13333.3
13333.3
13333.3
13333.3
13333.3
13333.3
13333.3
13333.3
)
;
    }
    topWall
    {
        beta1           0.075;
        blended         false;
        type            omegaWallFunction;
        value           nonuniform List<scalar> 
100
(
15659.1
13333.3
13333.3
13333.3
13333.3
13333.3
13333.3
13333.3
15666.1
15680.1
15681.4
15681.5
15681.4
15681.2
15681
15680.8
15680.6
15680.4
15682.2
13333.3
13333.3
13333.3
13333.3
13333.3
13333.3
13333.3
15665.2
15679.1
15680.2
15680.3
15680.2
15680
15681.8
13333.3
13333.3
13333.3
13333.3
13333.3
13333.3
13333.3
13333.3
13333.3
13333.3
13333.3
15666.5
15680.3
15681.4
15681.4
15681.4
15681.3
15681.2
15681.1
15681.1
15681.1
15681.1
15681.1
15681.1
15681.1
15681.1
15681.1
15681.2
15681.2
15681.2
15681.2
15681.2
15681.2
15681.2
15681.2
15681.2
15681.2
15681.2
15681.2
15681.2
15681.2
15681.2
15681.2
15681.2
15681.2
15681.2
15681.2
15681.2
15681.2
15681.2
15681.2
15681.2
15681.2
15681.2
15681.2
15681.2
15681.2
15681.2
15681.2
15681.2
15681.2
15681.2
15681.2
15681.2
15681.2
15681.1
15681.1
)
;
    }
    frontAndBack
    {
        type            empty;
    }
}


// ************************************************************************* //
