/*--------------------------------*- C++ -*----------------------------------*\
  =========                 |
  \\      /  F ield         | OpenFOAM: The Open Source CFD Toolbox
   \\    /   O peration     | Website:  https://openfoam.org
    \\  /    A nd           | Version:  11
     \\/     M anipulation  |
\*---------------------------------------------------------------------------*/
FoamFile
{
    format      ascii;
    class       volScalarField;
    location    "700";
    object      p;
}
// * * * * * * * * * * * * * * * * * * * * * * * * * * * * * * * * * * * * * //

dimensions      [0 2 -2 0 0 0 0];

internalField   nonuniform List<scalar> 
5000
(
-1.58388e-06
0.00352676
0.00458905
-0.00265642
-0.0159461
-0.0292002
-0.0357083
-0.0330219
-0.0290879
-0.0295878
-0.0317219
-0.033146
-0.0341232
-0.0349048
-0.0354233
-0.0374201
-0.0390099
-0.0370018
-0.034919
-0.0333398
-0.031463
-0.0300641
-0.0285831
-0.026728
-0.0233137
-0.0186423
-0.0115968
-0.00312185
0.00747913
0.0181743
0.0305152
0.0420417
0.0536496
0.0621374
0.0681507
0.0713678
0.0734898
0.0751665
0.0784045
0.0781093
0.0697056
0.0592431
0.0488804
0.0403683
0.0334489
0.0290108
0.0261575
0.0247216
0.0237898
0.0232707
0.0228124
0.0225134
0.0221878
0.0219479
0.0216396
0.0214115
0.021126
0.0208966
0.0205547
0.020217
0.0197902
0.0193992
0.0189771
0.0186223
0.0182352
0.0179363
0.0175842
0.0173216
0.0170047
0.0167545
0.01639
0.0160417
0.0155492
0.015162
0.0146313
0.0142596
0.0137508
0.0133518
0.0128891
0.0124605
0.0120649
0.0116223
0.011214
0.0107808
0.0103816
0.00995574
0.00957868
0.00913659
0.00873425
0.00827312
0.00785055
0.00742173
0.00697212
0.0065624
0.00608431
0.00566335
0.00519344
0.00470962
0.00385338
0.0014804
0.000260598
0.00352513
0.00437269
-0.00281408
-0.0159636
-0.0288719
-0.0354238
-0.0331448
-0.0293647
-0.0296928
-0.0317593
-0.0331634
-0.0341327
-0.034911
-0.0354983
-0.0373651
-0.0388722
-0.0369724
-0.0347172
-0.0330722
-0.0313353
-0.0300011
-0.0285569
-0.0267193
-0.0233128
-0.0186441
-0.0116004
-0.00312478
0.00747584
0.0181732
0.0305141
0.0420431
0.0536532
0.0621437
0.0681558
0.0713711
0.0734909
0.0751644
0.0781466
0.0777709
0.0695756
0.0591938
0.0488578
0.0403558
0.0334415
0.0290056
0.0261542
0.0247195
0.0237887
0.02327
0.0228121
0.0225132
0.0221877
0.0219478
0.0216396
0.0214114
0.021126
0.0208965
0.0205547
0.0202169
0.0197902
0.0193991
0.018977
0.0186222
0.0182352
0.0179363
0.0175842
0.0173215
0.0170047
0.0167544
0.0163899
0.0160416
0.0155491
0.0151619
0.0146313
0.0142595
0.0137508
0.0133518
0.0128891
0.0124605
0.0120649
0.0116223
0.011214
0.0107808
0.0103816
0.00995573
0.00957872
0.00913659
0.00873427
0.00827311
0.00785058
0.00742171
0.00697216
0.00656239
0.00608434
0.00566334
0.00519354
0.00470973
0.00385478
0.00157493
0.000426349
0.00355107
0.00422045
-0.00296643
-0.0159878
-0.0286703
-0.0351912
-0.0331787
-0.029546
-0.029786
-0.0317999
-0.033184
-0.0341441
-0.0349418
-0.0355849
-0.0373532
-0.0387752
-0.0369205
-0.0345705
-0.0328437
-0.0311872
-0.0299235
-0.0285244
-0.0267092
-0.0233136
-0.0186487
-0.0116084
-0.00313046
0.00746926
0.0181719
0.0305119
0.042047
0.0536609
0.0621576
0.0681665
0.0713782
0.0734936
0.0751621
0.0779675
0.0775191
0.0694516
0.0591359
0.0488287
0.0403378
0.0334299
0.0289967
0.0261486
0.0247158
0.023787
0.0232689
0.0228118
0.0225128
0.0221878
0.0219476
0.0216396
0.0214113
0.0211261
0.0208963
0.0205546
0.0202167
0.0197901
0.0193989
0.0189771
0.0186222
0.0182353
0.0179362
0.0175843
0.0173213
0.0170047
0.0167542
0.0163899
0.0160414
0.015549
0.0151617
0.0146313
0.0142594
0.0137508
0.0133517
0.0128891
0.0124604
0.012065
0.0116222
0.0112141
0.0107807
0.0103817
0.00995567
0.0095788
0.00913656
0.00873431
0.00827307
0.00785064
0.00742165
0.00697224
0.00656234
0.00608439
0.0056633
0.00519372
0.00470981
0.003854
0.00164071
0.000536725
0.00359066
0.0041226
-0.00308448
-0.0160148
-0.0285548
-0.0350264
-0.0331741
-0.0296645
-0.0298671
-0.0318391
-0.0332038
-0.0341557
-0.0349739
-0.0356572
-0.0373601
-0.0387127
-0.0368695
-0.0344615
-0.0326712
-0.0310549
-0.0298471
-0.0284919
-0.0267011
-0.0233183
-0.0186571
-0.011622
-0.00313907
0.00745894
0.0181709
0.0305086
0.0420539
0.0536731
0.0621802
0.0681835
0.0713895
0.0734979
0.0751609
0.0778549
0.0773377
0.0693425
0.0590761
0.0487973
0.0403156
0.0334145
0.0289838
0.0261408
0.0247104
0.0237848
0.0232675
0.0228116
0.0225124
0.0221879
0.0219474
0.0216398
0.0214109
0.0211262
0.020896
0.0205546
0.0202164
0.0197901
0.0193987
0.0189773
0.018622
0.0182356
0.017936
0.0175845
0.017321
0.0170049
0.0167539
0.0163899
0.0160412
0.015549
0.0151615
0.0146314
0.0142592
0.013751
0.0133515
0.0128892
0.0124602
0.012065
0.0116221
0.0112142
0.0107806
0.0103818
0.00995556
0.00957893
0.00913648
0.00873439
0.00827296
0.00785076
0.00742152
0.0069724
0.00656222
0.00608451
0.00566319
0.00519403
0.00470987
0.00385246
0.00169144
0.000648881
0.00363639
0.00405263
-0.00317372
-0.0160363
-0.0284694
-0.0349006
-0.0331718
-0.0297715
-0.0299515
-0.0318807
-0.0332249
-0.0341684
-0.0349947
-0.0357032
-0.0373627
-0.0386547
-0.0368135
-0.0343644
-0.0325268
-0.0309346
-0.0297719
-0.0284615
-0.0266968
-0.0233283
-0.0186701
-0.0116417
-0.00315092
0.00744455
0.0181702
0.030504
0.0420642
0.0536904
0.0622126
0.0682073
0.0714053
0.073504
0.0751604
0.0777655
0.0771778
0.0692347
0.0590114
0.0487623
0.040288
0.0333946
0.0289665
0.0261306
0.0247034
0.0237822
0.0232657
0.0228115
0.0225119
0.0221883
0.021947
0.0216402
0.0214104
0.0211265
0.0208954
0.0205547
0.020216
0.0197902
0.0193985
0.0189776
0.0186218
0.018236
0.0179357
0.0175849
0.0173206
0.0170051
0.0167533
0.0163899
0.0160407
0.015549
0.0151611
0.0146316
0.0142589
0.0137511
0.0133513
0.0128894
0.01246
0.0120652
0.0116219
0.0112143
0.0107804
0.010382
0.00995537
0.00957916
0.00913631
0.00873456
0.00827277
0.00785095
0.00742131
0.00697263
0.00656203
0.0060847
0.00566301
0.00519447
0.00470994
0.00385173
0.00174552
0.000779202
0.00369082
0.00399388
-0.0032483
-0.01605
-0.028392
-0.034793
-0.0331806
-0.0298879
-0.0300474
-0.0319284
-0.033249
-0.0341828
-0.0350069
-0.0357303
-0.0373555
-0.0385896
-0.0367463
-0.0342663
-0.0323898
-0.0308174
-0.0296962
-0.0284333
-0.0266968
-0.0233441
-0.018688
-0.0116679
-0.00316611
0.007426
0.0181698
0.0304981
0.0420781
0.0537131
0.0622551
0.0682381
0.0714258
0.0735119
0.0751599
0.0776793
0.0770161
0.0691195
0.0589379
0.0487218
0.0402544
0.0333697
0.0289446
0.026118
0.0246946
0.0237791
0.0232635
0.0228114
0.0225113
0.0221889
0.0219466
0.0216407
0.0214098
0.0211268
0.0208946
0.0205548
0.0202154
0.0197903
0.0193981
0.018978
0.0186216
0.0182367
0.0179354
0.0175855
0.0173199
0.0170055
0.0167526
0.0163901
0.0160402
0.0155491
0.0151607
0.0146319
0.0142586
0.0137514
0.0133509
0.0128896
0.0124597
0.0120654
0.0116216
0.0112146
0.0107801
0.0103823
0.00995511
0.00957944
0.00913609
0.00873478
0.00827252
0.00785122
0.00742102
0.00697294
0.00656175
0.00608496
0.00566275
0.00519504
0.00471004
0.0038526
0.00180968
0.000928707
0.00375628
0.00393994
-0.00331707
-0.0160574
-0.0283153
-0.034692
-0.0332
-0.0300193
-0.0301564
-0.0319838
-0.0332771
-0.0341992
-0.0350149
-0.035747
-0.0373389
-0.0385147
-0.0366666
-0.0341606
-0.0322488
-0.0306967
-0.0296179
-0.0284068
-0.0267012
-0.0233657
-0.018711
-0.0117006
-0.00318477
0.00740338
0.0181696
0.0304911
0.0420953
0.0537413
0.0623077
0.0682761
0.0714508
0.0735216
0.0751588
0.0775892
0.0768445
0.0689937
0.0588538
0.0486746
0.0402142
0.0333397
0.028918
0.0261027
0.024684
0.0237756
0.0232608
0.0228114
0.0225105
0.0221896
0.021946
0.0216414
0.021409
0.0211273
0.0208937
0.020555
0.0202148
0.0197904
0.0193978
0.0189786
0.0186213
0.0182375
0.017935
0.0175862
0.0173192
0.0170061
0.0167516
0.0163902
0.0160394
0.0155492
0.0151601
0.0146323
0.0142582
0.0137518
0.0133505
0.0128899
0.0124593
0.0120657
0.0116212
0.0112149
0.0107797
0.0103826
0.00995478
0.00957981
0.00913578
0.00873509
0.00827218
0.00785156
0.00742066
0.00697332
0.00656141
0.00608529
0.00566242
0.0051957
0.00471027
0.00385553
0.00188513
0.00109529
0.0038334
0.00388961
-0.00338371
-0.0160611
-0.0282371
-0.0345928
-0.0332281
-0.0301651
-0.030278
-0.032047
-0.0333094
-0.0342174
-0.0350212
-0.0357585
-0.0373151
-0.038431
-0.0365751
-0.0340449
-0.0320978
-0.0305683
-0.0295355
-0.0283813
-0.0267095
-0.0233928
-0.018739
-0.0117396
-0.00320696
0.00737688
0.0181694
0.030483
0.0421158
0.0537752
0.0623703
0.068321
0.0714804
0.073533
0.0751567
0.0774935
0.0766617
0.068857
0.0587589
0.0486205
0.0401675
0.0333043
0.0288868
0.0260849
0.0246717
0.0237715
0.0232578
0.0228115
0.0225096
0.0221904
0.0219453
0.0216422
0.021408
0.0211279
0.0208925
0.0205551
0.0202139
0.0197906
0.0193973
0.0189794
0.018621
0.0182385
0.0179345
0.0175871
0.0173183
0.0170067
0.0167505
0.0163904
0.0160386
0.0155494
0.0151595
0.0146327
0.0142577
0.0137522
0.0133501
0.0128902
0.0124589
0.0120661
0.0116208
0.0112152
0.0107793
0.010383
0.0099544
0.00958023
0.00913544
0.00873544
0.0082718
0.00785195
0.00742024
0.00697377
0.00656099
0.00608568
0.00566203
0.00519646
0.00471066
0.00386085
0.00197047
0.00127614
0.003922
0.00384319
-0.00344953
-0.0160627
-0.0281576
-0.0344941
-0.0332633
-0.030323
-0.0304106
-0.0321175
-0.0333455
-0.0342374
-0.0350274
-0.0357673
-0.037286
-0.0383399
-0.0364736
-0.0339182
-0.0319345
-0.0304305
-0.0294481
-0.0283561
-0.0267217
-0.0234251
-0.018772
-0.0117848
-0.00323277
0.00734673
0.0181692
0.030474
0.0421393
0.0538147
0.0624427
0.0683728
0.0715142
0.0735461
0.0751533
0.077392
0.0764689
0.0687104
0.0586537
0.0485596
0.0401143
0.0332637
0.028851
0.0260645
0.0246577
0.0237669
0.0232543
0.0228116
0.0225086
0.0221914
0.0219445
0.0216432
0.021407
0.0211285
0.0208911
0.0205554
0.020213
0.0197908
0.0193968
0.0189802
0.0186207
0.0182396
0.0179339
0.0175881
0.0173173
0.0170073
0.0167491
0.0163906
0.0160377
0.0155495
0.0151589
0.0146332
0.0142571
0.0137527
0.0133496
0.0128907
0.0124585
0.0120665
0.0116204
0.0112157
0.0107788
0.0103835
0.00995396
0.00958071
0.00913502
0.00873586
0.00827134
0.00785241
0.00741976
0.00697427
0.00656052
0.00608611
0.00566159
0.0051973
0.00471125
0.00386863
0.00206376
0.00146876
0.00402154
0.00380117
-0.00351477
-0.016063
-0.0280774
-0.0343961
-0.0333046
-0.030491
-0.0305528
-0.0321944
-0.0333852
-0.0342589
-0.035034
-0.0357745
-0.0372531
-0.0382428
-0.036364
-0.0337806
-0.0317584
-0.0302828
-0.0293556
-0.0283311
-0.0267375
-0.0234623
-0.0188099
-0.0118358
-0.00326228
0.00731322
0.0181686
0.0304641
0.0421655
0.0538599
0.0625245
0.0684314
0.0715523
0.0735608
0.0751487
0.0772853
0.076268
0.068555
0.058539
0.0484921
0.0400549
0.0332178
0.0288108
0.0260415
0.0246421
0.0237617
0.0232506
0.0228116
0.0225075
0.0221924
0.0219437
0.0216442
0.0214058
0.0211292
0.0208896
0.0205556
0.020212
0.0197911
0.0193964
0.0189811
0.0186204
0.0182408
0.0179334
0.0175893
0.0173162
0.0170081
0.0167477
0.0163908
0.0160366
0.0155497
0.0151582
0.0146337
0.0142566
0.0137532
0.013349
0.0128911
0.012458
0.0120669
0.0116199
0.0112161
0.0107783
0.010384
0.0099535
0.00958121
0.00913459
0.0087363
0.00827087
0.00785289
0.00741925
0.00697482
0.00656
0.00608659
0.00566111
0.0051982
0.00471209
0.00387897
0.00216357
0.0016709
0.00413144
0.00376413
-0.00357912
-0.0160622
-0.0279976
-0.0342995
-0.0333514
-0.0306676
-0.0307034
-0.032277
-0.0334281
-0.0342819
-0.0350416
-0.0357808
-0.0372172
-0.038141
-0.0362479
-0.0336323
-0.0315701
-0.0301252
-0.029258
-0.0283062
-0.0267569
-0.0235042
-0.0188526
-0.0118923
-0.00329551
0.00727657
0.0181675
0.0304536
0.042194
0.0539108
0.0626155
0.0684967
0.0715943
0.073577
0.0751428
0.0771741
0.0760606
0.0683921
0.0584156
0.0484184
0.0399895
0.0331668
0.0287664
0.0260159
0.024625
0.0237559
0.0232465
0.0228116
0.0225064
0.0221935
0.0219428
0.0216453
0.0214045
0.0211299
0.020888
0.0205558
0.020211
0.0197913
0.0193959
0.0189822
0.0186201
0.0182421
0.0179328
0.0175905
0.0173151
0.0170088
0.0167461
0.0163911
0.0160355
0.0155499
0.0151574
0.0146343
0.014256
0.0137538
0.0133485
0.0128916
0.0124574
0.0120674
0.0116194
0.0112166
0.0107778
0.0103845
0.009953
0.00958177
0.00913411
0.0087368
0.00827035
0.00785342
0.00741871
0.00697538
0.00655946
0.00608708
0.00566061
0.00519914
0.0047132
0.00389175
0.00226901
0.00188128
0.00425115
0.00373244
-0.00364207
-0.0160608
-0.0279189
-0.0342052
-0.0334032
-0.0308514
-0.0308613
-0.0323645
-0.0334738
-0.0343061
-0.03505
-0.0357865
-0.0371789
-0.0380356
-0.0361264
-0.033474
-0.03137
-0.0299582
-0.0291556
-0.0282813
-0.0267798
-0.0235507
-0.0188999
-0.0119542
-0.00333251
0.00723704
0.0181659
0.0304426
0.0422247
0.0539673
0.0627153
0.0685686
0.0716402
0.0735946
0.0751356
0.0770593
0.0758481
0.0682227
0.0582844
0.0483386
0.0399187
0.0331108
0.028718
0.0259879
0.0246064
0.0237496
0.0232421
0.0228116
0.0225052
0.0221946
0.0219419
0.0216465
0.0214032
0.0211306
0.0208863
0.020556
0.0202098
0.0197916
0.0193954
0.0189833
0.0186199
0.0182435
0.0179322
0.0175917
0.017314
0.0170096
0.0167445
0.0163913
0.0160343
0.0155502
0.0151566
0.0146349
0.0142554
0.0137544
0.0133479
0.0128922
0.0124569
0.0120679
0.0116189
0.0112171
0.0107772
0.010385
0.0099525
0.00958231
0.00913364
0.00873728
0.00826984
0.00785395
0.00741816
0.00697597
0.00655889
0.00608759
0.00566009
0.00520013
0.0047146
0.00390694
0.00237919
0.00209859
0.00438021
0.00370655
-0.00370317
-0.0160589
-0.0278419
-0.0341139
-0.0334598
-0.0310413
-0.0310256
-0.0324566
-0.0335222
-0.0343314
-0.0350594
-0.0357916
-0.0371388
-0.0379275
-0.0360004
-0.0333066
-0.0311584
-0.0297822
-0.0290486
-0.0282566
-0.0268063
-0.0236014
-0.0189518
-0.0120211
-0.00337328
0.00719482
0.0181635
0.0304311
0.0422573
0.0540294
0.0628237
0.0686468
0.0716897
0.0736136
0.0751272
0.0769414
0.075632
0.0680477
0.0581461
0.0482531
0.0398426
0.03305
0.0286658
0.0259573
0.0245864
0.0237427
0.0232375
0.0228115
0.022504
0.0221958
0.0219411
0.0216476
0.0214019
0.0211313
0.0208845
0.0205562
0.0202087
0.0197919
0.0193949
0.0189844
0.0186196
0.018245
0.0179317
0.0175931
0.0173128
0.0170103
0.0167427
0.0163915
0.0160332
0.0155504
0.0151559
0.0146355
0.0142548
0.013755
0.0133473
0.0128927
0.0124564
0.0120684
0.0116183
0.0112177
0.0107767
0.0103856
0.00995197
0.0095829
0.00913313
0.00873781
0.0082693
0.0078545
0.0074176
0.00697656
0.00655832
0.0060881
0.00565956
0.00520114
0.00471632
0.00392442
0.00249342
0.00232211
0.00451823
0.00368669
-0.00376194
-0.0160567
-0.0277672
-0.0340261
-0.033521
-0.0312366
-0.0311956
-0.0325528
-0.033573
-0.0343578
-0.0350697
-0.0357963
-0.037097
-0.0378173
-0.0358706
-0.0331308
-0.0309362
-0.029598
-0.0289374
-0.0282322
-0.0268362
-0.0236562
-0.0190082
-0.0120929
-0.00341784
0.00715016
0.0181603
0.0304194
0.0422916
0.054097
0.0629403
0.0687314
0.0717426
0.0736338
0.0751176
0.076821
0.0754132
0.0678677
0.0580012
0.0481623
0.0397616
0.0329845
0.0286099
0.0259242
0.024565
0.0237352
0.0232326
0.0228114
0.0225028
0.0221969
0.0219402
0.0216488
0.0214006
0.0211319
0.0208827
0.0205563
0.0202075
0.0197921
0.0193944
0.0189856
0.0186194
0.0182465
0.0179312
0.0175944
0.0173116
0.017011
0.0167409
0.0163917
0.0160319
0.0155506
0.0151551
0.0146361
0.0142542
0.0137556
0.0133468
0.0128932
0.0124558
0.0120689
0.0116178
0.0112182
0.0107761
0.0103861
0.00995147
0.00958346
0.00913265
0.00873831
0.00826879
0.00785504
0.00741705
0.00697716
0.00655775
0.00608862
0.00565903
0.00520217
0.00471837
0.00394412
0.00261105
0.00255092
0.00466492
0.00367318
-0.00381804
-0.0160543
-0.0276953
-0.0339422
-0.0335867
-0.0314365
-0.0313706
-0.0326527
-0.0336259
-0.034385
-0.0350807
-0.0358004
-0.0370538
-0.0377055
-0.0357374
-0.0329472
-0.0307037
-0.029406
-0.0288224
-0.0282082
-0.0268697
-0.0237149
-0.0190689
-0.0121692
-0.00346616
0.00710317
0.0181562
0.0304075
0.0423273
0.0541701
0.0630649
0.068822
0.0717988
0.0736553
0.075107
0.0766988
0.0751927
0.0676834
0.0578502
0.0480664
0.039676
0.0329144
0.0285503
0.0258888
0.0245424
0.0237272
0.0232276
0.0228111
0.0225015
0.022198
0.0219393
0.0216499
0.0213993
0.0211325
0.0208808
0.0205564
0.0202063
0.0197924
0.019394
0.0189868
0.0186193
0.018248
0.0179307
0.0175957
0.0173105
0.0170117
0.0167391
0.0163918
0.0160307
0.0155507
0.0151544
0.0146367
0.0142536
0.0137562
0.0133462
0.0128938
0.0124553
0.0120695
0.0116173
0.0112187
0.0107756
0.0103867
0.00995096
0.00958404
0.00913216
0.00873884
0.00826828
0.00785559
0.00741651
0.00697774
0.00655719
0.00608912
0.00565851
0.0052032
0.00472076
0.00396585
0.00273164
0.00278461
0.00481995
0.00366612
-0.00387123
-0.0160519
-0.0276266
-0.0338626
-0.0336565
-0.0316405
-0.0315502
-0.0327561
-0.0336808
-0.0344131
-0.0350924
-0.035804
-0.0370095
-0.0375926
-0.0356014
-0.0327563
-0.0304617
-0.0292068
-0.0287039
-0.0281845
-0.0269067
-0.0237773
-0.0191339
-0.0122499
-0.00351822
0.00705407
0.018151
0.0303954
0.0423643
0.0542485
0.0631974
0.0689187
0.0718582
0.0736779
0.0750953
0.0765751
0.0749714
0.0674955
0.0576937
0.0479656
0.0395859
0.0328398
0.0284874
0.025851
0.0245186
0.0237186
0.0232223
0.0228108
0.0225003
0.0221992
0.0219385
0.021651
0.021398
0.021133
0.0208788
0.0205565
0.020205
0.0197926
0.0193936
0.018988
0.0186192
0.0182495
0.0179303
0.0175971
0.0173094
0.0170123
0.0167373
0.0163919
0.0160294
0.0155509
0.0151536
0.0146373
0.014253
0.0137568
0.0133457
0.0128943
0.0124548
0.01207
0.0116168
0.0112192
0.0107751
0.0103872
0.00995048
0.00958458
0.0091317
0.00873933
0.00826779
0.00785611
0.00741598
0.00697832
0.00655664
0.00608961
0.005658
0.00520423
0.00472349
0.00398951
0.00285468
0.00302248
0.00498305
0.00366572
-0.00392128
-0.0160495
-0.0275614
-0.0337876
-0.0337304
-0.031848
-0.0317338
-0.0328626
-0.0337374
-0.0344419
-0.0351048
-0.0358071
-0.0369643
-0.037479
-0.0354631
-0.0325585
-0.0302107
-0.029001
-0.0285822
-0.0281613
-0.0269472
-0.0238434
-0.019203
-0.0123348
-0.00357397
0.00700294
0.0181449
0.0303833
0.0424025
0.0543322
0.0633374
0.0690213
0.0719206
0.0737016
0.0750828
0.0764504
0.0747499
0.0673044
0.0575318
0.0478603
0.0394917
0.032761
0.0284211
0.0258109
0.0244937
0.0237095
0.0232169
0.0228104
0.0224991
0.0222002
0.0219377
0.0216521
0.0213967
0.0211334
0.0208769
0.0205565
0.0202038
0.0197928
0.0193932
0.0189892
0.0186192
0.018251
0.01793
0.0175984
0.0173083
0.0170129
0.0167354
0.016392
0.0160282
0.015551
0.0151529
0.0146378
0.0142525
0.0137573
0.0133452
0.0128949
0.0124543
0.0120705
0.0116163
0.0112197
0.0107746
0.0103877
0.00995
0.00958514
0.00913124
0.00873985
0.00826731
0.00785664
0.00741547
0.00697888
0.00655611
0.00609008
0.0056575
0.00520527
0.00472655
0.0040149
0.0029798
0.0032642
0.00515396
0.00367197
-0.00396801
-0.0160473
-0.0275
-0.0337175
-0.0338081
-0.0320585
-0.0319209
-0.032972
-0.0337956
-0.0344714
-0.0351178
-0.0358097
-0.0369183
-0.037365
-0.0353228
-0.0323543
-0.0299512
-0.0287891
-0.0284577
-0.0281386
-0.0269912
-0.023913
-0.0192761
-0.0124238
-0.00363337
0.00694996
0.0181376
0.0303711
0.0424415
0.054421
0.0634848
0.0691295
0.0719858
0.0737263
0.0750696
0.0763251
0.074529
0.0671108
0.0573652
0.0477505
0.0393936
0.032678
0.0283517
0.0257685
0.0244676
0.0236998
0.0232114
0.0228098
0.022498
0.0222012
0.0219369
0.0216531
0.0213955
0.0211338
0.0208749
0.0205565
0.0202026
0.019793
0.0193928
0.0189904
0.0186192
0.0182525
0.0179297
0.0175997
0.0173073
0.0170134
0.0167335
0.016392
0.0160269
0.0155511
0.0151521
0.0146384
0.014252
0.0137579
0.0133447
0.0128954
0.0124538
0.0120709
0.0116158
0.0112202
0.0107741
0.0103882
0.00994956
0.00958565
0.00913083
0.00874032
0.00826687
0.00785714
0.00741499
0.00697942
0.0065556
0.00609054
0.00565703
0.00520632
0.00472994
0.00404191
0.00310657
0.00350909
0.00533243
0.00368499
-0.00401127
-0.0160454
-0.0274428
-0.0336525
-0.0338895
-0.0322715
-0.0321111
-0.0330841
-0.0338553
-0.0345015
-0.0351313
-0.0358118
-0.0368716
-0.0372509
-0.0351812
-0.0321443
-0.0296839
-0.0285715
-0.0283306
-0.0281166
-0.0270386
-0.0239859
-0.019353
-0.0125165
-0.00369633
0.0068952
0.0181293
0.0303589
0.0424814
0.0545148
0.0636394
0.0692433
0.0720536
0.073752
0.0750556
0.0761996
0.0743092
0.066915
0.0571943
0.0476366
0.0392917
0.032591
0.0282792
0.0257241
0.0244406
0.0236897
0.0232057
0.0228092
0.0224968
0.0222022
0.0219362
0.0216541
0.0213943
0.0211341
0.020873
0.0205565
0.0202014
0.0197931
0.0193925
0.0189916
0.0186193
0.018254
0.0179294
0.0176009
0.0173064
0.0170138
0.0167317
0.016392
0.0160257
0.0155512
0.0151514
0.0146389
0.0142515
0.0137585
0.0133442
0.0128959
0.0124534
0.0120714
0.0116154
0.0112207
0.0107736
0.0103887
0.00994913
0.00958618
0.00913041
0.00874081
0.00826643
0.00785763
0.00741453
0.00697994
0.00655511
0.00609098
0.00565657
0.00520735
0.00473366
0.00407032
0.00323464
0.00375686
0.0055181
0.00370471
-0.0040509
-0.0160439
-0.0273897
-0.0335928
-0.0339744
-0.0324866
-0.0323039
-0.0331984
-0.0339163
-0.0345322
-0.0351452
-0.0358135
-0.0368246
-0.0371371
-0.0350385
-0.0319289
-0.0294091
-0.0283489
-0.0282013
-0.0280951
-0.0270895
-0.024062
-0.0194336
-0.0126129
-0.00376278
0.00683884
0.0181199
0.0303467
0.0425218
0.0546135
0.063801
0.0693624
0.072124
0.0737785
0.0750411
0.0760742
0.074091
0.0667177
0.0570194
0.0475188
0.0391865
0.0325001
0.0282038
0.0256776
0.0244125
0.0236791
0.0231999
0.0228085
0.0224957
0.0222031
0.0219355
0.0216551
0.0213932
0.0211343
0.020871
0.0205564
0.0202002
0.0197933
0.0193922
0.0189928
0.0186194
0.0182555
0.0179292
0.0176022
0.0173055
0.0170142
0.0167298
0.016392
0.0160245
0.0155513
0.0151507
0.0146394
0.014251
0.013759
0.0133437
0.0128964
0.012453
0.0120719
0.011615
0.0112212
0.0107732
0.0103892
0.00994874
0.00958665
0.00913004
0.00874124
0.00826604
0.00785809
0.0074141
0.00698044
0.00655464
0.00609139
0.00565614
0.00520839
0.00473768
0.00410002
0.00336358
0.0040069
0.00571065
0.00373123
-0.00408675
-0.0160429
-0.0273413
-0.0335385
-0.0340625
-0.0327033
-0.0324988
-0.0333148
-0.0339783
-0.0345633
-0.0351594
-0.0358147
-0.0367772
-0.0370239
-0.0348952
-0.0317087
-0.0291276
-0.0281217
-0.0280699
-0.0280743
-0.0271437
-0.0241411
-0.0195176
-0.0127127
-0.00383261
0.00678091
0.0181094
0.0303346
0.0425628
0.0547169
0.0639692
0.0694866
0.0721966
0.0738059
0.0750261
0.0759495
0.073875
0.0665194
0.056841
0.0473976
0.0390782
0.0324056
0.0281256
0.0256291
0.0243836
0.0236681
0.023194
0.0228076
0.0224947
0.022204
0.0219348
0.021656
0.0213921
0.0211345
0.0208691
0.0205562
0.0201991
0.0197934
0.0193919
0.018994
0.0186196
0.0182569
0.0179291
0.0176033
0.0173046
0.0170145
0.016728
0.0163919
0.0160233
0.0155513
0.0151501
0.0146399
0.0142505
0.0137595
0.0133433
0.0128968
0.0124526
0.0120723
0.0116146
0.0112216
0.0107728
0.0103897
0.00994836
0.00958713
0.00912967
0.0087417
0.00826566
0.00785855
0.00741369
0.00698091
0.0065542
0.00609178
0.00565573
0.00520943
0.00474199
0.00413078
0.00349304
0.00425889
0.00590969
0.00376434
-0.00411878
-0.0160424
-0.0272975
-0.0334896
-0.0341537
-0.0329212
-0.0326953
-0.0334328
-0.0340413
-0.0345949
-0.035174
-0.0358156
-0.0367298
-0.0369117
-0.0347518
-0.0314843
-0.0288399
-0.0278907
-0.0279367
-0.0280543
-0.0272012
-0.0242231
-0.0196048
-0.0128157
-0.00390572
0.00672159
0.0180979
0.0303225
0.0426039
0.0548246
0.0641439
0.0696156
0.0722714
0.073834
0.0750107
0.0758257
0.0736619
0.0663207
0.0566594
0.047273
0.038967
0.0323077
0.0280449
0.0255787
0.0243539
0.0236566
0.0231881
0.0228067
0.0224936
0.0222048
0.0219343
0.0216568
0.0213911
0.0211345
0.0208671
0.020556
0.0201979
0.0197934
0.0193917
0.0189951
0.0186198
0.0182583
0.017929
0.0176045
0.0173038
0.0170147
0.0167261
0.0163918
0.0160222
0.0155513
0.0151495
0.0146403
0.0142501
0.01376
0.0133429
0.0128973
0.0124523
0.0120727
0.0116143
0.011222
0.0107724
0.0103901
0.00994803
0.00958755
0.00912936
0.0087421
0.00826533
0.00785896
0.00741332
0.00698135
0.00655378
0.00609215
0.00565535
0.00521046
0.00474656
0.00416246
0.00362254
0.00451207
0.00611482
0.003804
-0.00414696
-0.0160426
-0.0272586
-0.0334462
-0.0342475
-0.0331396
-0.032893
-0.0335522
-0.034105
-0.0346268
-0.0351888
-0.0358162
-0.0366824
-0.0368006
-0.0346087
-0.0312564
-0.0285467
-0.0276564
-0.0278021
-0.0280351
-0.0272619
-0.0243076
-0.019695
-0.0129216
-0.00398187
0.00666099
0.0180855
0.0303104
0.0426451
0.0549366
0.0643246
0.0697492
0.0723482
0.0738628
0.074995
0.0757032
0.0734524
0.0661222
0.056475
0.0471456
0.0388532
0.0322066
0.0279618
0.0255267
0.0243234
0.0236447
0.023182
0.0228057
0.0224926
0.0222056
0.0219337
0.0216576
0.0213901
0.0211345
0.0208652
0.0205558
0.0201968
0.0197935
0.0193915
0.0189963
0.0186201
0.0182597
0.0179289
0.0176056
0.0173031
0.0170149
0.0167243
0.0163916
0.016021
0.0155513
0.0151489
0.0146407
0.0142497
0.0137605
0.0133426
0.0128977
0.0124519
0.0120731
0.011614
0.0112225
0.0107721
0.0103905
0.0099477
0.00958798
0.00912904
0.00874252
0.008265
0.00785937
0.00741297
0.00698178
0.00655339
0.00609249
0.00565499
0.00521147
0.00475137
0.00419484
0.00375171
0.00476596
0.00632547
0.00384986
-0.0041714
-0.0160436
-0.0272247
-0.0334084
-0.0343436
-0.0333581
-0.0330911
-0.0336725
-0.0341692
-0.0346589
-0.0352036
-0.0358164
-0.0366353
-0.0366912
-0.0344664
-0.0310255
-0.0282488
-0.0274193
-0.0276664
-0.0280167
-0.0273256
-0.0243946
-0.0197878
-0.0130301
-0.0040608
0.0065993
0.0180722
0.0302985
0.0426863
0.0550524
0.064511
0.069887
0.0724265
0.0738922
0.0749793
0.0755825
0.0732468
0.0659242
0.0562884
0.0470157
0.0387373
0.0321026
0.0278766
0.025473
0.0242923
0.0236326
0.0231759
0.0228047
0.0224917
0.0222063
0.0219332
0.0216584
0.0213892
0.0211344
0.0208633
0.0205555
0.0201957
0.0197935
0.0193913
0.0189973
0.0186204
0.0182609
0.0179289
0.0176065
0.0173024
0.0170149
0.0167225
0.0163914
0.0160199
0.0155512
0.0151483
0.0146411
0.0142493
0.0137609
0.0133422
0.0128981
0.0124516
0.0120735
0.0116137
0.0112228
0.0107718
0.0103909
0.00994742
0.00958836
0.00912878
0.00874289
0.00826473
0.00785975
0.00741266
0.00698218
0.00655303
0.00609282
0.00565466
0.00521249
0.00475641
0.00422776
0.00388003
0.00502018
0.00654137
0.00390216
-0.00419197
-0.0160454
-0.0271959
-0.0333764
-0.034442
-0.033576
-0.0332896
-0.0337937
-0.0342338
-0.034691
-0.0352183
-0.035816
-0.0365885
-0.0365835
-0.0343256
-0.0307924
-0.0279468
-0.0271805
-0.0275301
-0.0279987
-0.0273919
-0.0244839
-0.019883
-0.0131407
-0.00414253
0.00653632
0.0180579
0.0302867
0.0427274
0.0551722
0.0647028
0.0700284
0.072506
0.073922
0.0749637
0.0754643
0.0730459
0.0657271
0.0560999
0.0468837
0.0386198
0.0319962
0.0277892
0.0254176
0.0242605
0.02362
0.0231698
0.0228035
0.0224907
0.022207
0.0219327
0.021659
0.0213884
0.0211343
0.0208614
0.0205551
0.0201946
0.0197934
0.0193911
0.0189983
0.0186206
0.0182621
0.0179288
0.0176074
0.0173016
0.0170148
0.0167206
0.016391
0.0160187
0.015551
0.0151476
0.0146414
0.0142488
0.0137613
0.0133418
0.0128984
0.0124513
0.0120738
0.0116134
0.0112232
0.0107715
0.0103912
0.00994715
0.00958875
0.00912856
0.00874329
0.00826447
0.00786015
0.00741237
0.00698257
0.00655271
0.00609314
0.00565435
0.00521353
0.00476173
0.00426115
0.00400748
0.00527399
0.00676197
0.00396028
-0.00420819
-0.0160474
-0.0271722
-0.0333498
-0.0345421
-0.0337931
-0.0334876
-0.0339151
-0.0342987
-0.0347233
-0.0352331
-0.0358154
-0.0365424
-0.0364781
-0.0341866
-0.0305583
-0.0276418
-0.0269403
-0.0273936
-0.0279818
-0.0274611
-0.024575
-0.0199803
-0.0132536
-0.00422669
0.00647252
0.0180426
0.0302749
0.0427677
0.0552947
0.0648992
0.0701734
0.0725868
0.0739521
0.074948
0.0753482
0.0728502
0.0655326
0.0559107
0.04675
0.0385004
0.0318872
0.0277001
0.0253611
0.0242283
0.0236072
0.0231636
0.0228023
0.0224898
0.0222075
0.0219323
0.0216597
0.0213877
0.0211341
0.0208595
0.0205548
0.0201935
0.0197934
0.019391
0.0189994
0.018621
0.0182634
0.0179289
0.0176084
0.0173011
0.0170148
0.0167189
0.0163907
0.0160176
0.0155509
0.0151471
0.0146417
0.0142484
0.0137617
0.0133415
0.0128988
0.012451
0.012074
0.0116131
0.0112235
0.0107712
0.0103916
0.00994692
0.00958907
0.00912839
0.00874362
0.00826424
0.00786049
0.00741209
0.00698291
0.00655239
0.00609341
0.00565406
0.00521455
0.00476716
0.00429457
0.00413305
0.0055265
0.00698676
0.00402403
-0.00422007
-0.0160496
-0.0271539
-0.0333286
-0.0346435
-0.0340088
-0.0336845
-0.0340362
-0.0343635
-0.0347556
-0.0352482
-0.0358147
-0.0364971
-0.0363752
-0.0340498
-0.0303237
-0.0273348
-0.0266992
-0.0272572
-0.0279662
-0.0275329
-0.0246676
-0.0200796
-0.0133686
-0.00431294
0.0064081
0.0180266
0.030263
0.0428071
0.0554195
0.0650997
0.0703216
0.0726688
0.0739825
0.0749323
0.0752344
0.0726604
0.0653413
0.0557212
0.0466149
0.0383797
0.0317759
0.0276097
0.0253037
0.0241958
0.0235942
0.0231574
0.022801
0.0224889
0.0222081
0.0219318
0.0216603
0.021387
0.0211339
0.0208578
0.0205545
0.0201925
0.0197934
0.0193909
0.0190004
0.0186215
0.0182646
0.0179291
0.0176093
0.0173007
0.0170147
0.0167173
0.0163904
0.0160166
0.0155508
0.0151467
0.0146421
0.0142482
0.0137621
0.0133413
0.0128992
0.0124508
0.0120744
0.0116129
0.0112238
0.010771
0.0103919
0.00994669
0.0095894
0.00912817
0.00874395
0.00826399
0.0078608
0.00741183
0.00698322
0.00655208
0.00609365
0.00565378
0.00521551
0.00477262
0.00432774
0.00425621
0.00577752
0.00721511
0.00409326
-0.00422818
-0.0160528
-0.0271407
-0.0333131
-0.0347462
-0.0342222
-0.03388
-0.0341572
-0.0344281
-0.0347874
-0.0352629
-0.0358137
-0.0364526
-0.0362752
-0.0339159
-0.0300892
-0.0270263
-0.0264583
-0.0271214
-0.0279514
-0.0276069
-0.0247616
-0.0201801
-0.0134847
-0.00440116
0.00634303
0.0180097
0.0302514
0.0428458
0.0555469
0.065304
0.0704722
0.072751
0.0740131
0.0749172
0.0751242
0.0724768
0.0651528
0.0555318
0.0464791
0.0382586
0.0316633
0.0275178
0.025245
0.0241629
0.023581
0.0231512
0.0227996
0.022488
0.0222086
0.0219315
0.0216608
0.0213863
0.0211336
0.020856
0.0205541
0.0201915
0.0197934
0.0193909
0.0190014
0.0186219
0.0182658
0.0179292
0.0176102
0.0173003
0.0170146
0.0167157
0.0163901
0.0160156
0.0155507
0.0151462
0.0146424
0.0142479
0.0137625
0.0133411
0.0128995
0.0124506
0.0120747
0.0116127
0.0112241
0.0107708
0.0103922
0.00994651
0.00958968
0.009128
0.00874423
0.0082638
0.00786108
0.0074116
0.0069835
0.0065518
0.00609388
0.00565353
0.00521647
0.00477822
0.00436074
0.00437692
0.00602591
0.00744626
0.00416744
-0.00423271
-0.0160569
-0.0271328
-0.033303
-0.0348494
-0.0344327
-0.0340733
-0.0342772
-0.0344922
-0.0348188
-0.0352774
-0.0358125
-0.0364092
-0.0361783
-0.0337854
-0.0298555
-0.0267172
-0.0262183
-0.0269866
-0.0279375
-0.0276828
-0.0248567
-0.0202816
-0.0136017
-0.00449083
0.0062776
0.0179922
0.0302401
0.0428837
0.0556763
0.0655115
0.0706248
0.0728336
0.0740439
0.0749026
0.0750175
0.0722998
0.0649678
0.0553429
0.046343
0.0381372
0.0315496
0.0274251
0.0251856
0.0241299
0.0235676
0.023145
0.0227982
0.0224872
0.022209
0.0219311
0.0216613
0.0213857
0.0211332
0.0208543
0.0205536
0.0201905
0.0197933
0.0193908
0.0190023
0.0186223
0.0182668
0.0179293
0.017611
0.0172999
0.0170145
0.0167141
0.0163897
0.0160146
0.0155505
0.0151458
0.0146426
0.0142477
0.0137628
0.0133409
0.0128998
0.0124505
0.012075
0.0116126
0.0112244
0.0107706
0.0103925
0.00994633
0.00958997
0.00912783
0.00874454
0.00826362
0.00786136
0.00741141
0.00698377
0.00655155
0.00609409
0.00565331
0.00521742
0.00478391
0.00439328
0.00449459
0.0062714
0.00767969
0.00424615
-0.00423366
-0.0160617
-0.0271301
-0.0332981
-0.0349529
-0.0346398
-0.0342638
-0.0343959
-0.0345556
-0.0348497
-0.0352918
-0.0358113
-0.0363671
-0.0360848
-0.0336586
-0.0296235
-0.0264083
-0.0259798
-0.026853
-0.0279247
-0.0277606
-0.0249526
-0.0203836
-0.0137192
-0.00458169
0.00621197
0.017974
0.0302289
0.0429203
0.0558071
0.0657216
0.0707791
0.0729163
0.0740747
0.0748886
0.0749144
0.0721297
0.0647871
0.0551552
0.0462069
0.0380159
0.031435
0.0273317
0.0251256
0.0240968
0.0235541
0.0231389
0.0227968
0.0224864
0.0222094
0.0219308
0.0216617
0.0213851
0.0211329
0.0208526
0.0205531
0.0201896
0.0197931
0.0193907
0.0190032
0.0186228
0.0182679
0.0179295
0.0176117
0.0172995
0.0170142
0.0167126
0.0163893
0.0160137
0.0155504
0.0151453
0.0146428
0.0142474
0.0137631
0.0133407
0.0129001
0.0124503
0.0120752
0.0116124
0.0112247
0.0107705
0.0103927
0.00994619
0.00959021
0.0091277
0.00874479
0.00826349
0.00786161
0.00741124
0.00698402
0.00655132
0.00609429
0.00565311
0.00521835
0.00478961
0.00442522
0.00460875
0.00651331
0.0079149
0.0043291
-0.00423111
-0.016067
-0.0271327
-0.0332983
-0.0350563
-0.0348432
-0.0344512
-0.0345129
-0.0346182
-0.0348801
-0.0353059
-0.03581
-0.0363265
-0.035995
-0.033536
-0.0293938
-0.0261004
-0.0257434
-0.0267212
-0.0279129
-0.02784
-0.0250489
-0.020486
-0.0138371
-0.00467352
0.00614624
0.0179551
0.0302178
0.0429556
0.0559389
0.065934
0.0709345
0.0729988
0.0741054
0.0748753
0.0748153
0.071967
0.0646114
0.0549693
0.0460713
0.0378951
0.0313199
0.0272378
0.0250652
0.0240638
0.0235406
0.0231328
0.0227953
0.0224856
0.0222098
0.0219305
0.0216621
0.0213846
0.0211324
0.020851
0.0205525
0.0201886
0.019793
0.0193906
0.019004
0.0186232
0.0182688
0.0179296
0.0176123
0.0172992
0.0170139
0.0167111
0.0163888
0.0160127
0.0155502
0.0151449
0.014643
0.0142472
0.0137634
0.0133406
0.0129004
0.0124502
0.0120755
0.0116123
0.0112249
0.0107703
0.0103929
0.00994605
0.00959045
0.00912756
0.00874507
0.00826335
0.00786185
0.00741109
0.00698425
0.0065511
0.00609446
0.00565293
0.00521926
0.0047953
0.00445638
0.00471913
0.00675125
0.00815146
0.00441571
-0.00422514
-0.0160728
-0.0271403
-0.0333034
-0.0351594
-0.0350423
-0.0346349
-0.0346281
-0.0346798
-0.0349098
-0.0353197
-0.0358087
-0.0362874
-0.0359089
-0.0334179
-0.0291672
-0.0257942
-0.0255099
-0.0265913
-0.0279021
-0.0279209
-0.0251454
-0.0205884
-0.0139549
-0.00476607
0.00608067
0.0179355
0.030207
0.0429894
0.0560713
0.0661479
0.0710907
0.0730807
0.0741359
0.0748628
0.0747202
0.0718121
0.0644408
0.0547856
0.0459366
0.0377752
0.0312046
0.0271439
0.0250046
0.0240309
0.023527
0.0231268
0.0227938
0.0224848
0.0222101
0.0219302
0.0216624
0.0213842
0.021132
0.0208495
0.0205519
0.0201877
0.0197928
0.0193906
0.0190047
0.0186236
0.0182697
0.0179298
0.017613
0.0172989
0.0170137
0.0167097
0.0163883
0.0160118
0.01555
0.0151445
0.0146432
0.0142469
0.0137637
0.0133404
0.0129007
0.0124501
0.0120757
0.0116122
0.0112251
0.0107702
0.0103931
0.00994595
0.00959065
0.00912747
0.00874529
0.00826325
0.00786206
0.00741095
0.00698445
0.0065509
0.00609462
0.00565277
0.00522016
0.00480093
0.00448664
0.00482531
0.00698446
0.008389
0.0045056
-0.00421586
-0.0160791
-0.0271529
-0.0333132
-0.0352617
-0.0352367
-0.0348147
-0.034741
-0.0347402
-0.0349389
-0.0353331
-0.0358073
-0.0362499
-0.0358269
-0.0333048
-0.0289441
-0.0254904
-0.0252797
-0.0264637
-0.0278922
-0.028003
-0.0252418
-0.0206903
-0.0140723
-0.00485907
0.00601536
0.0179152
0.0301964
0.0430217
0.0562039
0.0663629
0.0712472
0.073162
0.0741662
0.0748512
0.0746296
0.0716652
0.0642759
0.0546045
0.0458031
0.0376564
0.0310895
0.0270499
0.0249439
0.0239982
0.0235135
0.0231208
0.0227922
0.0224841
0.0222104
0.0219299
0.0216627
0.0213838
0.0211315
0.020848
0.0205513
0.0201868
0.0197926
0.0193905
0.0190055
0.0186241
0.0182706
0.01793
0.0176135
0.0172987
0.0170133
0.0167083
0.0163878
0.016011
0.0155497
0.0151441
0.0146433
0.0142467
0.0137639
0.0133403
0.0129009
0.0124499
0.0120759
0.0116121
0.0112254
0.0107701
0.0103933
0.00994584
0.00959085
0.00912735
0.00874553
0.00826315
0.00786227
0.00741084
0.00698464
0.00655072
0.00609476
0.00565262
0.00522102
0.0048065
0.00451586
0.00492709
0.00721261
0.00862704
0.0045982
-0.00420343
-0.016086
-0.0271704
-0.0333274
-0.035363
-0.0354261
-0.03499
-0.0348515
-0.0347992
-0.0349672
-0.0353461
-0.035806
-0.0362142
-0.0357489
-0.033197
-0.0287253
-0.0251897
-0.0250536
-0.0263387
-0.0278832
-0.0280862
-0.0253379
-0.0207916
-0.0141889
-0.00495227
0.00595053
0.0178944
0.030186
0.0430521
0.0563363
0.0665785
0.0714035
0.0732423
0.0741962
0.0748404
0.0745434
0.0715265
0.064117
0.0544265
0.0456713
0.0375392
0.0309749
0.0269563
0.0248833
0.0239658
0.0235
0.0231149
0.0227907
0.0224834
0.0222107
0.0219297
0.0216629
0.0213834
0.021131
0.0208466
0.0205507
0.020186
0.0197924
0.0193905
0.0190061
0.0186245
0.0182714
0.0179301
0.0176141
0.0172986
0.017013
0.016707
0.0163872
0.0160101
0.0155495
0.0151438
0.0146434
0.0142465
0.0137641
0.0133402
0.0129011
0.0124499
0.0120761
0.011612
0.0112255
0.0107701
0.0103935
0.00994577
0.00959101
0.00912729
0.00874571
0.00826308
0.00786244
0.00741074
0.0069848
0.00655055
0.0060949
0.00565249
0.00522186
0.00481195
0.00454394
0.00502405
0.00743506
0.00886495
0.00469318
-0.00418802
-0.0160933
-0.0271925
-0.0333458
-0.035463
-0.0356101
-0.0351606
-0.0349593
-0.0348567
-0.0349947
-0.0353587
-0.0358048
-0.0361804
-0.0356752
-0.0330947
-0.0285114
-0.0248928
-0.024832
-0.0262167
-0.0278751
-0.0281701
-0.0254332
-0.0208919
-0.0143045
-0.00504542
0.00588626
0.017873
0.0301759
0.0430808
0.056468
0.0667942
0.0715593
0.0733214
0.0742257
0.0748305
0.0744618
0.0713962
0.0639646
0.0542521
0.0455414
0.0374239
0.0308611
0.0268632
0.0248231
0.0239338
0.0234865
0.0231091
0.0227891
0.0224826
0.0222108
0.0219294
0.0216631
0.0213831
0.0211305
0.0208453
0.02055
0.0201852
0.0197922
0.0193904
0.0190068
0.018625
0.0182722
0.0179303
0.0176146
0.0172984
0.0170127
0.0167059
0.0163866
0.0160093
0.0155493
0.0151435
0.0146435
0.0142464
0.0137643
0.01334
0.0129014
0.0124498
0.0120763
0.0116119
0.0112257
0.01077
0.0103937
0.00994569
0.00959118
0.0091272
0.00874593
0.00826301
0.00786261
0.00741065
0.00698495
0.0065504
0.00609502
0.00565238
0.00522268
0.00481727
0.00457076
0.00511605
0.00765154
0.00910197
0.00479006
-0.0041698
-0.016101
-0.0272192
-0.0333681
-0.0355614
-0.0357882
-0.0353259
-0.0350641
-0.0349124
-0.0350214
-0.0353709
-0.0358036
-0.0361484
-0.0356058
-0.0329982
-0.0283029
-0.0246005
-0.0246156
-0.0260979
-0.0278677
-0.0282545
-0.0255276
-0.0209908
-0.0144186
-0.0051382
0.00582274
0.0178511
0.0301661
0.0431074
0.0565986
0.0670093
0.0717139
0.0733989
0.0742547
0.0748217
0.0743849
0.0712743
0.0638189
0.0540818
0.045414
0.0373109
0.0307485
0.0267709
0.0247633
0.0239024
0.0234732
0.0231034
0.0227874
0.0224819
0.022211
0.0219291
0.0216633
0.0213828
0.02113
0.0208441
0.0205493
0.0201844
0.019792
0.0193904
0.0190074
0.0186254
0.0182729
0.0179305
0.017615
0.0172984
0.0170124
0.0167048
0.016386
0.0160085
0.0155491
0.0151431
0.0146436
0.0142462
0.0137645
0.01334
0.0129015
0.0124497
0.0120764
0.0116119
0.0112259
0.01077
0.0103938
0.00994565
0.00959129
0.00912716
0.00874608
0.00826297
0.00786275
0.00741058
0.00698508
0.00655026
0.00609513
0.00565228
0.00522346
0.00482242
0.00459623
0.00520272
0.00786142
0.00933719
0.00488856
-0.00414897
-0.016109
-0.02725
-0.0333941
-0.0356579
-0.0359599
-0.0354857
-0.0351657
-0.0349663
-0.035047
-0.0353826
-0.0358026
-0.0361184
-0.0355409
-0.0329079
-0.0281005
-0.0243136
-0.0244049
-0.0259826
-0.0278612
-0.028339
-0.0256207
-0.0210879
-0.0145309
-0.00523028
0.00576013
0.0178289
0.0301566
0.043132
0.0567276
0.0672232
0.0718669
0.0734748
0.074283
0.074814
0.0743127
0.0711612
0.0636803
0.053916
0.0452894
0.0372005
0.0306375
0.0266798
0.0247041
0.0238715
0.02346
0.0230978
0.0227858
0.0224813
0.0222111
0.0219289
0.0216634
0.0213825
0.0211295
0.020843
0.0205486
0.0201836
0.0197918
0.0193904
0.019008
0.0186258
0.0182735
0.0179307
0.0176154
0.0172983
0.017012
0.0167038
0.0163854
0.0160078
0.0155489
0.0151429
0.0146437
0.0142461
0.0137647
0.0133399
0.0129017
0.0124497
0.0120766
0.0116119
0.011226
0.0107699
0.0103939
0.0099456
0.00959142
0.00912709
0.00874627
0.00826292
0.00786289
0.00741052
0.00698519
0.00655013
0.00609522
0.0056522
0.0052242
0.00482739
0.00462025
0.00528394
0.00806428
0.00956971
0.00498811
-0.00412577
-0.0161172
-0.0272847
-0.0334234
-0.0357522
-0.0361248
-0.0356394
-0.0352637
-0.0350182
-0.0350716
-0.0353938
-0.0358017
-0.0360905
-0.0354806
-0.0328238
-0.0279049
-0.0240329
-0.0242006
-0.0258713
-0.0278553
-0.0284234
-0.0257122
-0.0211828
-0.014641
-0.00532125
0.00569863
0.0178064
0.0301474
0.0431543
0.0568544
0.0674351
0.0720178
0.0735486
0.0743106
0.0748074
0.0742452
0.0710569
0.0635493
0.0537552
0.0451681
0.037093
0.0305286
0.0265901
0.0246458
0.0238413
0.023447
0.0230922
0.0227842
0.0224806
0.0222111
0.0219286
0.0216635
0.0213823
0.021129
0.020842
0.0205479
0.0201829
0.0197916
0.0193904
0.0190085
0.0186262
0.0182741
0.0179309
0.0176158
0.0172983
0.0170117
0.0167029
0.0163848
0.0160071
0.0155487
0.0151426
0.0146438
0.0142459
0.0137649
0.0133398
0.0129019
0.0124497
0.0120767
0.0116119
0.0112262
0.0107699
0.010394
0.00994558
0.00959151
0.00912707
0.0087464
0.0082629
0.007863
0.00741047
0.00698528
0.00655001
0.00609531
0.00565213
0.00522491
0.00483213
0.00464275
0.00535934
0.00825922
0.00979858
0.0050882
-0.00410045
-0.0161255
-0.0273229
-0.0334557
-0.0358438
-0.0362824
-0.0357865
-0.0353579
-0.0350678
-0.0350951
-0.0354046
-0.0358009
-0.0360647
-0.0354249
-0.0327464
-0.0277168
-0.0237595
-0.0240034
-0.0257644
-0.02785
-0.0285072
-0.0258017
-0.0212751
-0.0147486
-0.00541067
0.00563843
0.0177836
0.0301386
0.0431743
0.0569785
0.0676441
0.0721658
0.0736201
0.0743374
0.074802
0.0741826
0.0709617
0.0634262
0.0536001
0.0450507
0.0369889
0.030422
0.0265022
0.0245886
0.023812
0.0234343
0.0230868
0.0227825
0.0224799
0.0222111
0.0219284
0.0216636
0.0213821
0.0211285
0.020841
0.0205471
0.0201822
0.0197914
0.0193904
0.019009
0.0186266
0.0182747
0.0179311
0.0176162
0.0172983
0.0170114
0.0167021
0.0163841
0.0160064
0.0155485
0.0151424
0.0146438
0.0142458
0.013765
0.0133398
0.0129021
0.0124496
0.0120768
0.0116118
0.0112263
0.0107699
0.0103941
0.00994554
0.0095916
0.00912701
0.00874655
0.00826287
0.00786311
0.00741044
0.00698535
0.00654991
0.00609539
0.00565207
0.00522559
0.00483663
0.00466363
0.00542884
0.00844565
0.0100227
0.00518812
-0.00407326
-0.0161337
-0.0273642
-0.0334905
-0.0359323
-0.0364322
-0.0359265
-0.0354479
-0.0351151
-0.0351173
-0.0354147
-0.0358004
-0.0360411
-0.035374
-0.0326757
-0.027537
-0.0234945
-0.0238143
-0.0256621
-0.0278452
-0.0285899
-0.0258886
-0.0213642
-0.0148532
-0.00549808
0.00557979
0.0177608
0.0301302
0.0431918
0.0570992
0.0678493
0.0723102
0.0736888
0.0743632
0.0747977
0.074125
0.0708756
0.0633115
0.0534513
0.0449379
0.0368887
0.0303185
0.0264166
0.0245327
0.0237835
0.0234219
0.0230816
0.0227808
0.0224792
0.0222111
0.0219282
0.0216636
0.021382
0.021128
0.0208402
0.0205463
0.0201815
0.0197912
0.0193904
0.0190094
0.0186269
0.0182752
0.0179312
0.0176165
0.0172983
0.0170111
0.0167014
0.0163834
0.0160057
0.0155484
0.0151422
0.0146439
0.0142457
0.0137652
0.0133397
0.0129022
0.0124496
0.0120769
0.0116119
0.0112264
0.0107699
0.0103942
0.00994555
0.00959165
0.009127
0.00874666
0.00826287
0.00786319
0.00741041
0.00698541
0.00654981
0.00609546
0.00565201
0.00522622
0.00484085
0.00468284
0.00549205
0.00862255
0.0102408
0.00528721
-0.00404444
-0.0161416
-0.027408
-0.033527
-0.0360173
-0.0365739
-0.036059
-0.0355334
-0.0351598
-0.0351384
-0.0354244
-0.0358
-0.0360198
-0.035328
-0.0326121
-0.0273664
-0.0232394
-0.0236343
-0.0255648
-0.0278407
-0.0286707
-0.0259725
-0.0214496
-0.0149544
-0.005583
0.00552293
0.017738
0.0301222
0.0432069
0.0572157
0.0680494
0.0724501
0.0737544
0.0743878
0.0747946
0.0740725
0.0707987
0.0632058
0.0533096
0.0448303
0.0367928
0.0302182
0.0263336
0.0244784
0.023756
0.0234097
0.0230764
0.0227792
0.0224786
0.022211
0.0219279
0.0216636
0.0213818
0.0211276
0.0208395
0.0205456
0.0201809
0.019791
0.0193904
0.0190098
0.0186273
0.0182757
0.0179314
0.0176168
0.0172984
0.0170109
0.0167007
0.0163828
0.0160052
0.0155482
0.015142
0.0146439
0.0142456
0.0137653
0.0133397
0.0129023
0.0124496
0.012077
0.0116119
0.0112265
0.0107699
0.0103943
0.00994552
0.00959172
0.00912696
0.00874679
0.00826286
0.00786328
0.00741039
0.00698546
0.00654973
0.00609551
0.00565198
0.0052268
0.00484478
0.00470029
0.0055489
0.00878915
0.0104512
0.00538458
-0.0040142
-0.0161489
-0.0274534
-0.0335646
-0.0360979
-0.0367072
-0.0361833
-0.0356141
-0.0352017
-0.0351582
-0.0354334
-0.0358
-0.0360008
-0.0352869
-0.0325556
-0.027206
-0.0229962
-0.0234641
-0.0254728
-0.0278363
-0.0287487
-0.0260523
-0.0215308
-0.0150518
-0.00566505
0.00546803
0.0177153
0.0301146
0.0432194
0.0573271
0.0682429
0.0725842
0.0738163
0.0744109
0.0747926
0.0740254
0.0707315
0.0631101
0.0531762
0.0447289
0.0367019
0.0301218
0.0262535
0.0244259
0.0237296
0.023398
0.0230714
0.0227775
0.0224779
0.0222108
0.0219276
0.0216636
0.0213817
0.0211271
0.0208388
0.0205449
0.0201804
0.0197908
0.0193904
0.0190102
0.0186276
0.0182762
0.0179316
0.017617
0.0172985
0.0170106
0.0167002
0.0163822
0.0160046
0.0155481
0.0151419
0.0146439
0.0142455
0.0137654
0.0133397
0.0129025
0.0124497
0.0120771
0.0116119
0.0112266
0.01077
0.0103943
0.00994554
0.00959174
0.00912696
0.00874687
0.00826287
0.00786333
0.00741038
0.00698549
0.00654965
0.00609557
0.00565195
0.00522734
0.00484838
0.00471593
0.0055991
0.00894435
0.0106521
0.00547935
-0.00398247
-0.0161551
-0.0274994
-0.033602
-0.0361738
-0.0368321
-0.0362994
-0.0356898
-0.0352409
-0.0351766
-0.035442
-0.0358002
-0.0359842
-0.0352509
-0.0325065
-0.027057
-0.0227666
-0.0233046
-0.0253863
-0.0278314
-0.0288228
-0.0261271
-0.0216074
-0.0151453
-0.00574409
0.00541514
0.0176928
0.0301072
0.0432293
0.0574326
0.0684281
0.0727114
0.0738739
0.0744324
0.0747916
0.0739842
0.0706746
0.0630252
0.0530525
0.0446348
0.0366167
0.0300292
0.0261764
0.0243752
0.0237042
0.0233865
0.0230664
0.0227757
0.0224772
0.0222106
0.0219274
0.0216635
0.0213816
0.0211267
0.0208383
0.0205442
0.0201798
0.0197907
0.0193904
0.0190105
0.0186279
0.0182766
0.0179317
0.0176173
0.0172986
0.0170104
0.0166998
0.0163816
0.0160042
0.015548
0.0151418
0.0146439
0.0142455
0.0137655
0.0133397
0.0129026
0.0124497
0.0120772
0.0116119
0.0112267
0.01077
0.0103944
0.00994553
0.00959178
0.00912692
0.00874698
0.00826286
0.00786338
0.00741038
0.00698551
0.00654959
0.0060956
0.00565193
0.00522783
0.00485165
0.00472968
0.0056427
0.00908758
0.0108415
0.00557049
-0.00394844
-0.0161592
-0.0275445
-0.0336377
-0.036245
-0.0369487
-0.0364076
-0.0357607
-0.0352775
-0.0351937
-0.0354501
-0.0358007
-0.0359702
-0.0352201
-0.0324649
-0.0269203
-0.0225528
-0.0231565
-0.025305
-0.027825
-0.0288916
-0.0261952
-0.0216791
-0.015235
-0.00582062
0.00536405
0.0176704
0.0300999
0.0432366
0.0575317
0.0686031
0.07283
0.0739264
0.0744519
0.0747915
0.0739497
0.0706293
0.0629526
0.0529406
0.0445493
0.0365377
0.0299401
0.0261018
0.0243261
0.0236798
0.0233753
0.0230616
0.022774
0.0224764
0.0222104
0.0219271
0.0216634
0.0213815
0.0211264
0.0208378
0.0205435
0.0201794
0.0197905
0.0193904
0.0190108
0.0186282
0.0182769
0.0179319
0.0176175
0.0172987
0.0170102
0.0166994
0.0163811
0.0160037
0.0155479
0.0151417
0.014644
0.0142454
0.0137656
0.0133397
0.0129027
0.0124497
0.0120772
0.0116119
0.0112267
0.01077
0.0103944
0.00994556
0.00959177
0.00912694
0.00874703
0.00826289
0.0078634
0.00741038
0.00698551
0.00654952
0.00609563
0.00565192
0.00522826
0.00485452
0.00474153
0.00567957
0.00921858
0.0110177
0.00565802
-0.00391026
-0.0161596
-0.0275865
-0.0336701
-0.0363122
-0.0370592
-0.0365095
-0.0358273
-0.0353118
-0.0352097
-0.0354578
-0.0358016
-0.0359588
-0.0351944
-0.0324306
-0.0267959
-0.0223561
-0.0230201
-0.0252263
-0.027816
-0.0289535
-0.0262545
-0.021747
-0.0153228
-0.00589619
0.0053141
0.0176478
0.0300925
0.0432412
0.0576241
0.0687668
0.0729386
0.0739732
0.0744692
0.0747923
0.0739232
0.0705981
0.0628944
0.0528425
0.0444741
0.036464
0.0298525
0.0260281
0.024278
0.0236558
0.0233641
0.0230567
0.0227721
0.0224756
0.0222101
0.0219268
0.0216633
0.0213815
0.021126
0.0208374
0.0205429
0.020179
0.0197904
0.0193905
0.019011
0.0186285
0.0182772
0.017932
0.0176176
0.0172988
0.01701
0.0166992
0.0163806
0.0160034
0.0155478
0.0151416
0.014644
0.0142454
0.0137657
0.0133397
0.0129028
0.0124497
0.0120773
0.011612
0.0112268
0.0107701
0.0103944
0.00994557
0.00959178
0.00912691
0.00874711
0.0082629
0.00786343
0.0074104
0.00698551
0.00654947
0.00609565
0.00565192
0.00522863
0.00485702
0.00475143
0.00571009
0.00933938
0.0111813
0.00574429
-0.0038634
-0.0161541
-0.0276243
-0.0336982
-0.0363778
-0.0371694
-0.0366086
-0.0358911
-0.0353444
-0.035225
-0.0354652
-0.0358029
-0.03595
-0.035174
-0.0324034
-0.0266822
-0.022176
-0.0228933
-0.0251453
-0.0278023
-0.0290072
-0.0263036
-0.0218135
-0.0154147
-0.00597432
0.0052639
0.0176243
0.0300844
0.0432433
0.0577116
0.0689198
0.0730368
0.0740141
0.0744842
0.0747938
0.0739076
0.0705862
0.0628526
0.0527592
0.0444108
0.0363928
0.029761
0.0259516
0.0242293
0.0236316
0.0233528
0.0230516
0.02277
0.0224747
0.0222097
0.0219266
0.0216632
0.0213814
0.0211258
0.0208371
0.0205425
0.0201787
0.0197903
0.0193905
0.0190112
0.0186287
0.0182775
0.0179321
0.0176178
0.0172989
0.0170099
0.016699
0.0163802
0.0160031
0.0155478
0.0151416
0.014644
0.0142453
0.0137658
0.0133397
0.0129028
0.0124498
0.0120773
0.011612
0.0112268
0.0107701
0.0103944
0.00994562
0.00959173
0.00912694
0.00874712
0.00826293
0.00786343
0.00741041
0.00698549
0.00654942
0.00609567
0.00565193
0.00522894
0.00485908
0.00475943
0.00573459
0.00945667
0.0113387
0.00583548
-0.00379815
-0.0161407
-0.0276602
-0.0337223
-0.0364479
-0.0372906
-0.0367112
-0.0359542
-0.0353763
-0.03524
-0.0354722
-0.0358047
-0.0359439
-0.0351587
-0.0323828
-0.0265719
-0.0220053
-0.0227701
-0.0250526
-0.0277815
-0.0290542
-0.0263434
-0.0218847
-0.0155222
-0.00606123
0.00521134
0.0175993
0.0300752
0.0432433
0.0578012
0.0690694
0.0731268
0.074051
0.074498
0.0747964
0.0739069
0.0706023
0.0628281
0.052688
0.0443594
0.0363177
0.0296537
0.0258661
0.024178
0.0236063
0.0233408
0.0230462
0.0227678
0.0224737
0.0222093
0.0219264
0.0216632
0.0213814
0.0211256
0.020837
0.0205421
0.0201785
0.0197903
0.0193906
0.0190114
0.0186289
0.0182776
0.0179322
0.0176179
0.0172991
0.0170098
0.0166989
0.0163798
0.0160028
0.0155477
0.0151416
0.014644
0.0142453
0.0137658
0.0133397
0.0129029
0.0124498
0.0120773
0.0116121
0.0112268
0.0107702
0.0103944
0.00994562
0.00959172
0.0091269
0.00874718
0.00826294
0.00786343
0.00741044
0.00698546
0.00654939
0.00609567
0.00565194
0.00522917
0.00486074
0.0047656
0.00575463
0.00959061
0.0115097
0.00594249
-0.00370257
-0.0161224
-0.0277044
-0.0337472
-0.0365355
-0.0374434
-0.0368266
-0.0360192
-0.0354079
-0.0352548
-0.035479
-0.0358069
-0.0359401
-0.0351482
-0.0323677
-0.0264456
-0.0218225
-0.022638
-0.0249361
-0.0277567
-0.0291052
-0.0263791
-0.0219732
-0.0156656
-0.00616577
0.0051538
0.0175723
0.0300649
0.0432421
0.0579124
0.0692387
0.0732176
0.074088
0.0745128
0.0748007
0.073924
0.0706533
0.0628159
0.0526174
0.0443144
0.0362259
0.0295102
0.0257626
0.0241213
0.0235794
0.0233283
0.0230407
0.0227655
0.0224728
0.022209
0.0219262
0.0216631
0.0213815
0.0211255
0.0208369
0.0205418
0.0201783
0.0197902
0.0193907
0.0190115
0.018629
0.0182778
0.0179323
0.017618
0.0172992
0.0170098
0.0166988
0.0163796
0.0160027
0.0155477
0.0151416
0.0146441
0.0142453
0.0137659
0.0133397
0.012903
0.0124499
0.0120773
0.0116121
0.0112268
0.0107703
0.0103944
0.00994568
0.00959165
0.00912691
0.00874717
0.00826297
0.0078634
0.00741047
0.00698543
0.00654935
0.00609567
0.00565196
0.00522935
0.00486194
0.00477007
0.00577279
0.00978489
0.0117442
0.00607141
-0.0035822
-0.0161192
-0.027785
-0.0337797
-0.0366667
-0.0376564
-0.0369604
-0.0360877
-0.0354386
-0.0352684
-0.035485
-0.0358091
-0.0359383
-0.0351419
-0.032357
-0.0262602
-0.0215773
-0.0224898
-0.0248007
-0.0277478
-0.0291889
-0.0264176
-0.022105
-0.0158731
-0.006293
0.00508994
0.0175444
0.0300544
0.0432413
0.0580879
0.0694787
0.0733269
0.07413
0.074531
0.0748079
0.0739455
0.0707266
0.0627922
0.0525173
0.0442684
0.0360914
0.0293027
0.025636
0.024058
0.0235516
0.0233161
0.0230355
0.0227634
0.022472
0.0222087
0.0219261
0.0216631
0.0213816
0.0211254
0.0208369
0.0205416
0.0201783
0.0197902
0.0193908
0.0190116
0.0186292
0.0182779
0.0179324
0.0176181
0.0172993
0.0170098
0.0166988
0.0163795
0.0160026
0.0155478
0.0151416
0.0146442
0.0142453
0.0137659
0.0133397
0.012903
0.01245
0.0120773
0.0116122
0.0112268
0.0107703
0.0103943
0.00994574
0.00959157
0.00912693
0.00874712
0.00826303
0.00786336
0.00741051
0.00698539
0.00654931
0.00609567
0.00565198
0.00522947
0.00486273
0.00477296
0.00579149
0.0100514
0.0120706
0.00619014
-0.00346946
-0.0161601
-0.0279087
-0.0337987
-0.0368602
-0.0379144
-0.0370794
-0.0361462
-0.0354635
-0.0352784
-0.0354889
-0.0358107
-0.0359379
-0.0351393
-0.0323509
-0.0260012
-0.0212443
-0.0223602
-0.0246794
-0.0277839
-0.0293129
-0.0264386
-0.0222984
-0.0161288
-0.00640938
0.00503382
0.0175207
0.0300459
0.0432422
0.058341
0.0698093
0.0734493
0.0741717
0.0745486
0.0748165
0.0739475
0.0707952
0.0627313
0.0523796
0.0442426
0.035896
0.0290468
0.0255199
0.0240022
0.023528
0.0233067
0.0230319
0.0227621
0.0224716
0.0222086
0.0219262
0.0216632
0.0213817
0.0211255
0.0208369
0.0205416
0.0201783
0.0197903
0.0193909
0.0190117
0.0186292
0.018278
0.0179325
0.0176181
0.0172993
0.0170098
0.0166988
0.0163794
0.0160025
0.0155478
0.0151415
0.0146443
0.0142452
0.013766
0.0133398
0.0129031
0.0124501
0.0120772
0.0116123
0.0112268
0.0107704
0.0103943
0.00994582
0.00959146
0.00912699
0.00874702
0.00826308
0.00786329
0.00741052
0.00698536
0.00654927
0.00609568
0.00565199
0.00522954
0.0048631
0.0047744
0.00580432
)
;

boundaryField
{
    inlet
    {
        type            cyclic;
    }
    outlet
    {
        type            cyclic;
    }
    bottomWall
    {
        type            zeroGradient;
    }
    topWall
    {
        type            zeroGradient;
    }
    frontAndBack
    {
        type            empty;
    }
}


// ************************************************************************* //
