/*--------------------------------*- C++ -*----------------------------------*\
  =========                 |
  \\      /  F ield         | OpenFOAM: The Open Source CFD Toolbox
   \\    /   O peration     | Website:  https://openfoam.org
    \\  /    A nd           | Version:  11
     \\/     M anipulation  |
\*---------------------------------------------------------------------------*/
FoamFile
{
    format      ascii;
    class       volVectorField;
    location    "700";
    object      wallShearStress;
}
// * * * * * * * * * * * * * * * * * * * * * * * * * * * * * * * * * * * * * //

dimensions      [0 2 -2 0 0 0 0];

internalField   uniform (0 0 0);

boundaryField
{
    inlet
    {
        type            cyclic;
    }
    outlet
    {
        type            cyclic;
    }
    bottomWall
    {
        type            calculated;
        value           nonuniform List<vector> 
100
(
(-0.303103 -0.000121404 0)
(-0.303181 3.04462e-05 0)
(-0.302107 4.6934e-05 0)
(-0.302214 -1.31708e-05 0)
(-0.302107 -1.51028e-05 0)
(-0.303223 -6.14477e-05 0)
(-0.303157 -4.69434e-05 0)
(-0.303398 6.69925e-05 0)
(-0.302183 0.0001202 0)
(-0.301803 4.82756e-05 0)
(-0.301688 2.04734e-05 0)
(-0.301653 9.11556e-06 0)
(-0.301641 3.18467e-06 0)
(-0.301621 -5.79243e-05 0)
(-0.302058 -5.72477e-05 0)
(-0.302043 -3.81736e-05 0)
(-0.303206 -5.5088e-05 0)
(-0.303621 -2.66774e-05 0)
(-0.303719 -2.11646e-05 0)
(-0.303198 -2.66652e-05 0)
(-0.303401 -1.71705e-05 0)
(-0.303476 -7.02375e-06 0)
(-0.303508 -2.57404e-06 0)
(-0.303524 -8.27053e-07 0)
(-0.303533 -5.42965e-08 0)
(-0.303535 -2.92493e-08 0)
(-0.303534 -8.73053e-08 0)
(-0.303529 -8.9724e-08 0)
(-0.303527 1.48686e-08 0)
(-0.303525 6.35782e-08 0)
(-0.303524 4.94428e-08 0)
(-0.303525 -1.62768e-08 0)
(-0.303525 -2.43394e-07 0)
(-0.303525 -5.22575e-07 0)
(-0.303523 -6.71613e-07 0)
(-0.30352 -5.71566e-07 0)
(-0.303517 -3.23004e-07 0)
(-0.303515 -2.43096e-07 0)
(-0.303517 9.1656e-05 0)
(-0.302222 0.00013087 0)
(-0.30182 5.4256e-05 0)
(-0.301701 2.29871e-05 0)
(-0.301667 1.03767e-05 0)
(-0.301657 4.52498e-06 0)
(-0.301652 1.80025e-06 0)
(-0.301647 7.21144e-07 0)
(-0.301644 3.27585e-07 0)
(-0.301643 2.22185e-07 0)
(-0.301642 1.5626e-07 0)
(-0.301643 1.15455e-07 0)
(-0.301643 5.31507e-08 0)
(-0.301644 4.92404e-08 0)
(-0.301644 1.10943e-08 0)
(-0.301644 2.51744e-08 0)
(-0.301645 -8.25975e-10 0)
(-0.301645 2.50531e-08 0)
(-0.301645 1.55791e-09 0)
(-0.301646 2.45869e-08 0)
(-0.301645 6.93946e-09 0)
(-0.301645 1.86534e-08 0)
(-0.301645 9.70644e-09 0)
(-0.301646 1.7771e-08 0)
(-0.301646 3.60276e-10 0)
(-0.301646 1.25601e-08 0)
(-0.301646 -7.59612e-09 0)
(-0.301647 1.34905e-08 0)
(-0.301647 -6.67264e-09 0)
(-0.301647 2.04772e-08 0)
(-0.301648 -1.09678e-09 0)
(-0.301648 2.23189e-08 0)
(-0.301648 4.95806e-09 0)
(-0.301648 1.56953e-08 0)
(-0.301648 7.69416e-09 0)
(-0.301648 1.31876e-08 0)
(-0.301648 4.83047e-09 0)
(-0.301648 1.03028e-08 0)
(-0.301648 7.21848e-10 0)
(-0.301648 1.02442e-08 0)
(-0.301648 -9.33671e-10 0)
(-0.301648 8.5319e-09 0)
(-0.301648 -3.0452e-09 0)
(-0.301649 5.68587e-09 0)
(-0.301648 -4.58618e-09 0)
(-0.301649 5.04728e-09 0)
(-0.301649 -4.97393e-09 0)
(-0.301649 3.93905e-09 0)
(-0.301648 -6.82491e-09 0)
(-0.301648 4.35835e-09 0)
(-0.301648 -8.65459e-09 0)
(-0.301648 1.83748e-09 0)
(-0.301648 -6.42037e-09 0)
(-0.301648 2.89844e-09 0)
(-0.301648 -5.74208e-09 0)
(-0.301648 3.26956e-09 0)
(-0.301648 -7.97083e-09 0)
(-0.301648 -2.27218e-09 0)
(-0.301648 -2.9747e-08 0)
(-0.301648 -8.7616e-08 0)
(-0.301646 -5.02122e-07 0)
(-0.301625 -8.56193e-05 0)
)
;
    }
    topWall
    {
        type            calculated;
        value           nonuniform List<vector> 
100
(
(-0.303467 -9.29374e-05 0)
(-0.302184 -0.000127197 0)
(-0.301811 7.49073e-06 0)
(-0.302142 3.52055e-05 0)
(-0.302095 2.94034e-05 0)
(-0.303176 5.01414e-05 0)
(-0.303582 2.42785e-05 0)
(-0.30367 1.98785e-05 0)
(-0.303192 2.60384e-05 0)
(-0.30338 1.72152e-05 0)
(-0.303442 7.25462e-06 0)
(-0.303463 2.94367e-06 0)
(-0.303473 1.1157e-06 0)
(-0.30348 1.96911e-07 0)
(-0.303488 -2.75633e-07 0)
(-0.303495 -4.71751e-07 0)
(-0.303501 -5.61575e-07 0)
(-0.303505 -3.64209e-07 0)
(-0.303505 -9.10741e-05 0)
(-0.302212 -0.000128335 0)
(-0.301814 6.89554e-06 0)
(-0.302132 3.48558e-05 0)
(-0.302081 2.88877e-05 0)
(-0.303171 4.99331e-05 0)
(-0.303576 2.40574e-05 0)
(-0.303665 1.96265e-05 0)
(-0.303189 2.56696e-05 0)
(-0.303382 1.67504e-05 0)
(-0.303447 6.81317e-06 0)
(-0.303472 2.61379e-06 0)
(-0.303482 1.01738e-06 0)
(-0.303486 2.8793e-07 0)
(-0.303488 -9.05293e-05 0)
(-0.302202 -0.000128855 0)
(-0.301824 -5.19064e-05 0)
(-0.301717 -2.11341e-05 0)
(-0.301687 -9.12367e-06 0)
(-0.301678 -3.15924e-06 0)
(-0.30166 5.77581e-05 0)
(-0.302092 5.67352e-05 0)
(-0.302071 3.76676e-05 0)
(-0.303166 5.42796e-05 0)
(-0.30357 2.6002e-05 0)
(-0.303658 2.0483e-05 0)
(-0.303179 2.60765e-05 0)
(-0.303369 1.69034e-05 0)
(-0.303433 6.83904e-06 0)
(-0.303457 2.64982e-06 0)
(-0.303468 1.05824e-06 0)
(-0.303473 4.06808e-07 0)
(-0.303475 1.42713e-07 0)
(-0.303476 4.68316e-08 0)
(-0.303477 9.29374e-10 0)
(-0.303478 -4.37781e-09 0)
(-0.303478 -1.54307e-08 0)
(-0.303479 -1.31274e-08 0)
(-0.303479 -1.00837e-08 0)
(-0.303479 2.55789e-09 0)
(-0.303479 1.06505e-08 0)
(-0.303479 1.35489e-08 0)
(-0.303479 3.34278e-09 0)
(-0.30348 -6.84239e-09 0)
(-0.30348 -1.61405e-08 0)
(-0.30348 -1.45776e-08 0)
(-0.30348 -2.1611e-08 0)
(-0.303481 -1.41434e-08 0)
(-0.303481 -1.81752e-08 0)
(-0.303481 -1.30157e-08 0)
(-0.303481 -8.90064e-09 0)
(-0.303482 3.59261e-09 0)
(-0.303482 1.29389e-08 0)
(-0.303482 1.38689e-08 0)
(-0.303481 1.13703e-08 0)
(-0.303482 -5.20118e-09 0)
(-0.303482 4.63233e-09 0)
(-0.303482 -6.06733e-09 0)
(-0.303482 -1.4434e-10 0)
(-0.303482 -4.56024e-09 0)
(-0.303482 -5.25439e-09 0)
(-0.303482 2.08564e-09 0)
(-0.303482 -8.33769e-09 0)
(-0.303482 3.4858e-09 0)
(-0.303482 -5.23412e-09 0)
(-0.303482 2.36857e-09 0)
(-0.303482 -3.88939e-09 0)
(-0.303482 7.16776e-09 0)
(-0.303482 -4.01713e-09 0)
(-0.303482 9.73146e-09 0)
(-0.303482 -4.63712e-09 0)
(-0.303482 6.92872e-09 0)
(-0.303482 -2.1684e-09 0)
(-0.303482 1.9088e-09 0)
(-0.303482 1.21056e-09 0)
(-0.303482 2.00074e-09 0)
(-0.303482 5.58105e-10 0)
(-0.303482 -2.02253e-09 0)
(-0.303482 -1.80736e-08 0)
(-0.303482 -6.0691e-08 0)
(-0.303482 -1.80037e-07 0)
(-0.303484 -2.34133e-06 0)
)
;
    }
    frontAndBack
    {
        type            empty;
    }
}


// ************************************************************************* //
